19/05/2022	15:00

Si\Pt3\(Co88Tb12)75\Pt3-20220518_APEJ4

Field	Kepco	Channel A	Channel B	Agilent	0	RF out	Monitor+	Monitor-	Time
8265.94	7	4.376239	-1.445003	0.005989	0	0.005782	-0.212787	0.066566	2.949315E+9
8204.61	6.8	4.379235	-1.44933	0.006064	0	0.006108	-0.212787	0.06642	2.949316E+9
8128.37	6.6	4.380021	-1.446569	0.005739	0	0.006831	-0.212787	0.066158	2.949317E+9
8037.67	6.4	4.3771	-1.445253	0.006126	0	0.006868	-0.212787	0.066192	2.949318E+9
7932.95	6.2	4.375378	-1.44522	0.006311	0	0.006715	-0.212787	0.066203	2.949319E+9
7814.63	6	4.373192	-1.441855	0.006273	0	0.007074	-0.212787	0.066288	2.94932E+9
7683.15	5.8	4.371187	-1.442677	0.006338	0	0.006815	-0.212787	0.066174	2.949321E+9
7538.96	5.6	4.367078	-1.442758	0.006497	0	0.006881	-0.212787	0.066093	2.949322E+9
7382.49	5.4	4.365989	-1.441803	0.006831	0	0.007642	-0.212787	0.066131	2.949323E+9
7214.18	5.2	4.363335	-1.439178	0.006454	0	0.007038	-0.212787	0.066326	2.949324E+9
7034.46	5	4.359401	-1.438547	0.006776	0	0.00642	-0.212787	0.066285	2.949325E+9
6843.76	4.8	4.355226	-1.436939	0.007041	0	0.006511	-0.212787	0.066478	2.949326E+9
6642.54	4.6	4.352403	-1.436484	0.006828	0	0.006814	-0.212787	0.066178	2.949327E+9
6431.22	4.4	4.348059	-1.43433	0.006347	0	0.006324	-0.212787	0.066201	2.949328E+9
6210.24	4.2	4.346405	-1.434633	0.006117	0	0.006164	-0.212787	0.066145	2.949329E+9
5980.04	4	4.338024	-1.433408	0.006079	0	0.005841	-0.212787	0.066519	2.94933E+9
5741.05	3.8	4.338839	-1.431319	0.006675	0	0.006739	-0.212787	0.066324	2.949331E+9
5493.71	3.6	4.333937	-1.431627	0.006384	0	0.006248	-0.212787	0.066579	2.949332E+9
5238.46	3.4	4.331084	-1.430263	0.006084	0	0.005979	-0.212787	0.066545	2.949333E+9
4975.74	3.2	4.329167	-1.430611	0.005722	0	0.006696	-0.212787	0.066494	2.949334E+9
4705.98	3	4.327949	-1.428996	0.005852	0	0.005941	-0.212787	0.066211	2.949335E+9
4429.62	2.8	4.323729	-1.425562	0.006015	0	0.006113	-0.212787	0.066218	2.949336E+9
4147.09	2.6	4.324365	-1.425393	0.006065	0	0.006305	-0.212787	0.066204	2.949337E+9
3858.83	2.4	4.321091	-1.424093	0.006654	0	0.006697	-0.212787	0.066339	2.949338E+9
3565.29	2.2	4.317475	-1.424483	0.006796	0	0.006296	-0.212787	0.066532	2.949339E+9
3266.89	2	4.313781	-1.424084	0.006757	0	0.00614	-0.212787	0.066245	2.94934E+9
2964.07	1.8	4.312845	-1.423567	0.007061	0	0.006637	-0.212787	0.066402	2.949341E+9
2657.27	1.6	4.309902	-1.421816	0.006623	0	0.006713	-0.212787	0.066189	2.949342E+9
2346.93	1.4	4.304951	-1.422687	0.007287	0	0.006421	-0.212787	0.066118	2.949343E+9
2033.48	1.2	4.303758	-1.41922	0.00688	0	0.00615	-0.212787	0.066448	2.949344E+9
1717.37	1	4.304187	-1.423307	0.006443	0	0.006894	-0.212787	0.066547	2.949345E+9
1399.02	0.8	4.300548	-1.420221	0.006808	0	0.006561	-0.212787	0.066245	2.949346E+9
1078.87	0.6	4.298212	-1.419301	0.006744	0	0.006616	-0.212787	0.066558	2.949347E+9
757.37	0.4	4.293456	-1.41795	0.007104	0	0.006216	-0.212787	0.066514	2.949348E+9
434.94	0.2	4.289873	-1.41719	0.006646	0	0.007197	-0.212787	0.066584	2.949349E+9
112.03	0	4.285078	-1.41617	0.006514	0	0.006565	-0.212787	0.066475	2.94935E+9
-210.93	-0.2	4.282098	-1.413509	0.006449	0	0.006732	-0.212787	0.066332	2.949351E+9
-533.51	-0.4	4.273749	-1.407437	0.006622	0	0.006765	-0.212787	0.066258	2.949352E+9
-855.25	-0.6	4.264626	-1.40643	0.006948	0	0.006579	-0.212787	0.066412	2.949353E+9
-1175.74	-0.8	4.255013	-1.402346	0.007243	0	0.006558	-0.212787	0.066289	2.949354E+9
-1494.53	-1	4.241205	-1.39886	0.0077	0	0.006371	-0.212787	0.066244	2.949355E+9
-1811.18	-1.2	4.21603	-1.389711	0.006166	0	0.006496	-0.212787	0.066387	2.949356E+9
-2125.26	-1.4	4.179624	-1.376541	0.007013	0	0.006818	-0.212787	0.066099	2.949357E+9
-2436.33	-1.6	4.110931	-1.354689	0.006922	0	0.006313	-0.212787	0.06631	2.949358E+9
-2743.95	-1.8	3.939069	-1.297592	0.006169	0	0.006098	-0.212787	0.066203	2.949359E+9
-3047.69	-2	3.508919	-1.154761	0.00515	0	0.00572	-0.212787	0.066253	2.94936E+9
-3347.11	-2.2	2.759694	-0.903665	0.004419	0	0.004326	-0.212787	0.066452	2.949361E+9
-3641.77	-2.4	1.808025	-0.586491	0.002729	0	0.002637	-0.212787	0.066731	2.949362E+9
-3931.24	-2.6	0.814258	-0.259097	0.001717	0	0.001905	-0.212787	0.066264	2.949363E+9
-4215.08	-2.8	-0.150791	0.067353	-9E-5	0	-3.7E-5	-0.212787	0.066621	2.949364E+9
-4492.85	-3	-1.070887	0.376054	-0.000891	0	-0.000631	-0.212787	0.066607	2.949365E+9
-4764.12	-3.2	-1.92448	0.656818	-0.001438	0	-0.001586	-0.212787	0.066371	2.949366E+9
-5028.44	-3.4	-2.693865	0.908652	-0.003526	0	-0.002673	-0.212787	0.066606	2.949367E+9
-5285.39	-3.6	-3.313178	1.115783	-0.003582	0	-0.003604	-0.212787	0.066553	2.949368E+9
-5534.53	-3.8	-3.725322	1.25436	-0.004849	0	-0.00355	-0.212787	0.066681	2.949369E+9
-5775.41	-4	-3.930338	1.318901	-0.003279	0	-0.004184	-0.212787	0.066439	2.94937E+9
-6007.6	-4.2	-4.015908	1.35071	-0.004052	0	-0.004328	-0.212787	0.066392	2.949371E+9
-6230.67	-4.4	-4.056713	1.361665	-0.003432	0	-0.003902	-0.212787	0.066742	2.949372E+9
-6444.17	-4.6	-4.08284	1.370456	-0.00342	0	-0.003913	-0.212787	0.066347	2.949373E+9
-6647.68	-4.8	-4.110864	1.380866	-0.004063	0	-0.004699	-0.212787	0.066739	2.949374E+9
-6840.75	-5	-4.139746	1.387516	-0.004222	0	-0.004128	-0.212787	0.066708	2.949375E+9
-7022.95	-5.2	-4.171451	1.39915	-0.004363	0	-0.004462	-0.212787	0.066541	2.949376E+9
-7193.84	-5.4	-4.206974	1.409403	-0.004448	0	-0.00421	-0.212787	0.066542	2.949377E+9
-7352.98	-5.6	-4.248585	1.425754	-0.004433	0	-0.004564	-0.212787	0.066414	2.949378E+9
-7499.94	-5.8	-4.286713	1.438993	-0.00413	0	-0.004347	-0.212787	0.066339	2.949379E+9
-7634.28	-6	-4.332664	1.451839	-0.004017	0	-0.004159	-0.212787	0.06639	2.94938E+9
-7755.56	-6.2	-4.380629	1.471501	-0.003839	0	-0.004281	-0.212787	0.066408	2.949381E+9
-7863.34	-6.4	-4.424677	1.483089	-0.004923	0	-0.005224	-0.212787	0.066297	2.949382E+9
-7957.2	-6.6	-4.471011	1.497166	-0.004357	0	-0.005041	-0.212787	0.066469	2.949383E+9
-8036.69	-6.8	-4.518785	1.516815	-0.00535	0	-0.0049	-0.212787	0.066565	2.949384E+9
-8101.38	-7	-4.564811	1.528933	-0.004757	0	-0.005102	-0.212787	0.066464	2.949385E+9
-8036.69	-6.8	-4.567118	1.531129	-0.005049	0	-0.004886	-0.212787	0.066629	2.949386E+9
-7957.2	-6.6	-4.565802	1.533829	-0.005235	0	-0.005202	-0.212787	0.066415	2.949387E+9
-7863.34	-6.4	-4.565256	1.529547	-0.004728	0	-0.004436	-0.212787	0.06622	2.949388E+9
-7755.56	-6.2	-4.559382	1.531636	-0.005116	0	-0.004706	-0.212787	0.066466	2.949389E+9
-7634.28	-6	-4.557758	1.528647	-0.004736	0	-0.004719	-0.212787	0.066359	2.94939E+9
-7499.94	-5.8	-4.555714	1.526467	-0.005012	0	-0.005006	-0.212787	0.066223	2.949391E+9
-7352.98	-5.6	-4.554776	1.525593	-0.004734	0	-0.004868	-0.212787	0.066238	2.949392E+9
-7193.84	-5.4	-4.550507	1.524788	-0.005141	0	-0.00452	-0.212787	0.066284	2.949393E+9
-7022.95	-5.2	-4.547212	1.525298	-0.004975	0	-0.00507	-0.212787	0.066158	2.949394E+9
-6840.75	-5	-4.54667	1.524463	-0.004783	0	-0.004474	-0.212787	0.066209	2.949395E+9
-6647.68	-4.8	-4.540822	1.519219	-0.005512	0	-0.004312	-0.212787	0.066336	2.949396E+9
-6444.17	-4.6	-4.53822	1.520957	-0.004002	0	-0.004806	-0.212787	0.06633	2.949397E+9
-6230.67	-4.4	-4.535643	1.518397	-0.004722	0	-0.004594	-0.212787	0.06632	2.949398E+9
-6007.6	-4.2	-4.532242	1.519684	-0.004333	0	-0.004687	-0.212787	0.066471	2.949399E+9
-5775.41	-4	-4.530026	1.519274	-0.004498	0	-0.005185	-0.212787	0.066445	2.9494E+9
-5534.53	-3.8	-4.531725	1.51662	-0.004855	0	-0.004471	-0.212787	0.066185	2.949401E+9
-5285.39	-3.6	-4.524448	1.518076	-0.004792	0	-0.004789	-0.212787	0.066217	2.949402E+9
-5028.44	-3.4	-4.524646	1.51689	-0.004841	0	-0.005072	-0.212787	0.066251	2.949403E+9
-4764.12	-3.2	-4.520744	1.515623	-0.004884	0	-0.00453	-0.212787	0.06644	2.949404E+9
-4492.85	-3	-4.520023	1.515249	-0.004734	0	-0.005005	-0.212787	0.066535	2.949405E+9
-4215.08	-2.8	-4.518548	1.515811	-0.004279	0	-0.005603	-0.212787	0.066444	2.949406E+9
-3931.24	-2.6	-4.51503	1.515421	-0.004329	0	-0.005022	-0.212787	0.066241	2.949407E+9
-3641.77	-2.4	-4.511342	1.516389	-0.004578	0	-0.004503	-0.212787	0.066377	2.949408E+9
-3347.11	-2.2	-4.511453	1.512848	-0.004367	0	-0.005175	-0.212787	0.066639	2.949409E+9
-3047.69	-2	-4.509766	1.51279	-0.005499	0	-0.005076	-0.212787	0.066468	2.94941E+9
-2743.95	-1.8	-4.510556	1.51279	-0.005357	0	-0.004694	-0.212787	0.066681	2.949411E+9
-2436.33	-1.6	-4.505413	1.511061	-0.005261	0	-0.004474	-0.212787	0.066408	2.949412E+9
-2125.26	-1.4	-4.502759	1.509882	-0.004844	0	-0.004797	-0.212787	0.066421	2.949413E+9
-1811.18	-1.2	-4.501417	1.50969	-0.005022	0	-0.004881	-0.212787	0.066664	2.949414E+9
-1494.53	-1	-4.497518	1.508878	-0.004743	0	-0.004646	-0.212787	0.066319	2.949415E+9
-1175.74	-0.8	-4.493678	1.505431	-0.004954	0	-0.00485	-0.212787	0.066296	2.949416E+9
-855.25	-0.6	-4.493016	1.504697	-0.004655	0	-0.004893	-0.212787	0.066607	2.949417E+9
-533.51	-0.4	-4.484855	1.504671	-0.004865	0	-0.004727	-0.212787	0.066431	2.949418E+9
-210.93	-0.2	-4.480322	1.500457	-0.005316	0	-0.004713	-0.212787	0.066667	2.949419E+9
112.03	0	-4.472083	1.498706	-0.005414	0	-0.005021	-0.212787	0.066292	2.94942E+9
434.94	0.2	-4.460683	1.492943	-0.004385	0	-0.004882	-0.212787	0.066681	2.949421E+9
757.37	0.4	-4.448406	1.490623	-0.004797	0	-0.005023	-0.212787	0.066253	2.949422E+9
1078.87	0.6	-4.428299	1.485929	-0.00408	0	-0.004622	-0.212787	0.066242	2.949423E+9
1399.02	0.8	-4.404524	1.476829	-0.004244	0	-0.004797	-0.212787	0.066564	2.949424E+9
1717.37	1	-4.359148	1.459695	-0.003947	0	-0.004671	-0.212787	0.066681	2.949425E+9
2033.48	1.2	-4.261502	1.432167	-0.003926	0	-0.004361	-0.212787	0.066656	2.949426E+9
2346.93	1.4	-4.023439	1.347481	-0.004599	0	-0.004217	-0.212787	0.066585	2.949427E+9
2657.27	1.6	-3.495066	1.171916	-0.00352	0	-0.00375	-0.212787	0.066653	2.949428E+9
2964.07	1.8	-2.682146	0.900881	-0.002086	0	-0.002075	-0.212787	0.066486	2.949429E+9
3266.89	2	-1.722567	0.582281	-0.000999	0	-0.001002	-0.212787	0.066457	2.94943E+9
3565.29	2.2	-0.74527	0.255081	0.000256	0	0.000394	-0.212787	0.066569	2.949431E+9
3858.83	2.4	0.217606	-0.065975	0.001722	0	0.001409	-0.212787	0.066479	2.949432E+9
4147.09	2.6	1.117924	-0.365206	0.002713	0	0.002709	-0.212787	0.066469	2.949433E+9
4429.62	2.8	1.95618	-0.644706	0.003625	0	0.00441	-0.212787	0.066159	2.949434E+9
4705.98	3	2.690271	-0.887772	0.004744	0	0.005359	-0.212787	0.066504	2.949435E+9
4975.74	3.2	3.251681	-1.072957	0.005415	0	0.005248	-0.212787	0.066133	2.949436E+9
5238.46	3.4	3.594766	-1.183731	0.005917	0	0.006256	-0.212787	0.06645	2.949437E+9
5493.71	3.6	3.751141	-1.23859	0.006264	0	0.006121	-0.212787	0.066156	2.949438E+9
5741.05	3.8	3.814749	-1.258655	0.007129	0	0.006398	-0.212787	0.066112	2.949439E+9
5980.04	4	3.845759	-1.26909	0.005598	0	0.006151	-0.212787	0.066194	2.94944E+9
6210.24	4.2	3.872104	-1.277072	0.006847	0	0.006662	-0.212787	0.066445	2.949441E+9
6431.22	4.4	3.899563	-1.283973	0.006266	0	0.006421	-0.212787	0.066041	2.949442E+9
6642.54	4.6	3.927958	-1.296802	0.006105	0	0.006841	-0.212787	0.065949	2.949443E+9
6843.76	4.8	3.958584	-1.30623	0.00579	0	0.006599	-0.212787	0.066378	2.949444E+9
7034.46	5	3.99155	-1.317312	0.006303	0	0.006499	-0.212787	0.066199	2.949445E+9
7214.18	5.2	4.032232	-1.331223	0.006834	0	0.006804	-0.212787	0.066293	2.949446E+9
7382.49	5.4	4.073586	-1.343111	0.006558	0	0.007028	-0.212787	0.066217	2.949447E+9
7538.96	5.6	4.11685	-1.359049	0.00656	0	0.007066	-0.212787	0.066203	2.949448E+9
7683.15	5.8	4.163949	-1.373178	0.006864	0	0.006975	-0.212787	0.065867	2.949449E+9
7814.63	6	4.204692	-1.387129	0.007159	0	0.007365	-0.212787	0.066117	2.94945E+9
7932.95	6.2	4.252141	-1.402369	0.007084	0	0.007114	-0.212787	0.065904	2.949451E+9
8037.67	6.4	4.290685	-1.415767	0.007316	0	0.00714	-0.212787	0.066013	2.949452E+9
8128.37	6.6	4.322559	-1.42857	0.007437	0	0.007229	-0.212787	0.06591	2.949453E+9
8204.61	6.8	4.342283	-1.433291	0.007151	0	0.007204	-0.212787	0.066146	2.949454E+9
8265.94	7	4.349222	-1.433739	0.006729	0	0.007664	-0.212787	0.066191	2.949455E+9
