06/05/2022	11:16

Co88Tb12_35_20210602_CVMH5

Field	Kepco	Channel A	Channel B	Agilent	0	RF out	Monitor+	Monitor-	Time
8265.94	7	3.02122	3.320459	0.001482	0	0.001675	-0.212787	0.040389	1.812707E+9
8204.61	6.8	2.985656	3.316079	0.002031	0	0.00213	-0.212787	0.040371	1.812707E+9
8128.37	6.6	2.972079	3.341134	0.001788	0	0.002101	-0.212787	0.040281	1.812708E+9
8037.67	6.4	2.964707	3.34937	0.001812	0	0.001545	-0.212787	0.040266	1.812709E+9
7932.95	6.2	2.960705	3.341582	0.000936	0	0.002101	-0.212787	0.040381	1.81271E+9
7814.63	6	2.983768	3.365367	0.001606	0	0.00175	-0.212787	0.040427	1.812711E+9
7683.15	5.8	2.953025	3.386335	0.00147	0	0.001489	-0.212787	0.040429	1.812712E+9
7538.96	5.6	2.973232	3.368031	0.000627	0	0.001921	-0.212787	0.040377	1.812713E+9
7382.49	5.4	2.97974	3.360104	0.001602	0	0.001714	-0.212787	0.040439	1.812714E+9
7214.18	5.2	3.021841	3.36178	0.00169	0	0.001888	-0.212787	0.040317	1.812715E+9
7034.46	5	3.003167	3.377569	0.002355	0	0.001381	-0.212787	0.04048	1.812716E+9
6843.76	4.8	3.053835	3.385181	0.002812	0	0.001471	-0.212787	0.040426	1.812717E+9
6642.54	4.6	3.036347	3.3636	0.002003	0	0.002154	-0.212787	0.040496	1.812718E+9
6431.22	4.4	3.065927	3.258949	0.001133	0	0.001945	-0.212787	0.040412	1.812719E+9
6210.24	4.2	3.030736	3.433735	0.002415	0	0.001318	-0.212787	0.040417	1.81272E+9
5980.04	4	3.03262	3.351241	0.001539	0	0.001475	-0.212787	0.040459	1.812721E+9
5741.05	3.8	3.063055	3.373216	0.001873	0	0.001378	-0.212787	0.040452	1.812722E+9
5493.71	3.6	3.079238	3.380165	0.001984	0	0.002165	-0.212787	0.040508	1.812723E+9
5238.46	3.4	3.065131	3.392472	0.002163	0	0.001154	-0.212787	0.040408	1.812724E+9
4975.74	3.2	3.103724	3.394996	0.001564	0	0.001512	-0.212787	0.040481	1.812725E+9
4705.98	3	3.12462	3.420317	0.001223	0	0.001306	-0.212787	0.040411	1.812726E+9
4429.62	2.8	3.1167	3.418306	0.001531	0	0.001635	-0.212787	0.040457	1.812727E+9
4147.09	2.6	3.090579	3.381127	0.001743	0	0.001296	-0.212787	0.040524	1.812728E+9
3858.83	2.4	3.098916	3.423199	0.001768	0	0.000534	-0.212787	0.040495	1.812729E+9
3565.29	2.2	3.084904	3.403765	0.001311	0	0.001136	-0.212787	0.040503	1.81273E+9
3266.89	2	3.144357	3.449787	0.000999	0	0.001021	-0.212787	0.040584	1.812731E+9
2964.07	1.8	3.138431	3.459514	0.001397	0	0.001094	-0.212787	0.040476	1.812732E+9
2657.27	1.6	3.163206	3.49581	0.001697	0	0.000851	-0.212787	0.040584	1.812733E+9
2346.93	1.4	3.172339	3.523347	0.000799	0	0.001362	-0.212787	0.040588	1.812734E+9
2033.48	1.2	3.201036	3.541466	0.001692	0	0.001078	-0.212787	0.040644	1.812735E+9
1717.37	1	3.219615	3.564451	0.001835	0	0.001281	-0.212787	0.040552	1.812736E+9
1399.02	0.8	3.244703	3.593398	0.001744	0	0.000515	-0.212787	0.040609	1.812737E+9
1078.87	0.6	3.260287	3.607803	0.001575	0	0.000936	-0.212787	0.040523	1.812738E+9
757.37	0.4	3.276431	3.644944	0.000641	0	0.000997	-0.212787	0.040552	1.812739E+9
434.94	0.2	3.317109	3.676022	0.000653	0	0.001476	-0.212787	0.040611	1.81274E+9
112.03	0	3.381543	3.741788	0.00026	0	0.001499	-0.212787	0.040562	1.812741E+9
-210.93	-0.2	3.43227	3.808037	0.000134	0	0.000994	-0.212787	0.040475	1.812742E+9
-533.51	-0.4	3.487227	3.848235	-0.000127	0	0.000994	-0.212787	0.040457	1.812743E+9
-855.25	-0.6	3.509786	3.894959	0.000886	0	0.000942	-0.212787	0.040614	1.812744E+9
-1175.74	-0.8	3.495843	3.915723	0.00093	0	0.00101	-0.212787	0.040625	1.812745E+9
-1494.53	-1	3.56409	3.933195	0.000622	0	0.001422	-0.212787	0.040634	1.812746E+9
-1811.18	-1.2	3.624314	3.997242	0.00104	0	0.000863	-0.212787	0.040529	1.812747E+9
-2125.26	-1.4	3.63636	4.044295	0.000721	0	0.001393	-0.212787	0.04064	1.812748E+9
-2436.33	-1.6	3.669511	4.077403	0.000788	0	0.001352	-0.212787	0.040526	1.812749E+9
-2743.95	-1.8	3.698556	4.102396	0.001334	0	0.001064	-0.212787	0.040474	1.81275E+9
-3047.69	-2	3.675404	4.107104	0.000152	0	0.001016	-0.212787	0.040452	1.812751E+9
-3347.11	-2.2	3.698692	4.100249	0.000653	0	0.000642	-0.212787	0.040541	1.812752E+9
-3641.77	-2.4	3.706873	4.103797	0.000577	0	0.000816	-0.212787	0.040527	1.812753E+9
-3931.24	-2.6	3.717977	4.108592	0.001276	0	0.000888	-0.212787	0.040432	1.812754E+9
-4215.08	-2.8	3.687977	4.105895	0.002144	0	0.000371	-0.212787	0.040583	1.812755E+9
-4492.85	-3	3.692896	4.099466	0.000751	0	0.001155	-0.212787	0.040432	1.812756E+9
-4764.12	-3.2	3.68967	4.092371	0.001016	0	0.000885	-0.212787	0.040466	1.812757E+9
-5028.44	-3.4	3.680849	4.074898	0.001207	0	0.00155	-0.212787	0.040557	1.812758E+9
-5285.39	-3.6	3.64059	4.064291	0.000817	0	0.001005	-0.212787	0.040439	1.812759E+9
-5534.53	-3.8	3.65686	4.070753	0.000663	0	0.00078	-0.212787	0.040455	1.81276E+9
-5775.41	-4	3.673345	4.060682	0.000913	0	0.00054	-0.212787	0.040467	1.812761E+9
-6007.6	-4.2	3.617176	4.035422	0.000682	0	0.001097	-0.212787	0.0405	1.812762E+9
-6230.67	-4.4	3.607631	4.042121	0.001098	0	0.001018	-0.212787	0.040545	1.812763E+9
-6444.17	-4.6	3.615919	4.027151	0.001509	0	0.000908	-0.212787	0.040473	1.812764E+9
-6647.68	-4.8	3.595146	4.028076	0.001142	0	0.000603	-0.212787	0.040449	1.812765E+9
-6840.75	-5	3.595259	4.023941	0.000867	0	0.000604	-0.212787	0.040474	1.812766E+9
-7022.95	-5.2	3.57936	4.021884	0.001199	0	0.001061	-0.212787	0.040468	1.812767E+9
-7193.84	-5.4	3.565981	4.020471	0.000337	0	0.000709	-0.212787	0.040459	1.812768E+9
-7352.98	-5.6	3.583239	4.012895	0.00035	0	0.000866	-0.212787	0.040506	1.812769E+9
-7499.94	-5.8	3.579305	4.033226	-8E-5	0	0.000616	-0.212787	0.040409	1.81277E+9
-7634.28	-6	3.598456	4.045156	-0.000385	0	0.001316	-0.212787	0.040488	1.812771E+9
-7755.56	-6.2	3.601549	4.052586	0.00023	0	0.001009	-0.212787	0.040427	1.812772E+9
-7863.34	-6.4	3.622683	4.050756	0.000587	0	0.000419	-0.212787	0.040403	1.812773E+9
-7957.2	-6.6	3.598174	4.058138	0.001051	0	0.000285	-0.212787	0.040433	1.812774E+9
-8036.69	-6.8	3.611685	4.076208	0.00057	0	0.000345	-0.212787	0.040406	1.812775E+9
-8101.38	-7	3.624301	4.069447	0.00089	0	0.0007	-0.212787	0.040425	1.812776E+9
-8036.69	-6.8	3.612868	4.050838	0.00109	0	0.000416	-0.212787	0.040312	1.812777E+9
-7957.2	-6.6	3.620935	4.075844	0.000482	0	0.000623	-0.212787	0.04043	1.812778E+9
-7863.34	-6.4	3.61176	4.076828	-8.1E-5	0	0.000655	-0.212787	0.040466	1.812779E+9
-7755.56	-6.2	3.632653	4.084674	-0.000246	0	0.000731	-0.212787	0.040469	1.81278E+9
-7634.28	-6	3.620344	4.079067	0.001167	0	0.00113	-0.212787	0.040471	1.812781E+9
-7499.94	-5.8	3.629122	4.086441	0.000966	0	0.000918	-0.212787	0.040342	1.812782E+9
-7352.98	-5.6	3.670418	4.082855	0.001311	0	0.000526	-0.212787	0.040441	1.812783E+9
-7193.84	-5.4	3.633066	4.094544	0.001114	0	0.000669	-0.212787	0.040469	1.812784E+9
-7022.95	-5.2	3.632189	4.081474	0.000172	0	0.000631	-0.212787	0.040469	1.812785E+9
-6840.75	-5	3.620386	4.077072	0.000486	0	0.000787	-0.212787	0.040505	1.812786E+9
-6647.68	-4.8	3.625694	4.124706	0.000781	0	1.2E-5	-0.212787	0.040457	1.812787E+9
-6444.17	-4.6	3.641129	4.107773	0.000354	0	5.7E-5	-0.212787	0.040494	1.812788E+9
-6230.67	-4.4	3.642172	4.115122	-2.1E-5	0	0.000364	-0.212787	0.040478	1.812789E+9
-6007.6	-4.2	3.644905	4.118355	0.000145	0	0.000279	-0.212787	0.040486	1.81279E+9
-5775.41	-4	3.672513	4.123423	0.000461	0	-0.000172	-0.212787	0.040499	1.812791E+9
-5534.53	-3.8	3.670859	4.149257	0.000519	0	-0.0009	-0.212787	0.040574	1.812792E+9
-5285.39	-3.6	3.699748	4.167256	-0.000386	0	0.000181	-0.212787	0.040549	1.812793E+9
-5028.44	-3.4	3.714452	4.179169	-0.000201	0	-0.000435	-0.212787	0.040597	1.812794E+9
-4764.12	-3.2	3.745888	4.182122	0.000656	0	0.000184	-0.212787	0.040607	1.812795E+9
-4492.85	-3	3.721336	4.183347	0.000168	0	-0.000356	-0.212787	0.040566	1.812796E+9
-4215.08	-2.8	3.744562	4.191632	0.000316	0	-5.7E-5	-0.212787	0.040597	1.812797E+9
-3931.24	-2.6	3.7435	4.185914	-0.00056	0	-0.00023	-0.212787	0.040625	1.812798E+9
-3641.77	-2.4	3.71619	4.177623	-0.00088	0	0.000172	-0.212787	0.040591	1.812799E+9
-3347.11	-2.2	3.722873	4.173162	0.000527	0	-0.000164	-0.212787	0.040625	1.8128E+9
-3047.69	-2	3.718809	4.178516	-0.000342	0	-0.000416	-0.212787	0.040554	1.812801E+9
-2743.95	-1.8	3.683855	4.169286	-0.00087	0	-1E-6	-0.212787	0.040629	1.812802E+9
-2436.33	-1.6	3.654963	4.12162	-0.000667	0	-0.00019	-0.212787	0.040622	1.812803E+9
-2125.26	-1.4	3.619505	4.121048	-0.000993	0	-9.6E-5	-0.212787	0.040551	1.812804E+9
-1811.18	-1.2	3.584545	4.0705	-0.000205	0	-0.000436	-0.212787	0.040656	1.812805E+9
-1494.53	-1	3.577407	4.046471	-0.000652	0	-0.000636	-0.212787	0.040644	1.812806E+9
-1175.74	-0.8	3.571296	3.991332	-0.001131	0	-0.000228	-0.212787	0.040539	1.812807E+9
-855.25	-0.6	3.534542	3.965043	-0.000294	0	-0.00039	-0.212787	0.04054	1.812808E+9
-533.51	-0.4	3.490648	3.951859	-0.000671	0	-0.000469	-0.212787	0.040563	1.812809E+9
-210.93	-0.2	3.476606	3.88711	-0.000398	0	-0.000835	-0.212787	0.040645	1.81281E+9
112.03	0	3.44698	3.905557	-0.000868	0	-0.000965	-0.212787	0.040617	1.812811E+9
434.94	0.2	3.416178	3.872335	-0.000467	0	-0.00033	-0.212787	0.040575	1.812812E+9
757.37	0.4	3.420408	3.832062	-0.000571	0	-6.9E-5	-0.212787	0.040604	1.812813E+9
1078.87	0.6	3.363993	3.791283	-0.000511	0	-0.000731	-0.212787	0.040588	1.812814E+9
1399.02	0.8	3.349805	3.766449	-0.000226	0	-0.000446	-0.212787	0.040495	1.812815E+9
1717.37	1	3.336189	3.747951	-0.000723	0	0.000407	-0.212787	0.040606	1.812816E+9
2033.48	1.2	3.32668	3.742418	-0.000841	0	-3.2E-5	-0.212787	0.040665	1.812817E+9
2346.93	1.4	3.331446	3.722736	1.3E-5	0	-0.000342	-0.212787	0.040664	1.812818E+9
2657.27	1.6	3.309059	3.745088	-0.000256	0	-0.000137	-0.212787	0.040611	1.812819E+9
2964.07	1.8	3.29044	3.749364	-0.001031	0	2.8E-5	-0.212787	0.04059	1.81282E+9
3266.89	2	3.30274	3.751586	-0.000521	0	-0.000173	-0.212787	0.04064	1.812821E+9
3565.29	2.2	3.291404	3.768551	0.000366	0	-6.2E-5	-0.212787	0.040584	1.812822E+9
3858.83	2.4	3.327778	3.792476	0.00068	0	-0.000804	-0.212787	0.04061	1.812823E+9
4147.09	2.6	3.31246	3.802953	-0.000306	0	-0.000522	-0.212787	0.040603	1.812824E+9
4429.62	2.8	3.367339	3.841679	-0.000324	0	-0.000506	-0.212787	0.040607	1.812825E+9
4705.98	3	3.410922	3.83178	-0.0001	0	-3.4E-5	-0.212787	0.040519	1.812826E+9
4975.74	3.2	3.398196	3.861295	-2E-5	0	-0.000344	-0.212787	0.040564	1.812827E+9
5238.46	3.4	3.423595	3.874999	-0.000352	0	-0.000901	-0.212787	0.040483	1.812828E+9
5493.71	3.6	3.429986	3.915222	-0.000501	0	-0.000658	-0.212787	0.040501	1.812829E+9
5741.05	3.8	3.430847	3.895505	-0.000311	0	-0.000471	-0.212787	0.040561	1.81283E+9
5980.04	4	3.430109	3.887646	-0.000305	0	-0.000697	-0.212787	0.040579	1.812831E+9
6210.24	4.2	3.440473	3.911395	-1.3E-5	0	-0.000887	-0.212787	0.040528	1.812832E+9
6431.22	4.4	3.423823	3.907094	-0.001084	0	-0.000153	-0.212787	0.040577	1.812833E+9
6642.54	4.6	3.442858	3.912695	-0.000121	0	-0.000211	-0.212787	0.040582	1.812834E+9
6843.76	4.8	3.450895	3.895515	-0.000167	0	-0.000453	-0.212787	0.040503	1.812835E+9
7034.46	5	3.439147	3.912701	-0.000437	0	-0.00085	-0.212787	0.040579	1.812836E+9
7214.18	5.2	3.446357	3.944036	-0.000887	0	-0.00058	-0.212787	0.040551	1.812837E+9
7382.49	5.4	3.429339	3.903812	0.000109	0	-0.000319	-0.212787	0.040614	1.812838E+9
7538.96	5.6	3.44227	3.946297	-2.2E-5	0	-0.001085	-0.212787	0.040559	1.812839E+9
7683.15	5.8	3.462731	3.9235	-0.000415	0	-0.001245	-0.212787	0.040576	1.81284E+9
7814.63	6	3.448384	3.938883	-0.000264	0	-0.000631	-0.212787	0.040578	1.812841E+9
7932.95	6.2	3.45672	3.929546	-0.000115	0	-0.000633	-0.212787	0.040592	1.812842E+9
8037.67	6.4	3.467285	3.916483	0.000226	0	-0.00055	-0.212787	0.040483	1.812843E+9
8128.37	6.6	3.455119	3.937369	-0.000303	0	-0.000442	-0.212787	0.040572	1.812844E+9
8204.61	6.8	3.454547	3.945306	-5E-5	0	-0.000294	-0.212787	0.04059	1.812845E+9
8265.94	7	3.477584	3.945725	-0.000479	0	-0.000613	-0.212787	0.040468	1.812846E+9
