29/04/2022	15:16

Co88Tb12_PMOKE_20220426_APRD1

Field	Kepco	Channel A	Channel B	Agilent	0	RF out	Monitor+	Monitor-	Time
7814.63	6	-6.244058	-0.289717	-0.00538	0	-0.005717	-0.212787	0.086272	1.222275E+9
7750.51	5.9	-6.249532	-0.281218	-0.006194	0	-0.004586	-0.212787	0.086384	1.222276E+9
7683.15	5.8	-6.246283	-0.286617	-0.00544	0	-0.005451	-0.212787	0.086265	1.222276E+9
7612.62	5.7	-6.250205	-0.28971	-0.004856	0	-0.005502	-0.212787	0.086629	1.222277E+9
7538.96	5.6	-6.24641	-0.292085	-0.004967	0	-0.005946	-0.212787	0.086296	1.222277E+9
7462.23	5.5	-6.256819	-0.29789	-0.005064	0	-0.00609	-0.212787	0.086656	1.222278E+9
7382.49	5.4	-6.253112	-0.28894	-0.006059	0	-0.006244	-0.212787	0.086453	1.222278E+9
7299.79	5.3	-6.254535	-0.293076	-0.006277	0	-0.006154	-0.212787	0.086418	1.222279E+9
7214.18	5.2	-6.253356	-0.288488	-0.005442	0	-0.006527	-0.212787	0.086282	1.222279E+9
7125.71	5.1	-6.252375	-0.288752	-0.005032	0	-0.006396	-0.212787	0.086391	1.22228E+9
7034.46	5	-6.256998	-0.297312	-0.005057	0	-0.004769	-0.212787	0.086274	1.22228E+9
6940.45	4.9	-6.259461	-0.285707	-0.004988	0	-0.004994	-0.212787	0.086671	1.222281E+9
6843.76	4.8	-6.2582	-0.299898	-0.004873	0	-0.004908	-0.212787	0.086243	1.222281E+9
6744.44	4.7	-6.257277	-0.300766	-0.00595	0	-0.005336	-0.212787	0.086287	1.222282E+9
6642.54	4.6	-6.256517	-0.28883	-0.006142	0	-0.007448	-0.212787	0.086268	1.222282E+9
6538.11	4.5	-6.253993	-0.290603	-0.007618	0	-0.006846	-0.212787	0.086409	1.222283E+9
6431.22	4.4	-6.259509	-0.296913	-0.007162	0	-0.006932	-0.212787	0.08628	1.222283E+9
6321.91	4.3	-6.257755	-0.294827	-0.007306	0	-0.006277	-0.212787	0.086339	1.222284E+9
6210.24	4.2	-6.260471	-0.285428	-0.006289	0	-0.00672	-0.212787	0.086693	1.222284E+9
6096.26	4.1	-6.264828	-0.29239	-0.005429	0	-0.005925	-0.212787	0.08666	1.222285E+9
5980.04	4	-6.261566	-0.283173	-0.006607	0	-0.006656	-0.212787	0.086307	1.222285E+9
5861.61	3.9	-6.255231	-0.288099	-0.007083	0	-0.007267	-0.212787	0.08649	1.222286E+9
5741.05	3.8	-6.255149	-0.284375	-0.007342	0	-0.007161	-0.212787	0.086383	1.222286E+9
5618.4	3.7	-6.25511	-0.292147	-0.006577	0	-0.007986	-0.212787	0.086606	1.222287E+9
5493.71	3.6	-6.253034	-0.287991	-0.00655	0	-0.006849	-0.212787	0.086706	1.222287E+9
5367.05	3.5	-6.263093	-0.291175	-0.005703	0	-0.005548	-0.212787	0.08654	1.222288E+9
5238.46	3.4	-6.262235	-0.288878	-0.007805	0	-0.006184	-0.212787	0.086361	1.222288E+9
5108.01	3.3	-6.25716	-0.289275	-0.006742	0	-0.006493	-0.212787	0.086526	1.222289E+9
4975.74	3.2	-6.263492	-0.291159	-0.007705	0	-0.006442	-0.212787	0.086529	1.222289E+9
4841.71	3.1	-6.257362	-0.292186	-0.007289	0	-0.007793	-0.212787	0.086419	1.22229E+9
4705.98	3	-6.256852	-0.289119	-0.007412	0	-0.008059	-0.212787	0.086538	1.22229E+9
4568.59	2.9	-6.254107	-0.290841	-0.008362	0	-0.006511	-0.212787	0.086505	1.222291E+9
4429.62	2.8	-6.246758	-0.282108	-0.007281	0	-0.007378	-0.212787	0.086435	1.222291E+9
4289.09	2.7	-6.238113	-0.287787	-0.008638	0	-0.008516	-0.212787	0.086588	1.222292E+9
4147.09	2.6	-6.238811	-0.290019	-0.008086	0	-0.00921	-0.212787	0.086645	1.222292E+9
4003.65	2.5	-6.236885	-0.301867	-0.009882	0	-0.008344	-0.212787	0.086341	1.222293E+9
3858.83	2.4	-6.233808	-0.284047	-0.007202	0	-0.007854	-0.212787	0.086368	1.222293E+9
3712.69	2.3	-6.244578	-0.290087	-0.007766	0	-0.009042	-0.212787	0.086546	1.222294E+9
3565.29	2.2	-6.248649	-0.297114	-0.009274	0	-0.008107	-0.212787	0.086798	1.222294E+9
3416.67	2.1	-6.247021	-0.295704	-0.009397	0	-0.007643	-0.212787	0.086583	1.222295E+9
3266.89	2	-6.24986	-0.303628	-0.009062	0	-0.009201	-0.212787	0.086522	1.222295E+9
3116	1.9	-6.24643	-0.294697	-0.007645	0	-0.008424	-0.212787	0.086827	1.222296E+9
2964.07	1.8	-6.242918	-0.303589	-0.007925	0	-0.008159	-0.212787	0.086382	1.222296E+9
2811.14	1.7	-6.239721	-0.290061	-0.009115	0	-0.009385	-0.212787	0.086512	1.222297E+9
2657.27	1.6	-6.237745	-0.298764	-0.008141	0	-0.008588	-0.212787	0.086521	1.222297E+9
2502.52	1.5	-6.23666	-0.304541	-0.008548	0	-0.008981	-0.212787	0.086363	1.222298E+9
2346.93	1.4	-6.23451	-0.30187	-0.007514	0	-0.008457	-0.212787	0.086734	1.222298E+9
2190.57	1.3	-6.24117	-0.304502	-0.009057	0	-0.010139	-0.212787	0.086616	1.222299E+9
2033.48	1.2	-6.236742	-0.294499	-0.010403	0	-0.010032	-0.212787	0.086545	1.222299E+9
1875.73	1.1	-6.235822	-0.298079	-0.010559	0	-0.010204	-0.212787	0.086404	1.2223E+9
1717.37	1	-6.241966	-0.304531	-0.008571	0	-0.00963	-0.212787	0.086369	1.2223E+9
1558.44	0.9	-6.250396	-0.307926	-0.007755	0	-0.008481	-0.212787	0.086354	1.222301E+9
1399.02	0.8	-6.253203	-0.308397	-0.007477	0	-0.007961	-0.212787	0.086543	1.222301E+9
1239.14	0.7	-6.245458	-0.306243	-0.007327	0	-0.007768	-0.212787	0.086453	1.222302E+9
1078.87	0.6	-6.241953	-0.30022	-0.008531	0	-0.009542	-0.212787	0.086688	1.222302E+9
918.26	0.5	-6.236833	-0.295675	-0.010431	0	-0.009369	-0.212787	0.086559	1.222303E+9
757.37	0.4	-6.242856	-0.302881	-0.008231	0	-0.00921	-0.212787	0.086546	1.222303E+9
596.24	0.3	-6.242918	-0.302916	-0.008189	0	-0.007199	-0.212787	0.086592	1.222304E+9
434.94	0.2	-6.239808	-0.300064	-0.009155	0	-0.010391	-0.212787	0.086582	1.222304E+9
273.52	0.1	-6.242502	-0.300623	-0.010208	0	-0.009532	-0.212787	0.086806	1.222305E+9
112.03	0	-6.228366	-0.296669	-0.011592	0	-0.011284	-0.212787	0.086374	1.222305E+9
-49.47	-0.1	-6.227963	-0.296961	-0.01188	0	-0.011409	-0.212787	0.086597	1.222306E+9
-210.93	-0.2	-6.227132	-0.307072	-0.011892	0	-0.012596	-0.212787	0.086673	1.222306E+9
-372.3	-0.3	-6.221664	-0.308137	-0.011593	0	-0.01135	-0.212787	0.086421	1.222307E+9
-533.51	-0.4	-6.21849	-0.307595	-0.010764	0	-0.010565	-0.212787	0.086357	1.222307E+9
-694.51	-0.5	-6.20888	-0.308816	-0.010534	0	-0.010569	-0.212787	0.086801	1.222308E+9
-855.25	-0.6	-6.217067	-0.304651	-0.010879	0	-0.01255	-0.212787	0.086611	1.222308E+9
-1015.68	-0.7	-6.200377	-0.304745	-0.011481	0	-0.010796	-0.212787	0.086439	1.222309E+9
-1175.74	-0.8	-6.188253	-0.305918	-0.012989	0	-0.011561	-0.212787	0.086587	1.222309E+9
-1335.37	-0.9	-6.100379	-0.29753	-0.011345	0	-0.010754	-0.212787	0.0868	1.22231E+9
-1494.53	-1	-2.861844	-0.142988	-0.016051	0	-0.015029	-0.212787	0.086591	1.22231E+9
-1653.15	-1.1	-1.45217	-0.075176	-0.017222	0	-0.016963	-0.212787	0.086739	1.222311E+9
-1811.18	-1.2	-0.590747	-0.031158	-0.019279	0	-0.019044	-0.212787	0.086624	1.222311E+9
-1968.57	-1.3	0.045543	0.001506	-0.019954	0	-0.019367	-0.212787	0.086548	1.222312E+9
-2125.26	-1.4	0.588242	0.025836	-0.020813	0	-0.020386	-0.212787	0.086667	1.222312E+9
-2281.19	-1.5	1.063341	0.04697	-0.021515	0	-0.02124	-0.212787	0.086559	1.222313E+9
-2436.33	-1.6	1.497663	0.071855	-0.020916	0	-0.021161	-0.212787	0.086614	1.222313E+9
-2590.6	-1.7	1.920576	0.090146	-0.020202	0	-0.019514	-0.212787	0.086695	1.222314E+9
-2743.95	-1.8	2.341056	0.115529	-0.021275	0	-0.021109	-0.212787	0.086536	1.222314E+9
-2896.33	-1.9	2.761459	0.132309	-0.021718	0	-0.022494	-0.212787	0.086568	1.222315E+9
-3047.69	-2	3.199655	0.144317	-0.023833	0	-0.023024	-0.212787	0.086678	1.222315E+9
-3197.97	-2.1	3.665687	0.186642	-0.0247	0	-0.023549	-0.212787	0.086693	1.222316E+9
-3347.11	-2.2	4.149923	0.211499	-0.024683	0	-0.023845	-0.212787	0.086552	1.222316E+9
-3495.06	-2.3	4.656957	0.237187	-0.025686	0	-0.024819	-0.212787	0.086689	1.222317E+9
-3641.77	-2.4	5.120623	0.260939	-0.025939	0	-0.026303	-0.212787	0.086616	1.222317E+9
-3787.18	-2.5	5.495479	0.276877	-0.026124	0	-0.025825	-0.212787	0.086944	1.222318E+9
-3931.24	-2.6	5.746094	0.291724	-0.026474	0	-0.026057	-0.212787	0.086637	1.222318E+9
-4073.89	-2.7	5.854885	0.294411	-0.026367	0	-0.025965	-0.212787	0.086766	1.222319E+9
-4215.08	-2.8	5.907844	0.288053	-0.026578	0	-0.026256	-0.212787	0.086737	1.222319E+9
-4354.75	-2.9	5.917665	0.294528	-0.026115	0	-0.02648	-0.212787	0.087079	1.22232E+9
-4492.85	-3	5.923627	0.291045	-0.026238	0	-0.026411	-0.212787	0.086746	1.22232E+9
-4629.32	-3.1	5.923325	0.293466	-0.026281	0	-0.026647	-0.212787	0.086854	1.222321E+9
-4764.12	-3.2	5.920956	0.294142	-0.027523	0	-0.026767	-0.212787	0.086628	1.222321E+9
-4897.18	-3.3	5.924224	0.290607	-0.027232	0	-0.027187	-0.212787	0.086661	1.222322E+9
-5028.44	-3.4	5.925521	0.296952	-0.026916	0	-0.026678	-0.212787	0.086596	1.222322E+9
-5157.87	-3.5	5.935456	0.289967	-0.026208	0	-0.026845	-0.212787	0.086672	1.222323E+9
-5285.39	-3.6	5.921898	0.287062	-0.027175	0	-0.026745	-0.212787	0.086898	1.222323E+9
-5410.96	-3.7	5.929328	0.29434	-0.027731	0	-0.027485	-0.212787	0.086662	1.222324E+9
-5534.53	-3.8	5.933627	0.293313	-0.027454	0	-0.026488	-0.212787	0.086588	1.222324E+9
-5656.02	-3.9	5.927158	0.294099	-0.02753	0	-0.027346	-0.212787	0.086628	1.222325E+9
-5775.41	-4	5.924731	0.295967	-0.027915	0	-0.02713	-0.212787	0.086803	1.222325E+9
-5892.62	-4.1	5.924709	0.298999	-0.028697	0	-0.027278	-0.212787	0.086553	1.222326E+9
-6007.6	-4.2	5.924806	0.294954	-0.02798	0	-0.028377	-0.212787	0.086726	1.222326E+9
-6120.3	-4.3	5.929572	0.298485	-0.027799	0	-0.027681	-0.212787	0.086618	1.222327E+9
-6230.67	-4.4	5.924514	0.305532	-0.027593	0	-0.028352	-0.212787	0.08664	1.222327E+9
-6338.64	-4.5	5.924286	0.302023	-0.028186	0	-0.028056	-0.212787	0.086709	1.222328E+9
-6444.17	-4.6	5.921551	0.298333	-0.027487	0	-0.028111	-0.212787	0.086694	1.222328E+9
-6547.2	-4.7	5.916258	0.300646	-0.02787	0	-0.02818	-0.212787	0.086673	1.222329E+9
-6647.68	-4.8	5.930163	0.293277	-0.027658	0	-0.027203	-0.212787	0.086639	1.222329E+9
-6745.55	-4.9	5.921538	0.305051	-0.028732	0	-0.02911	-0.212787	0.086736	1.22233E+9
-6840.75	-5	5.931573	0.296351	-0.028941	0	-0.028892	-0.212787	0.086852	1.22233E+9
-6933.24	-5.1	5.923828	0.30072	-0.029491	0	-0.028559	-0.212787	0.086658	1.222331E+9
-7022.95	-5.2	5.929458	0.293242	-0.029787	0	-0.029039	-0.212787	0.08662	1.222331E+9
-7109.83	-5.3	5.92388	0.302137	-0.030122	0	-0.029765	-0.212787	0.086599	1.222332E+9
-7193.84	-5.4	5.916567	0.296049	-0.030327	0	-0.03005	-0.212787	0.086716	1.222332E+9
-7274.9	-5.5	5.914982	0.298047	-0.029895	0	-0.029632	-0.212787	0.086618	1.222333E+9
-7352.98	-5.6	5.919813	0.30828	-0.029363	0	-0.028566	-0.212787	0.086938	1.222333E+9
-7428.01	-5.7	5.918747	0.304262	-0.029898	0	-0.02921	-0.212787	0.086621	1.222334E+9
-7499.94	-5.8	5.91786	0.292205	-0.030021	0	-0.029941	-0.212787	0.086578	1.222334E+9
-7568.71	-5.9	5.900144	0.29201	-0.030272	0	-0.029743	-0.212787	0.086651	1.222335E+9
-7634.28	-6	5.913945	0.294551	-0.030175	0	-0.029599	-0.212787	0.086613	1.222335E+9
-7568.71	-5.9	5.91632	0.295694	-0.031127	0	-0.030664	-0.212787	0.08674	1.222336E+9
-7499.94	-5.8	5.916557	0.294099	-0.030333	0	-0.030245	-0.212787	0.087035	1.222336E+9
-7428.01	-5.7	5.912633	0.295678	-0.029274	0	-0.02908	-0.212787	0.087001	1.222337E+9
-7352.98	-5.6	5.920134	0.291149	-0.029337	0	-0.029367	-0.212787	0.086572	1.222337E+9
-7274.9	-5.5	5.917743	0.295451	-0.030233	0	-0.029659	-0.212787	0.086576	1.222338E+9
-7193.84	-5.4	5.913516	0.296461	-0.03049	0	-0.030022	-0.212787	0.086573	1.222338E+9
-7109.83	-5.3	5.912818	0.286507	-0.030129	0	-0.029507	-0.212787	0.086631	1.222339E+9
-7022.95	-5.2	5.922902	0.286107	-0.029985	0	-0.02959	-0.212787	0.086544	1.222339E+9
-6933.24	-5.1	5.922343	0.287277	-0.03057	0	-0.030392	-0.212787	0.086567	1.22234E+9
-6840.75	-5	5.919439	0.291185	-0.030707	0	-0.031239	-0.212787	0.086649	1.22234E+9
-6745.55	-4.9	5.923117	0.300902	-0.031247	0	-0.031178	-0.212787	0.086607	1.222341E+9
-6647.68	-4.8	5.915232	0.291942	-0.031922	0	-0.031456	-0.212787	0.086644	1.222341E+9
-6547.2	-4.7	5.91233	0.288966	-0.030708	0	-0.03093	-0.212787	0.086931	1.222342E+9
-6444.17	-4.6	5.917743	0.28958	-0.030586	0	-0.030601	-0.212787	0.086977	1.222342E+9
-6338.64	-4.5	5.91643	0.288515	-0.031257	0	-0.030523	-0.212787	0.086573	1.222343E+9
-6230.67	-4.4	5.926794	0.288096	-0.031254	0	-0.03141	-0.212787	0.086625	1.222343E+9
-6120.3	-4.3	5.924328	0.28753	-0.030315	0	-0.029983	-0.212787	0.086514	1.222344E+9
-6007.6	-4.2	5.922883	0.287196	-0.031357	0	-0.030792	-0.212787	0.0866	1.222344E+9
-5892.62	-4.1	5.920781	0.285441	-0.030838	0	-0.029659	-0.212787	0.086832	1.222345E+9
-5775.41	-4	5.917308	0.289713	-0.030346	0	-0.028551	-0.212787	0.086522	1.222345E+9
-5656.02	-3.9	5.914744	0.292014	-0.030185	0	-0.029432	-0.212787	0.086509	1.222346E+9
-5534.53	-3.8	5.915547	0.297803	-0.030645	0	-0.030431	-0.212787	0.086654	1.222346E+9
-5410.96	-3.7	5.92747	0.288599	-0.031853	0	-0.031075	-0.212787	0.086612	1.222347E+9
-5285.39	-3.6	5.909757	0.298498	-0.031738	0	-0.031362	-0.212787	0.086647	1.222347E+9
-5157.87	-3.5	5.918217	0.292485	-0.032308	0	-0.031915	-0.212787	0.086584	1.222348E+9
-5028.44	-3.4	5.908013	0.298956	-0.03289	0	-0.032362	-0.212787	0.08658	1.222348E+9
-4897.18	-3.3	5.916073	0.294674	-0.031365	0	-0.03146	-0.212787	0.086464	1.222349E+9
-4764.12	-3.2	5.91633	0.294947	-0.032091	0	-0.031347	-0.212787	0.086577	1.222349E+9
-4629.32	-3.1	5.915989	0.29473	-0.032423	0	-0.031789	-0.212787	0.086587	1.22235E+9
-4492.85	-3	5.914208	0.297631	-0.03239	0	-0.031897	-0.212787	0.086454	1.22235E+9
-4354.75	-2.9	5.918643	0.294564	-0.031564	0	-0.03151	-0.212787	0.086761	1.222351E+9
-4215.08	-2.8	5.918214	0.303615	-0.031749	0	-0.031715	-0.212787	0.086559	1.222351E+9
-4073.89	-2.7	5.909374	0.293398	-0.032637	0	-0.03252	-0.212787	0.08681	1.222352E+9
-3931.24	-2.6	5.902279	0.298973	-0.032476	0	-0.03208	-0.212787	0.08686	1.222352E+9
-3787.18	-2.5	5.911931	0.303482	-0.032887	0	-0.032473	-0.212787	0.086526	1.222353E+9
-3641.77	-2.4	5.908477	0.287498	-0.033123	0	-0.033107	-0.212787	0.086517	1.222353E+9
-3495.06	-2.3	5.906437	0.289103	-0.032618	0	-0.033476	-0.212787	0.086816	1.222354E+9
-3347.11	-2.2	5.913383	0.296513	-0.032911	0	-0.033232	-0.212787	0.086523	1.222354E+9
-3197.97	-2.1	5.911171	0.2955	-0.033021	0	-0.033533	-0.212787	0.086749	1.222355E+9
-3047.69	-2	5.901372	0.296858	-0.033759	0	-0.033175	-0.212787	0.086466	1.222355E+9
-2896.33	-1.9	5.906915	0.30075	-0.033493	0	-0.033442	-0.212787	0.086854	1.222356E+9
-2743.95	-1.8	5.901141	0.293947	-0.033053	0	-0.033642	-0.212787	0.086703	1.222356E+9
-2590.6	-1.7	5.900953	0.298475	-0.03288	0	-0.033284	-0.212787	0.086436	1.222357E+9
-2436.33	-1.6	5.895859	0.296776	-0.033574	0	-0.033036	-0.212787	0.086459	1.222357E+9
-2281.19	-1.5	5.899887	0.30342	-0.034012	0	-0.0334	-0.212787	0.086375	1.222358E+9
-2125.26	-1.4	5.898484	0.300568	-0.03373	0	-0.033468	-0.212787	0.086414	1.222358E+9
-1968.57	-1.3	5.894199	0.297702	-0.03472	0	-0.033406	-0.212787	0.086446	1.222359E+9
-1811.18	-1.2	5.89378	0.294687	-0.035053	0	-0.034444	-0.212787	0.086311	1.222359E+9
-1653.15	-1.1	5.897961	0.297306	-0.034472	0	-0.033777	-0.212787	0.086426	1.22236E+9
-1494.53	-1	5.898068	0.289856	-0.034419	0	-0.033975	-0.212787	0.086483	1.22236E+9
-1335.37	-0.9	5.896616	0.297072	-0.033842	0	-0.033646	-0.212787	0.086805	1.222361E+9
-1175.74	-0.8	5.890589	0.297647	-0.034306	0	-0.034748	-0.212787	0.086812	1.222361E+9
-1015.68	-0.7	5.886252	0.297309	-0.033865	0	-0.033657	-0.212787	0.08638	1.222362E+9
-855.25	-0.6	5.884891	0.297218	-0.033609	0	-0.033666	-0.212787	0.086315	1.222362E+9
-694.51	-0.5	5.880573	0.294197	-0.034225	0	-0.034114	-0.212787	0.086388	1.222363E+9
-533.51	-0.4	5.881808	0.297816	-0.033908	0	-0.033811	-0.212787	0.086531	1.222363E+9
-372.3	-0.3	5.875651	0.29524	-0.034771	0	-0.034231	-0.212787	0.086268	1.222364E+9
-210.93	-0.2	5.874114	0.296481	-0.034823	0	-0.034457	-0.212787	0.086607	1.222364E+9
-49.47	-0.1	5.869654	0.289905	-0.03492	0	-0.034634	-0.212787	0.086366	1.222365E+9
112.03	0	5.874829	0.294054	-0.034142	0	-0.034614	-0.212787	0.086353	1.222365E+9
273.52	0.1	5.866236	0.288937	-0.033884	0	-0.034502	-0.212787	0.086711	1.222366E+9
434.94	0.2	5.862039	0.293209	-0.035055	0	-0.0347	-0.212787	0.086402	1.222366E+9
596.24	0.3	5.857831	0.287979	-0.034525	0	-0.03494	-0.212787	0.086232	1.222367E+9
757.37	0.4	5.799869	0.291929	-0.034771	0	-0.034315	-0.212787	0.086331	1.222367E+9
918.26	0.5	4.353845	0.216797	-0.032665	0	-0.032143	-0.212787	0.086189	1.222368E+9
1078.87	0.6	1.561109	0.088762	-0.02986	0	-0.029827	-0.212787	0.086648	1.222368E+9
1239.14	0.7	0.612995	0.034176	-0.027851	0	-0.028438	-0.212787	0.086348	1.222369E+9
1399.02	0.8	-0.103437	-0.002243	-0.028505	0	-0.027709	-0.212787	0.086224	1.222369E+9
1558.44	0.9	-0.67697	-0.026239	-0.028665	0	-0.028384	-0.212787	0.086184	1.22237E+9
1717.37	1	-1.157757	-0.057642	-0.027216	0	-0.027633	-0.212787	0.086246	1.22237E+9
1875.73	1.1	-1.619171	-0.075273	-0.026221	0	-0.027253	-0.212787	0.086486	1.222371E+9
2033.48	1.2	-2.041395	-0.096826	-0.026354	0	-0.02667	-0.212787	0.086115	1.222371E+9
2190.57	1.3	-2.452986	-0.109311	-0.025872	0	-0.024915	-0.212787	0.086101	1.222372E+9
2346.93	1.4	-2.879784	-0.13891	-0.026174	0	-0.026434	-0.212787	0.085986	1.222372E+9
2502.52	1.5	-3.289069	-0.157006	-0.025229	0	-0.026588	-0.212787	0.086173	1.222373E+9
2657.27	1.6	-3.746325	-0.182334	-0.02513	0	-0.024416	-0.212787	0.086079	1.222373E+9
2811.14	1.7	-4.217763	-0.198217	-0.02462	0	-0.024358	-0.212787	0.086091	1.222374E+9
2964.07	1.8	-4.706969	-0.232469	-0.023503	0	-0.023229	-0.212787	0.086421	1.222374E+9
3116	1.9	-5.180813	-0.248496	-0.023164	0	-0.023659	-0.212787	0.085924	1.222375E+9
3266.89	2	-5.606655	-0.267859	-0.023524	0	-0.023299	-0.212787	0.086153	1.222375E+9
3416.67	2.1	-5.899676	-0.289697	-0.022912	0	-0.022626	-0.212787	0.085895	1.222376E+9
3565.29	2.2	-6.059778	-0.290142	-0.023288	0	-0.023026	-0.212787	0.086337	1.222376E+9
3712.69	2.3	-6.112815	-0.293761	-0.021475	0	-0.02145	-0.212787	0.086341	1.222377E+9
3858.83	2.4	-6.141743	-0.292627	-0.022408	0	-0.02105	-0.212787	0.085987	1.222377E+9
4003.65	2.5	-6.14248	-0.295356	-0.023078	0	-0.022509	-0.212787	0.086187	1.222378E+9
4147.09	2.6	-6.145238	-0.29434	-0.021647	0	-0.023058	-0.212787	0.086267	1.222378E+9
4289.09	2.7	-6.148101	-0.299762	-0.02264	0	-0.02294	-0.212787	0.085891	1.222379E+9
4429.62	2.8	-6.158107	-0.308891	-0.021801	0	-0.022478	-0.212787	0.086344	1.222379E+9
4568.59	2.9	-6.154676	-0.306698	-0.022411	0	-0.021264	-0.212787	0.08594	1.22238E+9
4705.98	3	-6.157616	-0.292783	-0.022986	0	-0.022145	-0.212787	0.085977	1.22238E+9
4841.71	3.1	-6.154926	-0.293885	-0.022701	0	-0.022307	-0.212787	0.085821	1.222381E+9
4975.74	3.2	-6.156284	-0.294638	-0.023232	0	-0.022468	-0.212787	0.085934	1.222381E+9
5108.01	3.3	-6.146918	-0.294463	-0.023349	0	-0.023169	-0.212787	0.085942	1.222382E+9
5238.46	3.4	-6.166086	-0.292423	-0.020864	0	-0.022508	-0.212787	0.085928	1.222382E+9
5367.05	3.5	-6.1417	-0.289193	-0.023055	0	-0.022866	-0.212787	0.085955	1.222383E+9
5493.71	3.6	-6.15403	-0.301341	-0.02292	0	-0.022775	-0.212787	0.085918	1.222383E+9
5618.4	3.7	-6.1648	-0.296364	-0.02239	0	-0.022605	-0.212787	0.085878	1.222384E+9
5741.05	3.8	-6.172593	-0.294099	-0.022134	0	-0.022679	-0.212787	0.085991	1.222384E+9
5861.61	3.9	-6.142977	-0.287524	-0.02392	0	-0.02385	-0.212787	0.085763	1.222385E+9
5980.04	4	-6.143094	-0.291273	-0.024245	0	-0.022992	-0.212787	0.085882	1.222385E+9
6096.26	4.1	-6.149004	-0.282241	-0.024203	0	-0.023796	-0.212787	0.085934	1.222386E+9
6210.24	4.2	-6.145294	-0.291935	-0.02296	0	-0.02221	-0.212787	0.08627	1.222386E+9
6321.91	4.3	-6.148029	-0.289268	-0.023267	0	-0.022353	-0.212787	0.085946	1.222387E+9
6431.22	4.4	-6.149595	-0.291939	-0.022524	0	-0.022872	-0.212787	0.085901	1.222387E+9
6538.11	4.5	-6.151781	-0.293505	-0.023782	0	-0.021909	-0.212787	0.085794	1.222388E+9
6642.54	4.6	-6.169929	-0.311961	-0.021387	0	-0.021654	-0.212787	0.085871	1.222388E+9
6744.44	4.7	-6.143819	-0.304534	-0.023717	0	-0.023309	-0.212787	0.086125	1.222389E+9
6843.76	4.8	-6.149637	-0.30905	-0.022368	0	-0.021212	-0.212787	0.086063	1.222389E+9
6940.45	4.9	-6.166944	-0.311237	-0.02303	0	-0.022423	-0.212787	0.085786	1.22239E+9
7034.46	5	-6.151018	-0.310694	-0.02528	0	-0.024666	-0.212787	0.085879	1.22239E+9
7125.71	5.1	-6.150076	-0.313335	-0.023825	0	-0.022841	-0.212787	0.085773	1.222391E+9
7214.18	5.2	-6.150125	-0.312114	-0.023449	0	-0.023472	-0.212787	0.085738	1.222391E+9
7299.79	5.3	-6.162805	-0.302942	-0.022235	0	-0.023372	-0.212787	0.0857	1.222392E+9
7382.49	5.4	-6.150323	-0.308972	-0.024154	0	-0.023345	-0.212787	0.085714	1.222392E+9
7462.23	5.5	-6.148786	-0.312042	-0.02342	0	-0.023459	-0.212787	0.085789	1.222393E+9
7538.96	5.6	-6.137162	-0.305308	-0.024682	0	-0.023509	-0.212787	0.085791	1.222393E+9
7612.62	5.7	-6.141324	-0.307702	-0.025874	0	-0.024979	-0.212787	0.085667	1.222394E+9
7683.15	5.8	-6.146684	-0.305161	-0.0249	0	-0.02428	-0.212787	0.086031	1.222394E+9
7750.51	5.9	-6.146843	-0.304664	-0.025122	0	-0.024534	-0.212787	0.085636	1.222395E+9
7814.63	6	-6.143094	-0.307705	-0.025547	0	-0.024999	-0.212787	0.085703	1.222395E+9
