28/05/2021	16:05

Si/Pt30[Co88Tb12]450/Pt30

Field	Kepco	Channel A	Channel B	Agilent	0	RF out	Monitor+	Monitor-	Time
8342.16	7.4	0.197834	0.004505	0.009026	0	0.009313	-0.212787	0.006731	2.505327E+9
8311.94	7.2	0.197753	0.004066	0.009023	0	0.009228	-0.212787	0.006754	2.505328E+9
8265.94	7	0.197376	0.004261	0.009191	0	0.009283	-0.212787	0.00675	2.505329E+9
8204.61	6.8	0.197314	0.004378	0.009114	0	0.009333	-0.212787	0.006766	2.50533E+9
8128.37	6.6	0.197525	0.004059	0.009146	0	0.009278	-0.212787	0.006738	2.505331E+9
8037.67	6.4	0.196226	0.00367	0.009243	0	0.009241	-0.212787	0.006783	2.505332E+9
7932.95	6.2	0.196047	0.003592	0.009219	0	0.009206	-0.212787	0.006711	2.505333E+9
7814.63	6	0.19608	0.003705	0.00915	0	0.00919	-0.212787	0.006757	2.505334E+9
7683.15	5.8	0.19609	0.004232	0.009321	0	0.009173	-0.212787	0.00673	2.505335E+9
7538.96	5.6	0.196245	0.003839	0.009213	0	0.009118	-0.212787	0.006715	2.505336E+9
7382.49	5.4	0.196859	0.003926	0.009427	0	0.00931	-0.212787	0.006732	2.505337E+9
7214.18	5.2	0.196648	0.00428	0.009531	0	0.009334	-0.212787	0.006685	2.505338E+9
7034.46	5	0.19647	0.003829	0.009281	0	0.009177	-0.212787	0.006709	2.505339E+9
6843.76	4.8	0.196596	0.003917	0.009928	0	0.009309	-0.212787	0.006769	2.50534E+9
6642.54	4.6	0.196158	0.003897	0.00987	0	0.009316	-0.212787	0.006682	2.505341E+9
6431.22	4.4	0.196112	0.004271	0.009664	0	0.00928	-0.212787	0.00668	2.505342E+9
6210.24	4.2	0.19606	0.003939	0.009297	0	0.009247	-0.212787	0.00672	2.505343E+9
5980.04	4	0.195732	0.004284	0.009314	0	0.00926	-0.212787	0.006707	2.505344E+9
5741.05	3.8	0.19568	0.003728	0.009344	0	0.009214	-0.212787	0.00668	2.505345E+9
5493.71	3.6	0.195433	0.00378	0.009319	0	0.009148	-0.212787	0.006701	2.505346E+9
5238.46	3.4	0.194965	0.003709	0.009197	0	0.009128	-0.212787	0.006645	2.505347E+9
4975.74	3.2	0.195115	0.004621	0.009331	0	0.009343	-0.212787	0.006632	2.505348E+9
4705.98	3	0.194969	0.00482	0.009159	0	0.009343	-0.212787	0.006671	2.505349E+9
4429.62	2.8	0.194598	0.00494	0.009239	0	0.009255	-0.212787	0.006686	2.50535E+9
4147.09	2.6	0.195108	0.004193	0.009329	0	0.009161	-0.212787	0.00663	2.505351E+9
3858.83	2.4	0.195761	0.004719	0.009199	0	0.009218	-0.212787	0.006629	2.505352E+9
3565.29	2.2	0.195209	0.004511	0.009243	0	0.009266	-0.212787	0.006638	2.505353E+9
3266.89	2	0.194784	0.004368	0.009316	0	0.009275	-0.212787	0.006585	2.505354E+9
2964.07	1.8	0.19529	0.004641	0.009221	0	0.009142	-0.212787	0.006668	2.505355E+9
2657.27	1.6	0.195294	0.004186	0.008604	0	0.009285	-0.212787	0.006589	2.505356E+9
2346.93	1.4	0.194673	0.004485	0.008729	0	0.009064	-0.212787	0.006608	2.505357E+9
2033.48	1.2	0.194969	0.004634	0.009411	0	0.009179	-0.212787	0.006637	2.505358E+9
1717.37	1	0.194582	0.003852	0.008506	0	0.009154	-0.212787	0.00661	2.505359E+9
1399.02	0.8	0.194452	0.004654	0.008846	0	0.009256	-0.212787	0.006582	2.50536E+9
1078.87	0.6	0.193978	0.004079	0.00875	0	0.009324	-0.212787	0.006502	2.505361E+9
757.37	0.4	0.193945	0.004544	0.008501	0	0.009169	-0.212787	0.006517	2.505362E+9
434.94	0.2	0.193919	0.004651	0.008953	0	0.009268	-0.212787	0.006599	2.505363E+9
112.03	0	0.194381	0.004703	0.008691	0	0.009263	-0.212787	0.006618	2.505364E+9
-210.93	-0.2	0.194014	0.004605	0.009056	0	0.00932	-0.212787	0.006583	2.505365E+9
-533.51	-0.4	0.193754	0.004176	0.009024	0	0.009219	-0.212787	0.006576	2.505366E+9
-855.25	-0.6	0.193312	0.004586	0.009158	0	0.009253	-0.212787	0.006536	2.505367E+9
-1175.74	-0.8	0.192815	0.004007	0.009174	0	0.009181	-0.212787	0.006551	2.505368E+9
-1494.53	-1	0.1925	0.003962	0.009281	0	0.009307	-0.212787	0.006573	2.505369E+9
-1811.18	-1.2	0.192464	0.004063	0.009908	0	0.009231	-0.212787	0.00655	2.50537E+9
-2125.26	-1.4	0.192178	0.004303	0.008916	0	0.009336	-0.212787	0.006583	2.505371E+9
-2436.33	-1.6	0.192123	0.004033	0.009066	0	0.00926	-0.212787	0.006464	2.505372E+9
-2743.95	-1.8	-0.108999	0.004232	0.008049	0	0.008347	-0.212787	0.006571	2.505373E+9
-3047.69	-2	-0.15968	0.004355	0.007943	0	0.00824	-0.212787	0.006546	2.505374E+9
-3347.11	-2.2	-0.16403	0.004222	0.008476	0	0.008211	-0.212787	0.006593	2.505375E+9
-3641.77	-2.4	-0.165203	0.004297	0.008818	0	0.008257	-0.212787	0.00662	2.505376E+9
-3931.24	-2.6	-0.166187	0.004664	0.008844	0	0.008306	-0.212787	0.006549	2.505377E+9
-4215.08	-2.8	-0.166642	0.004583	0.008429	0	0.008068	-0.212787	0.006562	2.505378E+9
-4492.85	-3	-0.166626	0.004621	0.008735	0	0.008203	-0.212787	0.006503	2.505379E+9
-4764.12	-3.2	-0.166678	0.004638	0.008363	0	0.007975	-0.212787	0.006509	2.50538E+9
-5028.44	-3.4	-0.166798	0.005294	0.008143	0	0.008149	-0.212787	0.006466	2.505381E+9
-5285.39	-3.6	-0.166226	0.004751	0.008277	0	0.008018	-0.212787	0.006482	2.505382E+9
-5534.53	-3.8	-0.165599	0.00481	0.008134	0	0.008093	-0.212787	0.006484	2.505383E+9
-5775.41	-4	-0.165973	0.005378	0.00824	0	0.00818	-0.212787	0.006553	2.505384E+9
-6007.6	-4.2	-0.165495	0.004657	0.008104	0	0.008284	-0.212787	0.006496	2.505385E+9
-6230.67	-4.4	-0.164901	0.004732	0.008494	0	0.008171	-0.212787	0.006544	2.505386E+9
-6444.17	-4.6	-0.164716	0.004758	0.008404	0	0.008315	-0.212787	0.00648	2.505387E+9
-6647.68	-4.8	-0.16481	0.004602	0.007962	0	0.008161	-0.212787	0.0064	2.505388E+9
-6840.75	-5	-0.164946	0.005076	0.008016	0	0.00826	-0.212787	0.006504	2.505389E+9
-7022.95	-5.2	-0.164443	0.004933	0.007888	0	0.00839	-0.212787	0.006442	2.50539E+9
-7193.84	-5.4	-0.164498	0.004531	0.007614	0	0.008348	-0.212787	0.006417	2.505391E+9
-7352.98	-5.6	-0.164436	0.004638	0.00771	0	0.008262	-0.212787	0.006394	2.505392E+9
-7499.94	-5.8	-0.16402	0.004576	0.007954	0	0.008279	-0.212787	0.006433	2.505393E+9
-7634.28	-6	-0.16366	0.004696	0.007982	0	0.008196	-0.212787	0.006427	2.505394E+9
-7755.56	-6.2	-0.163494	0.004751	0.008231	0	0.008301	-0.212787	0.006408	2.505395E+9
-7863.34	-6.4	-0.163569	0.004924	0.008103	0	0.008267	-0.212787	0.006388	2.505396E+9
-7957.2	-6.6	-0.162883	0.004391	0.008082	0	0.008233	-0.212787	0.006429	2.505397E+9
-8036.69	-6.8	-0.162831	0.005154	0.008228	0	0.008305	-0.212787	0.006393	2.505398E+9
-8101.38	-7	-0.162636	0.004053	0.008252	0	0.008352	-0.212787	0.006397	2.505399E+9
-8150.82	-7.2	-0.162991	0.004027	0.008031	0	0.008259	-0.212787	0.006409	2.5054E+9
-8184.58	-7.4	-0.163056	0.003897	0.008106	0	0.0082	-0.212787	0.006414	2.505401E+9
-8150.82	-7.2	-0.163481	0.004352	0.008281	0	0.008145	-0.212787	0.006404	2.505402E+9
-8101.38	-7	-0.163199	0.003774	0.00812	0	0.008213	-0.212787	0.006294	2.505403E+9
-8036.69	-6.8	-0.163062	0.004544	0.008218	0	0.008045	-0.212787	0.006348	2.505404E+9
-7957.2	-6.6	-0.16277	0.004293	0.007895	0	0.008136	-0.212787	0.006314	2.505405E+9
-7863.34	-6.4	-0.16251	0.004287	0.008229	0	0.008111	-0.212787	0.006342	2.505406E+9
-7755.56	-6.2	-0.162429	0.004625	0.008463	0	0.008145	-0.212787	0.006394	2.505407E+9
-7634.28	-6	-0.161763	0.004332	0.008561	0	0.008201	-0.212787	0.006368	2.505408E+9
-7499.94	-5.8	-0.161769	0.004167	0.008407	0	0.008095	-0.212787	0.006377	2.505409E+9
-7352.98	-5.6	-0.161808	0.004813	0.00883	0	0.008132	-0.212787	0.006354	2.50541E+9
-7193.84	-5.4	-0.161879	0.004583	0.008398	0	0.007989	-0.212787	0.00634	2.505411E+9
-7022.95	-5.2	-0.161815	0.004186	0.008448	0	0.008163	-0.212787	0.006311	2.505412E+9
-6840.75	-5	-0.161883	0.004972	0.008113	0	0.008221	-0.212787	0.006348	2.505413E+9
-6647.68	-4.8	-0.161555	0.00417	0.008032	0	0.008151	-0.212787	0.00631	2.505414E+9
-6444.17	-4.6	-0.161421	0.00428	0.008154	0	0.008156	-0.212787	0.006301	2.505415E+9
-6230.67	-4.4	-0.160002	0.004686	0.00783	0	0.008257	-0.212787	0.006296	2.505416E+9
-6007.6	-4.2	-0.160278	0.005365	0.008262	0	0.008199	-0.212787	0.006272	2.505417E+9
-5775.41	-4	-0.159618	0.00495	0.008354	0	0.008215	-0.212787	0.006297	2.505418E+9
-5534.53	-3.8	-0.160174	0.004693	0.008544	0	0.008065	-0.212787	0.006331	2.505419E+9
-5285.39	-3.6	-0.15956	0.004673	0.00854	0	0.00819	-0.212787	0.006288	2.50542E+9
-5028.44	-3.4	-0.159885	0.004995	0.008506	0	0.00812	-0.212787	0.006263	2.505421E+9
-4764.12	-3.2	-0.160096	0.004615	0.007786	0	0.008277	-0.212787	0.006272	2.505422E+9
-4492.85	-3	-0.160018	0.004618	0.007655	0	0.008335	-0.212787	0.006258	2.505423E+9
-4215.08	-2.8	-0.159976	0.004592	0.007815	0	0.008244	-0.212787	0.006231	2.505424E+9
-3931.24	-2.6	-0.159612	0.004719	0.007772	0	0.008258	-0.212787	0.006268	2.505425E+9
-3641.77	-2.4	-0.159615	0.005187	0.008027	0	0.00826	-0.212787	0.006243	2.505426E+9
-3347.11	-2.2	-0.159342	0.004475	0.008289	0	0.008245	-0.212787	0.006226	2.505427E+9
-3047.69	-2	-0.159687	0.004927	0.008173	0	0.008359	-0.212787	0.006272	2.505428E+9
-2743.95	-1.8	-0.160258	0.003949	0.008139	0	0.008284	-0.212787	0.006263	2.505429E+9
-2436.33	-1.6	-0.160213	0.003813	0.008166	0	0.008036	-0.212787	0.00619	2.50543E+9
-2125.26	-1.4	-0.160145	0.004596	0.00801	0	0.008176	-0.212787	0.006203	2.505431E+9
-1811.18	-1.2	-0.160125	0.003994	0.007852	0	0.007997	-0.212787	0.006185	2.505432E+9
-1494.53	-1	-0.159345	0.004381	0.007844	0	0.008219	-0.212787	0.006256	2.505433E+9
-1175.74	-0.8	-0.159297	0.00429	0.008705	0	0.008059	-0.212787	0.006266	2.505434E+9
-855.25	-0.6	-0.159362	0.004618	0.008277	0	0.008242	-0.212787	0.006268	2.505435E+9
-533.51	-0.4	-0.159349	0.004375	0.008761	0	0.008115	-0.212787	0.006238	2.505436E+9
-210.93	-0.2	-0.158861	0.004738	0.008543	0	0.008252	-0.212787	0.006291	2.505437E+9
112.03	0	-0.159365	0.004797	0.008289	0	0.008212	-0.212787	0.006239	2.505438E+9
434.94	0.2	-0.159076	0.004111	0.008353	0	0.008251	-0.212787	0.006235	2.505439E+9
757.37	0.4	-0.159043	0.004628	0.008192	0	0.008045	-0.212787	0.006203	2.50544E+9
1078.87	0.6	-0.158663	0.004703	0.008392	0	0.008074	-0.212787	0.006148	2.505441E+9
1399.02	0.8	-0.158134	0.005021	0.008251	0	0.008214	-0.212787	0.006144	2.505442E+9
1717.37	1	-0.157331	0.00481	0.008218	0	0.008103	-0.212787	0.00617	2.505443E+9
2033.48	1.2	-0.157568	0.005015	0.008155	0	0.008131	-0.212787	0.006148	2.505444E+9
2346.93	1.4	0.151393	0.004803	0.009335	0	0.009052	-0.212787	0.006115	2.505445E+9
2657.27	1.6	0.176727	0.004371	0.009027	0	0.00906	-0.212787	0.006116	2.505446E+9
2964.07	1.8	0.179511	0.004176	0.009082	0	0.009047	-0.212787	0.006164	2.505447E+9
3266.89	2	0.179748	0.004228	0.008773	0	0.009123	-0.212787	0.006123	2.505448E+9
3565.29	2.2	0.180687	0.004225	0.008672	0	0.009016	-0.212787	0.006128	2.505449E+9
3858.83	2.4	0.180739	0.004141	0.008481	0	0.009235	-0.212787	0.0061	2.50545E+9
4147.09	2.6	0.180719	0.004245	0.008679	0	0.009103	-0.212787	0.00602	2.505451E+9
4429.62	2.8	0.180684	0.004742	0.008848	0	0.009255	-0.212787	0.006084	2.505452E+9
4705.98	3	0.180421	0.004397	0.008956	0	0.009074	-0.212787	0.006101	2.505453E+9
4975.74	3.2	0.180268	0.004732	0.009079	0	0.009221	-0.212787	0.006079	2.505454E+9
5238.46	3.4	0.180317	0.003959	0.009069	0	0.009094	-0.212787	0.006074	2.505455E+9
5493.71	3.6	0.180388	0.004222	0.009296	0	0.009048	-0.212787	0.006043	2.505456E+9
5741.05	3.8	0.179355	0.003579	0.009001	0	0.009115	-0.212787	0.006078	2.505458E+9
5980.04	4	0.179326	0.004202	0.008868	0	0.009119	-0.212787	0.006061	2.505458E+9
6210.24	4.2	0.178975	0.003777	0.008777	0	0.008998	-0.212787	0.005989	2.505459E+9
6431.22	4.4	0.179274	0.004251	0.008718	0	0.009127	-0.212787	0.006044	2.50546E+9
6642.54	4.6	0.179118	0.003738	0.008969	0	0.009073	-0.212787	0.006052	2.505461E+9
6843.76	4.8	0.17889	0.004316	0.009364	0	0.008906	-0.212787	0.006067	2.505462E+9
7034.46	5	0.178536	0.003777	0.009584	0	0.009078	-0.212787	0.006084	2.505463E+9
7214.18	5.2	0.178949	0.004241	0.009538	0	0.009097	-0.212787	0.006064	2.505464E+9
7382.49	5.4	0.178436	0.003842	0.009215	0	0.009093	-0.212787	0.006068	2.505465E+9
7538.96	5.6	0.17852	0.004313	0.009143	0	0.009014	-0.212787	0.006028	2.505466E+9
7683.15	5.8	0.177763	0.004583	0.009087	0	0.008945	-0.212787	0.005997	2.505467E+9
7814.63	6	0.177428	0.004355	0.009119	0	0.00893	-0.212787	0.006007	2.505468E+9
7932.95	6.2	0.177565	0.004313	0.009134	0	0.009094	-0.212787	0.006023	2.505469E+9
8037.67	6.4	0.178114	0.005021	0.009156	0	0.008797	-0.212787	0.005983	2.50547E+9
8128.37	6.6	0.178088	0.004946	0.009074	0	0.009045	-0.212787	0.005975	2.505471E+9
8204.61	6.8	0.178137	0.004141	0.009477	0	0.009019	-0.212787	0.006057	2.505472E+9
8265.94	7	0.177744	0.00415	0.008808	0	0.008964	-0.212787	0.005996	2.505473E+9
8311.94	7.2	0.177178	0.004017	0.008532	0	0.008927	-0.212787	0.006008	2.505474E+9
8342.16	7.4	0.17658	0.004037	0.008543	0	0.009034	-0.212787	0.005971	2.505475E+9
