03/06/2021	18:08

Si/Pt30/[co88Tb12]450/Pt30

Field	Kepco	Channel A	Channel B	Agilent	0	RF out	Monitor+	Monitor-	Time
8342.16	7.4	2.121258	-0.028575	0.009223	0	0.009394	-0.212787	0.049941	3.031145E+9
8311.94	7.2	2.119335	-0.028952	0.009383	0	0.009081	-0.212787	0.049951	3.031145E+9
8265.94	7	2.118932	-0.029338	0.008999	0	0.008787	-0.212787	0.049952	3.031146E+9
8204.61	6.8	2.119871	-0.028747	0.00889	0	0.008961	-0.212787	0.049963	3.031147E+9
8128.37	6.6	2.121249	-0.028477	0.008974	0	0.009114	-0.212787	0.049957	3.031148E+9
8037.67	6.4	2.121892	-0.029033	0.010004	0	0.008889	-0.212787	0.050042	3.031149E+9
7932.95	6.2	2.12246	-0.028916	0.00944	0	0.008769	-0.212787	0.050013	3.03115E+9
7814.63	6	2.122356	-0.029111	0.008919	0	0.008694	-0.212787	0.049973	3.031151E+9
7683.15	5.8	2.122649	-0.028533	0.008838	0	0.00918	-0.212787	0.049988	3.031152E+9
7538.96	5.6	2.123019	-0.029384	0.00927	0	0.009294	-0.212787	0.049949	3.031153E+9
7382.49	5.4	2.124	-0.028451	0.009087	0	0.009066	-0.212787	0.049997	3.031154E+9
7214.18	5.2	2.124416	-0.02863	0.009191	0	0.009071	-0.212787	0.049993	3.031155E+9
7034.46	5	2.125436	-0.028675	0.008405	0	0.008874	-0.212787	0.050007	3.031156E+9
6843.76	4.8	2.12531	-0.028705	0.008363	0	0.009004	-0.212787	0.050028	3.031157E+9
6642.54	4.6	2.125388	-0.028507	0.008929	0	0.008798	-0.212787	0.049918	3.031158E+9
6431.22	4.4	2.126778	-0.028695	0.008414	0	0.008698	-0.212787	0.050009	3.031159E+9
6210.24	4.2	2.127785	-0.028588	0.008603	0	0.008809	-0.212787	0.050022	3.03116E+9
5980.04	4	2.127298	-0.029231	0.00854	0	0.008145	-0.212787	0.050007	3.031161E+9
5741.05	3.8	2.12709	-0.028935	0.008467	0	0.008429	-0.212787	0.050064	3.031162E+9
5493.71	3.6	2.127561	-0.029163	0.008762	0	0.008809	-0.212787	0.04999	3.031163E+9
5238.46	3.4	2.127554	-0.028991	0.008246	0	0.008604	-0.212787	0.049942	3.031164E+9
4975.74	3.2	2.128045	-0.029078	0.008977	0	0.008439	-0.212787	0.050071	3.031165E+9
4705.98	3	2.12798	-0.029069	0.008059	0	0.008498	-0.212787	0.05003	3.031166E+9
4429.62	2.8	2.127961	-0.029052	0.008686	0	0.008761	-0.212787	0.050004	3.031167E+9
4147.09	2.6	2.127772	-0.02913	0.009087	0	0.008631	-0.212787	0.050021	3.031168E+9
3858.83	2.4	2.127886	-0.028536	0.008448	0	0.008367	-0.212787	0.050005	3.031169E+9
3565.29	2.2	2.127308	-0.028308	0.008226	0	0.008439	-0.212787	0.050067	3.03117E+9
3266.89	2	2.12811	-0.027974	0.008206	0	0.008635	-0.212787	0.050076	3.031171E+9
2964.07	1.8	2.128565	-0.02864	0.00863	0	0.008342	-0.212787	0.050087	3.031172E+9
2657.27	1.6	2.128461	-0.028675	0.008783	0	0.008202	-0.212787	0.050129	3.031173E+9
2346.93	1.4	2.128016	-0.028724	0.008395	0	0.008075	-0.212787	0.050045	3.031174E+9
2033.48	1.2	2.127561	-0.028266	0.007425	0	0.008075	-0.212787	0.050052	3.031175E+9
1717.37	1	2.127129	-0.028776	0.007745	0	0.008013	-0.212787	0.050036	3.031176E+9
1399.02	0.8	2.127057	-0.02861	0.007877	0	0.008149	-0.212787	0.050074	3.031177E+9
1078.87	0.6	2.126895	-0.028594	0.007706	0	0.008213	-0.212787	0.050069	3.031178E+9
757.37	0.4	2.12541	-0.02925	0.00796	0	0.008012	-0.212787	0.050039	3.031179E+9
434.94	0.2	2.123857	-0.029218	0.008183	0	0.008121	-0.212787	0.050071	3.03118E+9
112.03	0	2.121453	-0.028874	0.007787	0	0.00805	-0.212787	0.050023	3.031181E+9
-210.93	-0.2	2.117993	-0.029101	0.00838	0	0.008315	-0.212787	0.050074	3.031182E+9
-533.51	-0.4	2.098341	-0.028594	0.0081	0	0.008402	-0.212787	0.050099	3.031183E+9
-855.25	-0.6	1.995828	-0.026765	0.008164	0	0.007985	-0.212787	0.050142	3.031184E+9
-1175.74	-0.8	1.763159	-0.023039	0.006893	0	0.006549	-0.212787	0.050122	3.031185E+9
-1494.53	-1	1.466459	-0.017863	0.005627	0	0.005392	-0.212787	0.050105	3.031186E+9
-1811.18	-1.2	1.181623	-0.013406	0.004959	0	0.004846	-0.212787	0.050094	3.031187E+9
-2125.26	-1.4	0.93591	-0.006096	0.003905	0	0.004063	-0.212787	0.050178	3.031188E+9
-2436.33	-1.6	0.725127	-0.00184	0.003289	0	0.003277	-0.212787	0.050168	3.031189E+9
-2743.95	-1.8	0.537344	0.000447	0.002471	0	0.002644	-0.212787	0.050216	3.03119E+9
-3047.69	-2	0.363926	0.003445	0.00197	0	0.002399	-0.212787	0.050149	3.031191E+9
-3347.11	-2.2	0.197548	0.005966	0.001201	0	0.001698	-0.212787	0.050145	3.031192E+9
-3641.77	-2.4	0.033828	0.008627	0.000866	0	0.00115	-0.212787	0.050139	3.031193E+9
-3931.24	-2.6	-0.132107	0.01097	0.000827	0	0.000541	-0.212787	0.050198	3.031194E+9
-4215.08	-2.8	-0.291809	0.014095	7.4E-5	0	0.000293	-0.212787	0.050205	3.031195E+9
-4492.85	-3	-0.456292	0.017006	-0.000111	0	-0.000398	-0.212787	0.050239	3.031196E+9
-4764.12	-3.2	-0.616763	0.019261	-0.000963	0	-0.00102	-0.212787	0.050269	3.031197E+9
-5028.44	-3.4	-0.772004	0.021619	-0.00159	0	-0.001459	-0.212787	0.050278	3.031198E+9
-5285.39	-3.6	-0.915776	0.023793	-0.001994	0	-0.00198	-0.212787	0.050275	3.031199E+9
-5534.53	-3.8	-1.038328	0.026336	-0.002587	0	-0.002219	-0.212787	0.050208	3.0312E+9
-5775.41	-4	-1.127699	0.027584	-0.002537	0	-0.002116	-0.212787	0.050219	3.031201E+9
-6007.6	-4.2	-1.17993	0.02863	-0.001936	0	-0.002464	-0.212787	0.050296	3.031202E+9
-6230.67	-4.4	-1.203783	0.028572	-0.002108	0	-0.002215	-0.212787	0.050273	3.031203E+9
-6444.17	-4.6	-1.212993	0.029384	-0.002226	0	-0.002585	-0.212787	0.050279	3.031204E+9
-6647.68	-4.8	-1.215998	0.028861	-0.002135	0	-0.002459	-0.212787	0.050257	3.031205E+9
-6840.75	-5	-1.217853	0.029478	-0.002288	0	-0.002097	-0.212787	0.050246	3.031206E+9
-7022.95	-5.2	-1.218704	0.029293	-0.002071	0	-0.002443	-0.212787	0.050228	3.031207E+9
-7193.84	-5.4	-1.21822	0.029605	-0.002084	0	-0.002428	-0.212787	0.050333	3.031208E+9
-7352.98	-5.6	-1.218262	0.030047	-0.001819	0	-0.002366	-0.212787	0.050276	3.031209E+9
-7499.94	-5.8	-1.218633	0.029783	-0.002759	0	-0.002224	-0.212787	0.050227	3.03121E+9
-7634.28	-6	-1.218863	0.029816	-0.002635	0	-0.00202	-0.212787	0.050225	3.031211E+9
-7755.56	-6.2	-1.219474	0.029322	-0.002707	0	-0.002519	-0.212787	0.050263	3.031212E+9
-7863.34	-6.4	-1.219101	0.029342	-0.002499	0	-0.002706	-0.212787	0.050315	3.031213E+9
-7957.2	-6.6	-1.218928	0.029507	-0.002564	0	-0.002219	-0.212787	0.050216	3.031214E+9
-8036.69	-6.8	-1.218626	0.02914	-0.002523	0	-0.002546	-0.212787	0.050287	3.031215E+9
-8101.38	-7	-1.218428	0.028549	-0.002279	0	-0.002588	-0.212787	0.050243	3.031216E+9
-8150.82	-7.2	-1.218854	0.029234	-0.002485	0	-0.002432	-0.212787	0.050283	3.031217E+9
-8184.58	-7.4	-1.219559	0.028604	-0.002548	0	-0.002396	-0.212787	0.050289	3.031218E+9
-8150.82	-7.2	-1.219965	0.028867	-0.00254	0	-0.002713	-0.212787	0.050282	3.031219E+9
-8101.38	-7	-1.220611	0.029052	-0.002369	0	-0.002698	-0.212787	0.050281	3.03122E+9
-8036.69	-6.8	-1.220494	0.029329	-0.002188	0	-0.002277	-0.212787	0.050331	3.031221E+9
-7957.2	-6.6	-1.221219	0.029491	-0.002262	0	-0.002379	-0.212787	0.050354	3.031222E+9
-7863.34	-6.4	-1.221566	0.029442	-0.002211	0	-0.002684	-0.212787	0.050286	3.031223E+9
-7755.56	-6.2	-1.222015	0.028848	-0.002623	0	-0.002484	-0.212787	0.050244	3.031224E+9
-7634.28	-6	-1.221872	0.029712	-0.002663	0	-0.002196	-0.212787	0.050291	3.031225E+9
-7499.94	-5.8	-1.222694	0.029608	-0.002578	0	-0.002316	-0.212787	0.050286	3.031226E+9
-7352.98	-5.6	-1.22296	0.029624	-0.002333	0	-0.002455	-0.212787	0.05027	3.031227E+9
-7193.84	-5.4	-1.222788	0.029608	-0.002334	0	-0.00262	-0.212787	0.050283	3.031228E+9
-7022.95	-5.2	-1.222561	0.029809	-0.002354	0	-0.00215	-0.212787	0.050319	3.031229E+9
-6840.75	-5	-1.223425	0.029761	-0.002004	0	-0.002254	-0.212787	0.050273	3.03123E+9
-6647.68	-4.8	-1.224032	0.029809	-0.002429	0	-0.002383	-0.212787	0.050209	3.031231E+9
-6444.17	-4.6	-1.224282	0.029628	-0.002196	0	-0.002531	-0.212787	0.050294	3.031232E+9
-6230.67	-4.4	-1.224182	0.029822	-0.002926	0	-0.002504	-0.212787	0.050295	3.031233E+9
-6007.6	-4.2	-1.224958	0.029436	-0.002458	0	-0.002473	-0.212787	0.050245	3.031234E+9
-5775.41	-4	-1.225491	0.029813	-0.00291	0	-0.002744	-0.212787	0.050245	3.031235E+9
-5534.53	-3.8	-1.225741	0.029468	-0.003152	0	-0.0027	-0.212787	0.050237	3.031236E+9
-5285.39	-3.6	-1.225696	0.029624	-0.002562	0	-0.002692	-0.212787	0.050266	3.031237E+9
-5028.44	-3.4	-1.225816	0.029325	-0.002813	0	-0.002944	-0.212787	0.050315	3.031238E+9
-4764.12	-3.2	-1.225936	0.029176	-0.002922	0	-0.002629	-0.212787	0.050297	3.031239E+9
-4492.85	-3	-1.227099	0.028734	-0.003383	0	-0.003033	-0.212787	0.050304	3.03124E+9
-4215.08	-2.8	-1.22706	0.028731	-0.00316	0	-0.002913	-0.212787	0.050288	3.031241E+9
-3931.24	-2.6	-1.226787	0.028997	-0.003005	0	-0.003024	-0.212787	0.050301	3.031242E+9
-3641.77	-2.4	-1.22683	0.029046	-0.003538	0	-0.003037	-0.212787	0.050217	3.031243E+9
-3347.11	-2.2	-1.226625	0.02902	-0.002865	0	-0.00271	-0.212787	0.050381	3.031244E+9
-3047.69	-2	-1.225978	0.028984	-0.002468	0	-0.003024	-0.212787	0.050385	3.031245E+9
-2743.95	-1.8	-1.225449	0.028968	-0.003314	0	-0.002843	-0.212787	0.050414	3.031246E+9
-2436.33	-1.6	-1.224692	0.028945	-0.002295	0	-0.003093	-0.212787	0.05033	3.031247E+9
-2125.26	-1.4	-1.224669	0.029221	-0.0026	0	-0.002936	-0.212787	0.050395	3.031248E+9
-1811.18	-1.2	-1.223899	0.029462	-0.002645	0	-0.002944	-0.212787	0.050409	3.031249E+9
-1494.53	-1	-1.223493	0.029423	-0.002721	0	-0.003277	-0.212787	0.050324	3.03125E+9
-1175.74	-0.8	-1.222021	0.028945	-0.002646	0	-0.003167	-0.212787	0.050349	3.031251E+9
-855.25	-0.6	-1.220423	0.029319	-0.002717	0	-0.00308	-0.212787	0.050331	3.031252E+9
-533.51	-0.4	-1.219133	0.029715	-0.003133	0	-0.002834	-0.212787	0.050311	3.031253E+9
-210.93	-0.2	-1.213133	0.029657	-0.003083	0	-0.003074	-0.212787	0.050318	3.031254E+9
112.03	0	-1.183396	0.029286	-0.002708	0	-0.002642	-0.212787	0.050335	3.031255E+9
434.94	0.2	-1.053954	0.026739	-0.002422	0	-0.001913	-0.212787	0.050403	3.031256E+9
757.37	0.4	-0.798592	0.022353	-0.001219	0	-0.001401	-0.212787	0.050316	3.031257E+9
1078.87	0.6	-0.499803	0.017406	-0.000533	0	-0.000438	-0.212787	0.05026	3.031258E+9
1399.02	0.8	-0.222077	0.012747	-0.000247	0	0.000625	-0.212787	0.050223	3.031259E+9
1717.37	1	0.019832	0.008744	2.1E-5	0	0.001067	-0.212787	0.050233	3.03126E+9
2033.48	1.2	0.226774	0.005619	0.001302	0	0.001518	-0.212787	0.050239	3.031261E+9
2346.93	1.4	0.410939	0.002234	0.001666	0	0.002106	-0.212787	0.0502	3.031262E+9
2657.27	1.6	0.583356	-0.00044	0.00243	0	0.00291	-0.212787	0.050224	3.031263E+9
2964.07	1.8	0.749035	-0.003416	0.003393	0	0.003066	-0.212787	0.05027	3.031264E+9
3266.89	2	0.912908	-0.006103	0.003286	0	0.00345	-0.212787	0.050248	3.031265E+9
3565.29	2.2	1.074932	-0.008539	0.003958	0	0.003986	-0.212787	0.050187	3.031266E+9
3858.83	2.4	1.238126	-0.014556	0.004657	0	0.004409	-0.212787	0.050206	3.031267E+9
4147.09	2.6	1.400778	-0.017093	0.005333	0	0.005316	-0.212787	0.050278	3.031268E+9
4429.62	2.8	1.559569	-0.019741	0.005548	0	0.005526	-0.212787	0.050201	3.031269E+9
4705.98	3	1.713342	-0.022422	0.00589	0	0.006256	-0.212787	0.050134	3.03127E+9
4975.74	3.2	1.853154	-0.024429	0.006266	0	0.006316	-0.212787	0.050187	3.031271E+9
5238.46	3.4	1.969221	-0.026434	0.007369	0	0.006744	-0.212787	0.050225	3.031272E+9
5493.71	3.6	2.050438	-0.027717	0.006751	0	0.007351	-0.212787	0.050238	3.031273E+9
5741.05	3.8	2.095882	-0.028182	0.007085	0	0.007577	-0.212787	0.050247	3.031274E+9
5980.04	4	2.115277	-0.028539	0.007775	0	0.007373	-0.212787	0.050242	3.031275E+9
6210.24	4.2	2.122636	-0.028958	0.007807	0	0.006996	-0.212787	0.050234	3.031276E+9
6431.22	4.4	2.125358	-0.028932	0.007698	0	0.007245	-0.212787	0.050209	3.031277E+9
6642.54	4.6	2.126619	-0.028997	0.007928	0	0.007299	-0.212787	0.050203	3.031278E+9
6843.76	4.8	2.12748	-0.028672	0.007626	0	0.007155	-0.212787	0.050182	3.031279E+9
7034.46	5	2.128032	-0.028679	0.007555	0	0.007407	-0.212787	0.05015	3.03128E+9
7214.18	5.2	2.127451	-0.029241	0.00752	0	0.007224	-0.212787	0.050145	3.031281E+9
7382.49	5.4	2.127321	-0.029147	0.007757	0	0.007587	-0.212787	0.050233	3.031282E+9
7538.96	5.6	2.127935	-0.028903	0.007677	0	0.007338	-0.212787	0.050145	3.031283E+9
7683.15	5.8	2.127714	-0.028429	0.007309	0	0.007372	-0.212787	0.050192	3.031284E+9
7814.63	6	2.127327	-0.02875	0.00732	0	0.007546	-0.212787	0.050159	3.031285E+9
7932.95	6.2	2.128117	-0.028701	0.007959	0	0.007274	-0.212787	0.050146	3.031286E+9
8037.67	6.4	2.12773	-0.027977	0.007388	0	0.007336	-0.212787	0.050177	3.031287E+9
8128.37	6.6	2.127324	-0.028484	0.007054	0	0.007701	-0.212787	0.050161	3.031288E+9
8204.61	6.8	2.127619	-0.028555	0.007563	0	0.007311	-0.212787	0.050198	3.031289E+9
8265.94	7	2.128094	-0.028013	0.007823	0	0.00736	-0.212787	0.050216	3.03129E+9
8311.94	7.2	2.127844	-0.02864	0.007476	0	0.007242	-0.212787	0.050199	3.031291E+9
8342.16	7.4	2.127662	-0.028708	0.007539	0	0.007538	-0.212787	0.050205	3.031292E+9
