24/05/2022	10:31

Si\Ta3\(Co88Tb12)100\Pt3-20220523_APEJ4

Field	Kepco	Channel A	Channel B	Agilent	0	RF out	Monitor+	Monitor-	Time
5980.04	4	5.434966	-0.446958	0.005936	0	0.005414	-0.212787	0.021679	3.365148E+9
5861.61	3.9	5.442403	-0.450902	0.005795	0	0.005713	-0.212787	0.02199	3.365149E+9
5741.05	3.8	5.441474	-0.440948	0.005909	0	0.00562	-0.212787	0.021625	3.36515E+9
5618.4	3.7	5.44111	-0.447797	0.005891	0	0.005729	-0.212787	0.021884	3.365151E+9
5493.71	3.6	5.43881	-0.449158	0.006207	0	0.005375	-0.212787	0.021972	3.365152E+9
5367.05	3.5	5.43174	-0.451344	0.005754	0	0.005691	-0.212787	0.021899	3.365153E+9
5238.46	3.4	5.448176	-0.451871	0.005202	0	0.005325	-0.212787	0.021964	3.365154E+9
5108.01	3.3	5.448478	-0.452702	0.00554	0	0.005603	-0.212787	0.021863	3.365155E+9
4975.74	3.2	5.452341	-0.448999	0.005705	0	0.005647	-0.212787	0.021679	3.365156E+9
4841.71	3.1	5.449323	-0.445431	0.005779	0	0.00537	-0.212787	0.021681	3.365157E+9
4705.98	3	5.446409	-0.451653	0.005779	0	0.00555	-0.212787	0.022026	3.365158E+9
4568.59	2.9	5.448781	-0.444873	0.005801	0	0.005605	-0.212787	0.021746	3.365159E+9
4429.62	2.8	5.452624	-0.45047	0.00582	0	0.005631	-0.212787	0.022026	3.36516E+9
4289.09	2.7	5.45457	-0.447036	0.005882	0	0.005569	-0.212787	0.022	3.365161E+9
4147.09	2.6	5.454996	-0.452238	0.00579	0	0.005441	-0.212787	0.021769	3.365162E+9
4003.65	2.5	5.450346	-0.448427	0.005357	0	0.005686	-0.212787	0.021591	3.365163E+9
3858.83	2.4	5.453134	-0.451575	0.005246	0	0.005517	-0.212787	0.021606	3.365164E+9
3712.69	2.3	5.448465	-0.444902	0.005404	0	0.005348	-0.212787	0.021631	3.365165E+9
3565.29	2.2	5.446844	-0.44842	0.005695	0	0.005442	-0.212787	0.02198	3.365166E+9
3416.67	2.1	5.449989	-0.448781	0.005387	0	0.00558	-0.212787	0.02162	3.365167E+9
3266.89	2	5.458569	-0.44985	0.00532	0	0.00562	-0.212787	0.021945	3.365168E+9
3116	1.9	5.450307	-0.451828	0.005092	0	0.00561	-0.212787	0.021624	3.365169E+9
2964.07	1.8	5.453316	-0.447527	0.005249	0	0.005849	-0.212787	0.021959	3.36517E+9
2811.14	1.7	5.451938	-0.444795	0.005135	0	0.005635	-0.212787	0.021819	3.365171E+9
2657.27	1.6	5.45291	-0.445623	0.005597	0	0.005677	-0.212787	0.021847	3.365172E+9
2502.52	1.5	5.454232	-0.448911	0.005516	0	0.005684	-0.212787	0.0216	3.365173E+9
2346.93	1.4	5.456682	-0.454411	0.005474	0	0.005761	-0.212787	0.021847	3.365174E+9
2190.57	1.3	5.456324	-0.451874	0.005425	0	0.005453	-0.212787	0.021839	3.365175E+9
2033.48	1.2	5.455522	-0.45304	0.005509	0	0.005551	-0.212787	0.021994	3.365176E+9
1875.73	1.1	5.457624	-0.453989	0.005176	0	0.005401	-0.212787	0.021743	3.365177E+9
1717.37	1	5.461123	-0.452208	0.005622	0	0.005535	-0.212787	0.021741	3.365178E+9
1558.44	0.9	5.461328	-0.451546	0.00542	0	0.005531	-0.212787	0.021796	3.365179E+9
1399.02	0.8	5.459589	-0.450016	0.005531	0	0.005739	-0.212787	0.021836	3.36518E+9
1239.14	0.7	5.451276	-0.451949	0.00545	0	0.005747	-0.212787	0.021682	3.365181E+9
1078.87	0.6	5.453904	-0.449125	0.005428	0	0.005512	-0.212787	0.021656	3.365182E+9
918.26	0.5	5.457481	-0.454535	0.005439	0	0.005658	-0.212787	0.021933	3.365183E+9
757.37	0.4	5.453332	-0.447066	0.005138	0	0.005763	-0.212787	0.021597	3.365184E+9
596.24	0.3	5.457754	-0.454057	0.005405	0	0.005634	-0.212787	0.02163	3.365185E+9
434.94	0.2	5.45609	-0.444678	0.005363	0	0.005549	-0.212787	0.021854	3.365186E+9
273.52	0.1	5.453605	-0.449184	0.005301	0	0.005597	-0.212787	0.021639	3.365187E+9
112.03	0	5.458637	-0.452186	0.005803	0	0.005678	-0.212787	0.021641	3.365188E+9
-49.47	-0.1	5.453264	-0.444928	0.005246	0	0.005692	-0.212787	0.021831	3.365189E+9
-210.93	-0.2	5.449382	-0.442121	0.00606	0	0.005796	-0.212787	0.021828	3.36519E+9
-372.3	-0.3	5.452962	-0.44562	0.006105	0	0.00557	-0.212787	0.021977	3.365191E+9
-533.51	-0.4	5.456029	-0.447797	0.005871	0	0.005784	-0.212787	0.021751	3.365192E+9
-694.51	-0.5	5.456438	-0.443856	0.006371	0	0.005566	-0.212787	0.021922	3.365193E+9
-855.25	-0.6	5.456961	-0.450022	0.006344	0	0.005984	-0.212787	0.021886	3.365194E+9
-1015.68	-0.7	5.457738	-0.445068	0.005791	0	0.005662	-0.212787	0.021991	3.365195E+9
-1175.74	-0.8	5.457279	-0.449603	0.005805	0	0.005472	-0.212787	0.021656	3.365196E+9
-1335.37	-0.9	5.459034	-0.448212	0.005743	0	0.005733	-0.212787	0.021698	3.365197E+9
-1494.53	-1	5.458572	-0.448693	0.005552	0	0.005754	-0.212787	0.021882	3.365198E+9
-1653.15	-1.1	5.46202	-0.452712	0.005609	0	0.005756	-0.212787	0.021708	3.365199E+9
-1811.18	-1.2	5.462114	-0.455831	0.006039	0	0.005678	-0.212787	0.022016	3.3652E+9
-1968.57	-1.3	5.461032	-0.450071	0.005929	0	0.005516	-0.212787	0.021748	3.365201E+9
-2125.26	-1.4	5.46714	-0.452153	0.005873	0	0.005687	-0.212787	0.021987	3.365202E+9
-2281.19	-1.5	5.456919	-0.453063	0.005788	0	0.005685	-0.212787	0.021861	3.365203E+9
-2436.33	-1.6	5.459368	-0.444294	0.006046	0	0.005331	-0.212787	0.021774	3.365204E+9
-2590.6	-1.7	5.457621	-0.443193	0.005679	0	0.005838	-0.212787	0.021972	3.365205E+9
-2743.95	-1.8	5.453192	-0.452329	0.005894	0	0.005721	-0.212787	0.021697	3.365206E+9
-2896.33	-1.9	5.45546	-0.451114	0.005877	0	0.005647	-0.212787	0.021744	3.365207E+9
-3047.69	-2	5.435542	-0.450048	0.005895	0	0.005523	-0.212787	0.022015	3.365208E+9
-3197.97	-2.1	5.35347	-0.43846	0.005435	0	0.005553	-0.212787	0.021715	3.365209E+9
-3347.11	-2.2	0.575579	0.003212	0.0035	0	0.004162	-0.212787	0.021863	3.36521E+9
-3495.06	-2.3	-3.159142	0.326006	0.002972	0	0.003303	-0.212787	0.021814	3.365211E+9
-3641.77	-2.4	-4.393361	0.442729	0.001923	0	0.002886	-0.212787	0.021717	3.365212E+9
-3787.18	-2.5	-5.016984	0.490902	0.0021	0	0.002687	-0.212787	0.021985	3.365213E+9
-3931.24	-2.6	-5.317997	0.517994	0.002547	0	0.002635	-0.212787	0.021923	3.365214E+9
-4073.89	-2.7	-5.443025	0.53492	0.002302	0	0.002408	-0.212787	0.021661	3.365215E+9
-4215.08	-2.8	-5.516604	0.538188	0.002097	0	0.002657	-0.212787	0.02173	3.365216E+9
-4354.75	-2.9	-5.549982	0.533672	0.00255	0	0.002559	-0.212787	0.021637	3.365217E+9
-4492.85	-3	-5.566863	0.536928	0.002343	0	0.002537	-0.212787	0.022042	3.365218E+9
-4629.32	-3.1	-5.584933	0.539933	0.002347	0	0.002668	-0.212787	0.021722	3.365219E+9
-4764.12	-3.2	-5.594758	0.545969	0.002481	0	0.002733	-0.212787	0.022019	3.36522E+9
-4897.18	-3.3	-5.602227	0.536229	0.002416	0	0.002441	-0.212787	0.021707	3.365221E+9
-5028.44	-3.4	-5.609829	0.544744	0.002246	0	0.0024	-0.212787	0.021657	3.365222E+9
-5157.87	-3.5	-5.614943	0.539712	0.0023	0	0.002565	-0.212787	0.021669	3.365223E+9
-5285.39	-3.6	-5.612253	0.541632	0.002746	0	0.002608	-0.212787	0.021821	3.365224E+9
-5410.96	-3.7	-5.620677	0.537451	0.002367	0	0.002669	-0.212787	0.021972	3.365225E+9
-5534.53	-3.8	-5.623913	0.542032	0.002449	0	0.002566	-0.212787	0.021652	3.365226E+9
-5656.02	-3.9	-5.625417	0.544043	0.003113	0	0.002565	-0.212787	0.021957	3.365227E+9
-5775.41	-4	-5.634254	0.55132	0.002873	0	0.002564	-0.212787	0.022	3.365228E+9
-5656.02	-3.9	-5.63118	0.545709	0.003063	0	0.002753	-0.212787	0.021662	3.365229E+9
-5534.53	-3.8	-5.628139	0.548789	0.002731	0	0.002637	-0.212787	0.022052	3.36523E+9
-5410.96	-3.7	-5.631174	0.539611	0.003053	0	0.002574	-0.212787	0.021681	3.365231E+9
-5285.39	-3.6	-5.629007	0.545163	0.002628	0	0.002459	-0.212787	0.021982	3.365232E+9
-5157.87	-3.5	-5.63604	0.540894	0.00276	0	0.002471	-0.212787	0.022029	3.365233E+9
-5028.44	-3.4	-5.627701	0.544585	0.002994	0	0.002613	-0.212787	0.021967	3.365234E+9
-4897.18	-3.3	-5.638786	0.54658	0.002446	0	0.002526	-0.212787	0.021649	3.365235E+9
-4764.12	-3.2	-5.635469	0.550163	0.002616	0	0.002601	-0.212787	0.022025	3.365236E+9
-4629.32	-3.1	-5.635621	0.545352	0.002444	0	0.00258	-0.212787	0.022044	3.365237E+9
-4492.85	-3	-5.640101	0.541184	0.003042	0	0.002357	-0.212787	0.021943	3.365238E+9
-4354.75	-2.9	-5.637434	0.549832	0.002919	0	0.002535	-0.212787	0.021949	3.365239E+9
-4215.08	-2.8	-5.637476	0.554026	0.002981	0	0.002478	-0.212787	0.021847	3.36524E+9
-4073.89	-2.7	-5.638454	0.545963	0.002125	0	0.002634	-0.212787	0.021765	3.365241E+9
-3931.24	-2.6	-5.641898	0.543851	0.002019	0	0.002444	-0.212787	0.021789	3.365242E+9
-3787.18	-2.5	-5.645118	0.541638	0.002181	0	0.002927	-0.212787	0.021809	3.365243E+9
-3641.77	-2.4	-5.644819	0.550316	0.001997	0	0.002525	-0.212787	0.021822	3.365244E+9
-3495.06	-2.3	-5.643899	0.547337	0.002061	0	0.002417	-0.212787	0.021875	3.365245E+9
-3347.11	-2.2	-5.641684	0.542499	0.001977	0	0.002755	-0.212787	0.022019	3.365246E+9
-3197.97	-2.1	-5.642558	0.546083	0.002001	0	0.002761	-0.212787	0.021973	3.365247E+9
-3047.69	-2	-5.637428	0.544124	0.002732	0	0.002609	-0.212787	0.02195	3.365248E+9
-2896.33	-1.9	-5.648964	0.552688	0.002437	0	0.002703	-0.212787	0.021935	3.365249E+9
-2743.95	-1.8	-5.641849	0.547194	0.002381	0	0.002536	-0.212787	0.022	3.36525E+9
-2590.6	-1.7	-5.641313	0.540544	0.002455	0	0.002684	-0.212787	0.021671	3.365251E+9
-2436.33	-1.6	-5.645543	0.538074	0.002269	0	0.00256	-0.212787	0.021813	3.365252E+9
-2281.19	-1.5	-5.642564	0.543074	0.002111	0	0.002315	-0.212787	0.021601	3.365253E+9
-2125.26	-1.4	-5.647574	0.538968	0.002081	0	0.002509	-0.212787	0.021632	3.365254E+9
-1968.57	-1.3	-5.65527	0.542194	0.002307	0	0.002336	-0.212787	0.021656	3.365255E+9
-1811.18	-1.2	-5.645352	0.538308	0.002334	0	0.002497	-0.212787	0.021964	3.365256E+9
-1653.15	-1.1	-5.643574	0.551008	0.002548	0	0.002635	-0.212787	0.021603	3.365257E+9
-1494.53	-1	-5.650556	0.553211	0.002745	0	0.002571	-0.212787	0.022028	3.365258E+9
-1335.37	-0.9	-5.650381	0.550014	0.002923	0	0.002445	-0.212787	0.021844	3.365259E+9
-1175.74	-0.8	-5.651632	0.542204	0.00309	0	0.002517	-0.212787	0.021716	3.36526E+9
-1015.68	-0.7	-5.656973	0.543913	0.003235	0	0.002639	-0.212787	0.021726	3.365261E+9
-855.25	-0.6	-5.645589	0.537441	0.003156	0	0.002607	-0.212787	0.02196	3.365262E+9
-694.51	-0.5	-5.648461	0.540008	0.003002	0	0.002693	-0.212787	0.02195	3.365263E+9
-533.51	-0.4	-5.652973	0.545543	0.002815	0	0.002357	-0.212787	0.021696	3.365264E+9
-372.3	-0.3	-5.653828	0.543545	0.002559	0	0.002565	-0.212787	0.022002	3.365265E+9
-210.93	-0.2	-5.653025	0.546037	0.002998	0	0.002814	-0.212787	0.021909	3.365266E+9
-49.47	-0.1	-5.652145	0.544179	0.002977	0	0.002867	-0.212787	0.021794	3.365267E+9
112.03	0	-5.650475	0.545128	0.002735	0	0.002707	-0.212787	0.021888	3.365268E+9
273.52	0.1	-5.651891	0.545696	0.002954	0	0.002512	-0.212787	0.022006	3.365269E+9
434.94	0.2	-5.654211	0.547428	0.002559	0	0.002464	-0.212787	0.021952	3.36527E+9
596.24	0.3	-5.654474	0.546824	0.002545	0	0.002693	-0.212787	0.022027	3.365271E+9
757.37	0.4	-5.656004	0.548477	0.002887	0	0.002732	-0.212787	0.021634	3.365272E+9
918.26	0.5	-5.662398	0.542801	0.002696	0	0.002686	-0.212787	0.022066	3.365273E+9
1078.87	0.6	-5.659627	0.550147	0.002712	0	0.002705	-0.212787	0.021707	3.365274E+9
1239.14	0.7	-5.657824	0.545722	0.0029	0	0.002494	-0.212787	0.022103	3.365275E+9
1399.02	0.8	-5.660816	0.548708	0.003125	0	0.002661	-0.212787	0.022048	3.365276E+9
1558.44	0.9	-5.660433	0.548259	0.003039	0	0.002561	-0.212787	0.021773	3.365277E+9
1717.37	1	-5.654192	0.542542	0.003105	0	0.00251	-0.212787	0.021734	3.365278E+9
1875.73	1.1	-5.660377	0.541993	0.002662	0	0.002684	-0.212787	0.021758	3.365279E+9
2033.48	1.2	-5.656914	0.54325	0.002132	0	0.002697	-0.212787	0.021989	3.36528E+9
2190.57	1.3	-5.651755	0.544978	0.002705	0	0.002626	-0.212787	0.021658	3.365281E+9
2346.93	1.4	-5.643929	0.54389	0.002573	0	0.002733	-0.212787	0.021688	3.365282E+9
2502.52	1.5	-5.642057	0.547779	0.002014	0	0.002545	-0.212787	0.021849	3.365283E+9
2657.27	1.6	-5.626083	0.540329	0.002063	0	0.002877	-0.212787	0.021919	3.365284E+9
2811.14	1.7	-3.697505	0.363702	0.003187	0	0.003063	-0.212787	0.021998	3.365285E+9
2964.07	1.8	2.173304	-0.1639	0.004735	0	0.005324	-0.212787	0.021945	3.365286E+9
3116	1.9	3.918621	-0.307868	0.005287	0	0.005539	-0.212787	0.021668	3.365287E+9
3266.89	2	4.667828	-0.379861	0.005501	0	0.005777	-0.212787	0.021583	3.365288E+9
3416.67	2.1	5.038125	-0.409717	0.006083	0	0.005883	-0.212787	0.021933	3.365289E+9
3565.29	2.2	5.23326	-0.437979	0.006294	0	0.005837	-0.212787	0.02189	3.36529E+9
3712.69	2.3	5.318051	-0.435195	0.005917	0	0.006008	-0.212787	0.021949	3.365291E+9
3858.83	2.4	5.355607	-0.44575	0.005947	0	0.006044	-0.212787	0.021704	3.365292E+9
4003.65	2.5	5.379918	-0.441215	0.005876	0	0.00602	-0.212787	0.021631	3.365293E+9
4147.09	2.6	5.394798	-0.444824	0.006029	0	0.006172	-0.212787	0.021834	3.365294E+9
4289.09	2.7	5.405643	-0.441907	0.00582	0	0.006099	-0.212787	0.021542	3.365295E+9
4429.62	2.8	5.411741	-0.442901	0.005623	0	0.005951	-0.212787	0.021889	3.365296E+9
4568.59	2.9	5.416425	-0.445903	0.006129	0	0.006077	-0.212787	0.021608	3.365297E+9
4705.98	3	5.416182	-0.446994	0.006457	0	0.005972	-0.212787	0.02191	3.365298E+9
4841.71	3.1	5.421169	-0.446042	0.005565	0	0.005934	-0.212787	0.021823	3.365299E+9
4975.74	3.2	5.419479	-0.444571	0.005585	0	0.00603	-0.212787	0.021813	3.3653E+9
5108.01	3.3	5.42637	-0.442355	0.006656	0	0.006325	-0.212787	0.021544	3.365301E+9
5238.46	3.4	5.438193	-0.448774	0.00584	0	0.006564	-0.212787	0.021567	3.365302E+9
5367.05	3.5	5.430288	-0.452374	0.005631	0	0.005868	-0.212787	0.021502	3.365303E+9
5493.71	3.6	5.432543	-0.446507	0.006147	0	0.006107	-0.212787	0.021572	3.365304E+9
5618.4	3.7	5.436831	-0.446159	0.005725	0	0.006158	-0.212787	0.02183	3.365305E+9
5741.05	3.8	5.431113	-0.444142	0.0055	0	0.006385	-0.212787	0.021613	3.365306E+9
5861.61	3.9	5.434232	-0.443125	0.006122	0	0.006033	-0.212787	0.02189	3.365307E+9
5980.04	4	5.440821	-0.444957	0.005928	0	0.006113	-0.212787	0.021474	3.365308E+9
