27/04/2022	11:15

Co88Tb12

Field	Kepco	Channel A	Channel B	Agilent	0	RF out	Monitor+	Monitor-	Time
7814.63	6	-3.446792	0.139989	0.005177	0	0.00472	-0.212787	0.083595	1.035054E+9
7750.51	5.9	-3.456376	0.132904	0.005315	0	0.005908	-0.212787	0.083766	1.035055E+9
7683.15	5.8	-3.460063	0.142221	0.005816	0	0.005604	-0.212787	0.083826	1.035055E+9
7612.62	5.7	-3.460797	0.125711	0.005709	0	0.005111	-0.212787	0.083597	1.035056E+9
7538.96	5.6	-3.457678	0.134674	0.005348	0	0.004951	-0.212787	0.083679	1.035056E+9
7462.23	5.5	-3.450836	0.129083	0.005395	0	0.005192	-0.212787	0.083588	1.035057E+9
7382.49	5.4	-3.445885	0.134379	0.005781	0	0.004888	-0.212787	0.083823	1.035057E+9
7299.79	5.3	-3.458712	0.137839	0.00584	0	0.005004	-0.212787	0.08375	1.035058E+9
7214.18	5.2	-3.4562	0.133781	0.005629	0	0.005923	-0.212787	0.083608	1.035058E+9
7125.71	5.1	-3.467126	0.116016	0.005006	0	0.005782	-0.212787	0.083598	1.035059E+9
7034.46	5	-3.459345	0.124967	0.005518	0	0.005834	-0.212787	0.083691	1.035059E+9
6940.45	4.9	-3.452454	0.134853	0.006875	0	0.00574	-0.212787	0.083609	1.03506E+9
6843.76	4.8	-3.471206	0.133212	0.006795	0	0.00592	-0.212787	0.083605	1.03506E+9
6744.44	4.7	-3.463513	0.140174	0.005426	0	0.006208	-0.212787	0.083606	1.035061E+9
6642.54	4.6	-3.461441	0.14278	0.005738	0	0.006759	-0.212787	0.083681	1.035061E+9
6538.11	4.5	-3.471937	0.128394	0.005963	0	0.006073	-0.212787	0.083601	1.035062E+9
6431.22	4.4	-3.451798	0.14471	0.005894	0	0.006911	-0.212787	0.083763	1.035062E+9
6321.91	4.3	-3.463162	0.124444	0.005515	0	0.00549	-0.212787	0.083489	1.035063E+9
6210.24	4.2	-3.468334	0.127163	0.005997	0	0.005483	-0.212787	0.083798	1.035063E+9
6096.26	4.1	-3.46236	0.132459	0.00549	0	0.006263	-0.212787	0.083543	1.035064E+9
5980.04	4	-3.466258	0.123992	0.005802	0	0.006825	-0.212787	0.083568	1.035064E+9
5861.61	3.9	-3.479013	0.146165	0.006131	0	0.007486	-0.212787	0.083617	1.035065E+9
5741.05	3.8	-3.475735	0.133271	0.004792	0	0.006767	-0.212787	0.083513	1.035065E+9
5618.4	3.7	-3.480787	0.135974	0.00521	0	0.00596	-0.212787	0.083554	1.035066E+9
5493.71	3.6	-3.489809	0.138381	0.006658	0	0.006636	-0.212787	0.083738	1.035066E+9
5367.05	3.5	-3.49133	0.126461	0.006804	0	0.006233	-0.212787	0.08354	1.035067E+9
5238.46	3.4	-3.482538	0.124499	0.005675	0	0.006052	-0.212787	0.083734	1.035067E+9
5108.01	3.3	-3.488607	0.142059	0.006114	0	0.007028	-0.212787	0.083514	1.035068E+9
4975.74	3.2	-3.486918	0.13982	0.006421	0	0.006402	-0.212787	0.083541	1.035068E+9
4841.71	3.1	-3.485118	0.142439	0.005923	0	0.006141	-0.212787	0.083586	1.035069E+9
4705.98	3	-3.486986	0.131075	0.006448	0	0.006783	-0.212787	0.083608	1.035069E+9
4568.59	2.9	-3.480349	0.150285	0.007142	0	0.007348	-0.212787	0.083606	1.03507E+9
4429.62	2.8	-3.492509	0.125344	0.006535	0	0.006706	-0.212787	0.083469	1.03507E+9
4289.09	2.7	-3.489803	0.13177	0.006321	0	0.007575	-0.212787	0.083664	1.035071E+9
4147.09	2.6	-3.507515	0.13279	0.006372	0	0.008139	-0.212787	0.083754	1.035071E+9
4003.65	2.5	-3.485638	0.137202	0.005878	0	0.007108	-0.212787	0.083486	1.035072E+9
3858.83	2.4	-3.493529	0.127498	0.007956	0	0.007757	-0.212787	0.083568	1.035072E+9
3712.69	2.3	-3.485277	0.132878	0.006982	0	0.008064	-0.212787	0.083592	1.035073E+9
3565.29	2.2	-3.482473	0.127764	0.007233	0	0.006859	-0.212787	0.083498	1.035073E+9
3416.67	2.1	-3.49041	0.119623	0.007345	0	0.007746	-0.212787	0.083679	1.035074E+9
3266.89	2	-3.490456	0.118807	0.007538	0	0.00688	-0.212787	0.083622	1.035074E+9
3116	1.9	-3.491768	0.133365	0.008084	0	0.007902	-0.212787	0.083794	1.035075E+9
2964.07	1.8	-3.489513	0.130532	0.006419	0	0.007848	-0.212787	0.08371	1.035075E+9
2811.14	1.7	-3.497717	0.140321	0.007495	0	0.008088	-0.212787	0.083631	1.035076E+9
2657.27	1.6	-3.489445	0.13459	0.007271	0	0.007512	-0.212787	0.083743	1.035076E+9
2502.52	1.5	-3.487463	0.13777	0.007301	0	0.007317	-0.212787	0.083501	1.035077E+9
2346.93	1.4	-3.499276	0.12563	0.007688	0	0.007542	-0.212787	0.083754	1.035077E+9
2190.57	1.3	-3.500413	0.13165	0.007267	0	0.00779	-0.212787	0.083576	1.035078E+9
2033.48	1.2	-3.486872	0.141724	0.008417	0	0.007088	-0.212787	0.0835	1.035078E+9
1875.73	1.1	-3.496407	0.130646	0.007394	0	0.007466	-0.212787	0.083588	1.035079E+9
1717.37	1	-3.497574	0.122803	0.006742	0	0.007345	-0.212787	0.083503	1.035079E+9
1558.44	0.9	-3.501011	0.123521	0.007371	0	0.00825	-0.212787	0.083765	1.03508E+9
1399.02	0.8	-3.499491	0.131136	0.007984	0	0.007615	-0.212787	0.083555	1.03508E+9
1239.14	0.7	-3.491576	0.129772	0.008105	0	0.00765	-0.212787	0.083599	1.035081E+9
1078.87	0.6	-3.485985	0.131955	0.008078	0	0.007863	-0.212787	0.083516	1.035081E+9
918.26	0.5	-3.506294	0.128089	0.007343	0	0.008075	-0.212787	0.083665	1.035082E+9
757.37	0.4	-3.497155	0.1406	0.007701	0	0.007675	-0.212787	0.083542	1.035082E+9
596.24	0.3	-3.491018	0.129973	0.007241	0	0.006793	-0.212787	0.083545	1.035083E+9
434.94	0.2	-3.483997	0.140295	0.007421	0	0.007248	-0.212787	0.083553	1.035083E+9
273.52	0.1	-3.484553	0.129064	0.007729	0	0.008239	-0.212787	0.083573	1.035084E+9
112.03	0	-3.488107	0.128628	0.007679	0	0.009046	-0.212787	0.083564	1.035084E+9
-49.47	-0.1	-3.478286	0.139843	0.00816	0	0.00839	-0.212787	0.083678	1.035085E+9
-210.93	-0.2	-3.486619	0.127504	0.009197	0	0.009154	-0.212787	0.083663	1.035085E+9
-372.3	-0.3	-3.472971	0.134915	0.00942	0	0.008727	-0.212787	0.083506	1.035086E+9
-533.51	-0.4	-3.45606	0.124733	0.008336	0	0.007756	-0.212787	0.083619	1.035086E+9
-694.51	-0.5	-3.43558	0.130759	0.007631	0	0.008501	-0.212787	0.083518	1.035087E+9
-855.25	-0.6	-3.157459	0.126065	0.007441	0	0.0081	-0.212787	0.083605	1.035087E+9
-1015.68	-0.7	-0.882499	0.074698	0.00529	0	0.005822	-0.212787	0.083595	1.035088E+9
-1175.74	-0.8	0.619005	0.028159	0.00334	0	0.003434	-0.212787	0.083829	1.035088E+9
-1335.37	-0.9	1.472128	0.015606	0.001318	0	0.002607	-0.212787	0.083703	1.035089E+9
-1494.53	-1	2.090021	-0.001879	0.002269	0	0.002015	-0.212787	0.083672	1.035089E+9
-1653.15	-1.1	2.602338	-0.001606	0.002106	0	0.002773	-0.212787	0.083729	1.03509E+9
-1811.18	-1.2	3.076941	-0.030332	-0.000248	0	0.000933	-0.212787	0.083664	1.03509E+9
-1968.57	-1.3	3.475606	-0.045787	0.001191	0	0.001522	-0.212787	0.083703	1.035091E+9
-2125.26	-1.4	3.851295	-0.064695	0.000861	0	0.000304	-0.212787	0.083635	1.035091E+9
-2281.19	-1.5	4.206953	-0.065939	-0.000899	0	-0.00036	-0.212787	0.08378	1.035092E+9
-2436.33	-1.6	4.564801	-0.068285	0.000354	0	-6.6E-5	-0.212787	0.083662	1.035092E+9
-2590.6	-1.7	4.929676	-0.078811	-0.001423	0	-0.001078	-0.212787	0.083824	1.035093E+9
-2743.95	-1.8	5.275394	-0.088538	-0.000471	0	-0.001228	-0.212787	0.083812	1.035093E+9
-2896.33	-1.9	5.664392	-0.101556	-0.001739	0	-0.002095	-0.212787	0.083817	1.035094E+9
-3047.69	-2	6.056299	-0.110467	-0.002259	0	-0.002692	-0.212787	0.083659	1.035094E+9
-3197.97	-2.1	6.471839	-0.119882	-0.002172	0	-0.002346	-0.212787	0.083783	1.035095E+9
-3347.11	-2.2	6.893344	-0.125672	-0.001198	0	-0.001322	-0.212787	0.083928	1.035095E+9
-3495.06	-2.3	7.30497	-0.140818	-0.00192	0	-0.002538	-0.212787	0.083789	1.035096E+9
-3641.77	-2.4	7.665096	-0.143456	-0.003488	0	-0.003296	-0.212787	0.083748	1.035096E+9
-3787.18	-2.5	7.947451	-0.165794	-0.003178	0	-0.003242	-0.212787	0.083799	1.035097E+9
-3931.24	-2.6	8.120638	-0.160697	-0.003218	0	-0.003934	-0.212787	0.083729	1.035097E+9
-4073.89	-2.7	8.225375	-0.15982	-0.00394	0	-0.003811	-0.212787	0.083952	1.035098E+9
-4215.08	-2.8	8.300245	-0.164742	-0.003327	0	-0.004066	-0.212787	0.083846	1.035098E+9
-4354.75	-2.9	8.352467	-0.164261	-0.002439	0	-0.002734	-0.212787	0.083868	1.035099E+9
-4492.85	-3	8.366662	-0.155444	-0.003049	0	-0.003727	-0.212787	0.083801	1.035099E+9
-4629.32	-3.1	8.402467	-0.167399	-0.003267	0	-0.003167	-0.212787	0.083789	1.0351E+9
-4764.12	-3.2	8.403062	-0.163748	-0.002825	0	-0.002741	-0.212787	0.083978	1.0351E+9
-4897.18	-3.3	8.402549	-0.163367	-0.003741	0	-0.004148	-0.212787	0.084033	1.035101E+9
-5028.44	-3.4	8.419183	-0.153592	-0.00412	0	-0.004281	-0.212787	0.084027	1.035101E+9
-5157.87	-3.5	8.403341	-0.164544	-0.003519	0	-0.004108	-0.212787	0.083787	1.035102E+9
-5285.39	-3.6	8.425603	-0.172909	-0.004109	0	-0.004451	-0.212787	0.084011	1.035102E+9
-5410.96	-3.7	8.414368	-0.166522	-0.003202	0	-0.003103	-0.212787	0.084057	1.035103E+9
-5534.53	-3.8	8.414244	-0.172669	-0.002728	0	-0.002866	-0.212787	0.083859	1.035103E+9
-5656.02	-3.9	8.413098	-0.160343	-0.002733	0	-0.002968	-0.212787	0.083892	1.035104E+9
-5775.41	-4	8.430102	-0.15737	-0.003296	0	-0.003802	-0.212787	0.083811	1.035104E+9
-5892.62	-4.1	8.421769	-0.152841	-0.003664	0	-0.002957	-0.212787	0.08402	1.035105E+9
-6007.6	-4.2	8.413806	-0.169862	-0.002883	0	-0.003362	-0.212787	0.083701	1.035105E+9
-6120.3	-4.3	8.428689	-0.153134	-0.002394	0	-0.002525	-0.212787	0.084041	1.035106E+9
-6230.67	-4.4	8.426298	-0.163595	-0.002045	0	-0.001807	-0.212787	0.083756	1.035106E+9
-6338.64	-4.5	8.423465	-0.155395	-0.002684	0	-0.002114	-0.212787	0.083791	1.035107E+9
-6444.17	-4.6	8.410307	-0.158501	-0.002689	0	-0.002569	-0.212787	0.083891	1.035107E+9
-6547.2	-4.7	8.412328	-0.158943	-0.002011	0	-0.002181	-0.212787	0.083962	1.035108E+9
-6647.68	-4.8	8.424329	-0.163907	-0.00285	0	-0.002426	-0.212787	0.083916	1.035108E+9
-6745.55	-4.9	8.417659	-0.148982	-0.002251	0	-0.00206	-0.212787	0.083907	1.035109E+9
-6840.75	-5	8.423806	-0.149196	-0.001563	0	-0.001586	-0.212787	0.084019	1.035109E+9
-6933.24	-5.1	8.42082	-0.158504	-0.003595	0	-0.002883	-0.212787	0.083901	1.03511E+9
-7022.95	-5.2	8.425654	-0.161035	-0.003326	0	-0.002472	-0.212787	0.083954	1.03511E+9
-7109.83	-5.3	8.413081	-0.155366	-0.001661	0	-0.00167	-0.212787	0.083914	1.035111E+9
-7193.84	-5.4	8.406022	-0.152299	-0.002178	0	-0.002431	-0.212787	0.083763	1.035111E+9
-7274.9	-5.5	8.433055	-0.165976	-0.002394	0	-0.001897	-0.212787	0.083837	1.035112E+9
-7352.98	-5.6	8.414001	-0.154982	-0.001644	0	-0.001561	-0.212787	0.08387	1.035112E+9
-7428.01	-5.7	8.424605	-0.159758	-0.00279	0	-0.002748	-0.212787	0.083906	1.035113E+9
-7499.94	-5.8	8.417344	-0.145782	-0.001845	0	-0.002615	-0.212787	0.083943	1.035113E+9
-7568.71	-5.9	8.417594	-0.162052	-0.002341	0	-0.002392	-0.212787	0.083941	1.035114E+9
-7634.28	-6	8.424205	-0.165632	-0.002424	0	-0.0026	-0.212787	0.084081	1.035114E+9
-7568.71	-5.9	8.414212	-0.164423	-0.001842	0	-0.001924	-0.212787	0.083874	1.035115E+9
-7499.94	-5.8	8.422373	-0.153706	-0.000697	0	-0.00094	-0.212787	0.083909	1.035115E+9
-7428.01	-5.7	8.41749	-0.15634	-0.00152	0	-0.001862	-0.212787	0.083858	1.035116E+9
-7352.98	-5.6	8.427737	-0.154677	-0.000394	0	-0.001033	-0.212787	0.083916	1.035116E+9
-7274.9	-5.5	8.42852	-0.164872	0.000102	0	-0.00013	-0.212787	0.083858	1.035117E+9
-7193.84	-5.4	8.424582	-0.167285	-0.001131	0	-0.001118	-0.212787	0.083844	1.035117E+9
-7109.83	-5.3	8.424105	-0.162256	4.5E-5	0	-0.001158	-0.212787	0.084068	1.035118E+9
-7022.95	-5.2	8.430921	-0.166727	-0.000118	0	-0.001658	-0.212787	0.084007	1.035118E+9
-6933.24	-5.1	8.419462	-0.156519	-0.001311	0	-0.001244	-0.212787	0.083931	1.035119E+9
-6840.75	-5	8.414725	-0.152542	-0.000232	0	-0.00053	-0.212787	0.08393	1.035119E+9
-6745.55	-4.9	8.411925	-0.151776	-0.001467	0	-0.000338	-0.212787	0.0839	1.03512E+9
-6647.68	-4.8	8.421743	-0.14636	-0.002225	0	-0.000706	-0.212787	0.083947	1.03512E+9
-6547.2	-4.7	8.450875	-0.148121	-0.001172	0	-0.001701	-0.212787	0.084001	1.035121E+9
-6444.17	-4.6	8.427139	-0.159648	-0.000982	0	-0.000141	-0.212787	0.083997	1.035121E+9
-6338.64	-4.5	8.442425	-0.149082	-0.000428	0	-0.000477	-0.212787	0.084171	1.035122E+9
-6230.67	-4.4	8.436463	-0.163497	-0.000323	0	-0.000236	-0.212787	0.083911	1.035122E+9
-6120.3	-4.3	8.428143	-0.148014	-0.001164	0	0.000156	-0.212787	0.084041	1.035123E+9
-6007.6	-4.2	8.431983	-0.155918	-0.000648	0	-0.000618	-0.212787	0.084112	1.035123E+9
-5892.62	-4.1	8.437298	-0.15327	-0.001363	0	-0.001252	-0.212787	0.083997	1.035124E+9
-5775.41	-4	8.436171	-0.159228	-0.00126	0	-0.000129	-0.212787	0.084116	1.035124E+9
-5656.02	-3.9	8.4343	-0.16261	-0.00189	0	-0.000772	-0.212787	0.083951	1.035125E+9
-5534.53	-3.8	8.435551	-0.150798	0.00031	0	0.000956	-0.212787	0.084205	1.035125E+9
-5410.96	-3.7	8.424647	-0.157481	-0.000627	0	-0.000512	-0.212787	0.083973	1.035126E+9
-5285.39	-3.6	8.432175	-0.15724	-0.001043	0	-0.000374	-0.212787	0.084173	1.035126E+9
-5157.87	-3.5	8.437334	-0.155463	-0.000462	0	-0.000129	-0.212787	0.084048	1.035127E+9
-5028.44	-3.4	8.424322	-0.15086	-0.002166	0	-0.001092	-0.212787	0.083844	1.035127E+9
-4897.18	-3.3	8.44145	-0.168195	-0.000101	0	-0.000486	-0.212787	0.084057	1.035128E+9
-4764.12	-3.2	8.428673	-0.153397	-0.000862	0	-0.000637	-0.212787	0.08401	1.035128E+9
-4629.32	-3.1	8.425866	-0.171317	0.000152	0	0.000349	-0.212787	0.083896	1.035129E+9
-4492.85	-3	8.4343	-0.168432	0.000342	0	-0.000748	-0.212787	0.084107	1.035129E+9
-4354.75	-2.9	8.435609	-0.155895	-0.000677	0	-0.000621	-0.212787	0.084034	1.03513E+9
-4215.08	-2.8	8.426697	-0.159898	-0.001035	0	-0.00149	-0.212787	0.084086	1.03513E+9
-4073.89	-2.7	8.435658	-0.140041	-0.001176	0	7.3E-5	-0.212787	0.083972	1.035131E+9
-3931.24	-2.6	8.426054	-0.149469	-0.001	0	-0.000468	-0.212787	0.084021	1.035131E+9
-3787.18	-2.5	8.432786	-0.144083	-0.000457	0	-0.000631	-0.212787	0.084095	1.035132E+9
-3641.77	-2.4	8.426496	-0.144329	-0.00069	0	-0.000433	-0.212787	0.084047	1.035132E+9
-3495.06	-2.3	8.426392	-0.153748	-0.00145	0	-0.001143	-0.212787	0.084049	1.035133E+9
-3347.11	-2.2	8.424085	-0.137179	0.000351	0	1.6E-5	-0.212787	0.08404	1.035133E+9
-3197.97	-2.1	8.417919	-0.146821	-8.7E-5	0	-0.000177	-0.212787	0.084224	1.035134E+9
-3047.69	-2	8.422334	-0.141461	-0.000888	0	-0.000889	-0.212787	0.084154	1.035134E+9
-2896.33	-1.9	8.409901	-0.158507	-0.000166	0	-0.000412	-0.212787	0.084022	1.035135E+9
-2743.95	-1.8	8.408244	-0.160664	0.000566	0	0.000338	-0.212787	0.084026	1.035135E+9
-2590.6	-1.7	8.416938	-0.147263	-6.5E-5	0	-0.000436	-0.212787	0.083967	1.035136E+9
-2436.33	-1.6	8.430823	-0.151363	0.000103	0	0.000269	-0.212787	0.084049	1.035136E+9
-2281.19	-1.5	8.413897	-0.148722	0.00049	0	0.000742	-0.212787	0.083966	1.035137E+9
-2125.26	-1.4	8.413894	-0.152263	0.000205	0	-0.000167	-0.212787	0.083999	1.035137E+9
-1968.57	-1.3	8.411002	-0.134564	0.001206	0	0.001938	-0.212787	0.084056	1.035138E+9
-1811.18	-1.2	8.41417	-0.131292	-0.000129	0	-0.000229	-0.212787	0.084034	1.035138E+9
-1653.15	-1.1	8.419141	-0.141626	0.002128	0	0.00087	-0.212787	0.08404	1.035139E+9
-1494.53	-1	8.405547	-0.148326	0.000793	0	0.000735	-0.212787	0.084118	1.035139E+9
-1335.37	-0.9	8.405986	-0.149245	0.001873	0	0.001222	-0.212787	0.084074	1.03514E+9
-1175.74	-0.8	8.40482	-0.150255	0.002919	0	0.002723	-0.212787	0.084011	1.03514E+9
-1015.68	-0.7	8.404231	-0.13944	0.001852	0	0.001806	-0.212787	0.084274	1.035141E+9
-855.25	-0.6	8.407685	-0.152188	0.002679	0	0.002329	-0.212787	0.084088	1.035141E+9
-694.51	-0.5	8.394738	-0.14546	0.00216	0	0.002062	-0.212787	0.084039	1.035142E+9
-533.51	-0.4	8.380898	-0.14855	-0.001079	0	-0.000362	-0.212787	0.084207	1.035142E+9
-372.3	-0.3	8.385297	-0.141259	0.000527	0	0.001645	-0.212787	0.08414	1.035143E+9
-210.93	-0.2	8.387639	-0.145031	0.001898	0	0.001469	-0.212787	0.084045	1.035143E+9
-49.47	-0.1	8.372643	-0.136094	0.00087	0	7.8E-5	-0.212787	0.084043	1.035144E+9
112.03	0	8.346177	-0.139307	-0.000853	0	-0.000241	-0.212787	0.084273	1.035144E+9
273.52	0.1	8.239261	-0.14138	2.7E-5	0	0.001518	-0.212787	0.084169	1.035145E+9
434.94	0.2	6.739625	-0.109057	0.002709	0	0.003657	-0.212787	0.084051	1.035145E+9
596.24	0.3	4.662743	-0.058795	0.00488	0	0.005178	-0.212787	0.08421	1.035146E+9
757.37	0.4	3.686343	-0.030686	0.006472	0	0.006861	-0.212787	0.083977	1.035146E+9
918.26	0.5	2.966211	-0.01505	0.007796	0	0.007907	-0.212787	0.084028	1.035147E+9
1078.87	0.6	2.427211	-0.007714	0.008214	0	0.00852	-0.212787	0.084079	1.035147E+9
1239.14	0.7	1.947892	0.013799	0.009251	0	0.009141	-0.212787	0.084086	1.035148E+9
1399.02	0.8	1.539547	0.012925	0.007554	0	0.007791	-0.212787	0.084161	1.035148E+9
1558.44	0.9	1.133398	0.025053	0.008407	0	0.008901	-0.212787	0.084177	1.035149E+9
1717.37	1	0.763613	0.029718	0.009557	0	0.009487	-0.212787	0.084091	1.035149E+9
1875.73	1.1	0.404854	0.02786	0.010898	0	0.010185	-0.212787	0.083945	1.03515E+9
2033.48	1.2	0.052385	0.060316	0.010149	0	0.010002	-0.212787	0.08411	1.03515E+9
2190.57	1.3	-0.309076	0.058948	0.011534	0	0.01132	-0.212787	0.08412	1.035151E+9
2346.93	1.4	-0.690268	0.064299	0.01284	0	0.012153	-0.212787	0.08411	1.035151E+9
2502.52	1.5	-1.07614	0.065485	0.013822	0	0.013382	-0.212787	0.084038	1.035152E+9
2657.27	1.6	-1.489095	0.087797	0.013921	0	0.013364	-0.212787	0.084048	1.035152E+9
2811.14	1.7	-1.911124	0.094798	0.013958	0	0.014372	-0.212787	0.084164	1.035153E+9
2964.07	1.8	-2.358192	0.101627	0.014772	0	0.015039	-0.212787	0.083982	1.035153E+9
3116	1.9	-2.741856	0.114395	0.015761	0	0.015693	-0.212787	0.084053	1.035154E+9
3266.89	2	-3.027595	0.117631	0.015425	0	0.015093	-0.212787	0.084093	1.035154E+9
3416.67	2.1	-3.242055	0.123193	0.017253	0	0.016276	-0.212787	0.083973	1.035155E+9
3565.29	2.2	-3.375259	0.120532	0.015719	0	0.014331	-0.212787	0.084029	1.035155E+9
3712.69	2.3	-3.447373	0.143761	0.015455	0	0.01537	-0.212787	0.084061	1.035156E+9
3858.83	2.4	-3.519269	0.125591	0.015955	0	0.015013	-0.212787	0.084241	1.035157E+9
4003.65	2.5	-3.537323	0.137358	0.016335	0	0.016972	-0.212787	0.084169	1.035157E+9
4147.09	2.6	-3.556445	0.123372	0.017928	0	0.016046	-0.212787	0.084002	1.035158E+9
4289.09	2.7	-3.580084	0.129343	0.016734	0	0.016276	-0.212787	0.084256	1.035158E+9
4429.62	2.8	-3.581682	0.13072	0.017004	0	0.016049	-0.212787	0.084001	1.035159E+9
4568.59	2.9	-3.591724	0.140723	0.016728	0	0.015535	-0.212787	0.084096	1.035159E+9
4705.98	3	-3.588128	0.12588	0.017366	0	0.017116	-0.212787	0.084092	1.03516E+9
4841.71	3.1	-3.579366	0.128183	0.016795	0	0.015382	-0.212787	0.084068	1.03516E+9
4975.74	3.2	-3.586149	0.119522	0.015572	0	0.015473	-0.212787	0.084071	1.035161E+9
5108.01	3.3	-3.588713	0.125363	0.015796	0	0.016242	-0.212787	0.084115	1.035161E+9
5238.46	3.4	-3.579671	0.141185	0.017783	0	0.017556	-0.212787	0.084118	1.035162E+9
5367.05	3.5	-3.587455	0.140028	0.016206	0	0.017046	-0.212787	0.08421	1.035162E+9
5493.71	3.6	-3.589479	0.119229	0.016213	0	0.017509	-0.212787	0.084312	1.035163E+9
5618.4	3.7	-3.59098	0.126387	0.018442	0	0.018339	-0.212787	0.084148	1.035163E+9
5741.05	3.8	-3.600356	0.127621	0.017645	0	0.019019	-0.212787	0.084237	1.035164E+9
5861.61	3.9	-3.592384	0.133563	0.017851	0	0.017903	-0.212787	0.084147	1.035164E+9
5980.04	4	-3.592699	0.123999	0.017702	0	0.018521	-0.212787	0.084089	1.035165E+9
6096.26	4.1	-3.575194	0.135074	0.017213	0	0.016438	-0.212787	0.084222	1.035165E+9
6210.24	4.2	-3.593833	0.121413	0.018429	0	0.019256	-0.212787	0.084063	1.035166E+9
6321.91	4.3	-3.589057	0.120539	0.018525	0	0.017529	-0.212787	0.084275	1.035166E+9
6431.22	4.4	-3.595519	0.137426	0.016823	0	0.017019	-0.212787	0.084116	1.035167E+9
6538.11	4.5	-3.586123	0.130711	0.016568	0	0.016913	-0.212787	0.084235	1.035167E+9
6642.54	4.6	-3.588833	0.116611	0.018245	0	0.016858	-0.212787	0.084072	1.035168E+9
6744.44	4.7	-3.600727	0.130753	0.018145	0	0.017456	-0.212787	0.084173	1.035168E+9
6843.76	4.8	-3.586049	0.135382	0.016648	0	0.016787	-0.212787	0.084198	1.035169E+9
6940.45	4.9	-3.600619	0.123505	0.016445	0	0.016852	-0.212787	0.084138	1.035169E+9
7034.46	5	-3.590957	0.131614	0.01688	0	0.017134	-0.212787	0.084364	1.03517E+9
7125.71	5.1	-3.57971	0.12793	0.016861	0	0.01663	-0.212787	0.084238	1.03517E+9
7214.18	5.2	-3.585818	0.125074	0.01724	0	0.016539	-0.212787	0.084227	1.035171E+9
7299.79	5.3	-3.58626	0.142078	0.018105	0	0.018342	-0.212787	0.084103	1.035171E+9
7382.49	5.4	-3.591091	0.126442	0.018648	0	0.01867	-0.212787	0.084128	1.035172E+9
7462.23	5.5	-3.595087	0.127615	0.018077	0	0.018587	-0.212787	0.084159	1.035172E+9
7538.96	5.6	-3.606493	0.132809	0.01815	0	0.017082	-0.212787	0.084229	1.035173E+9
7612.62	5.7	-3.607046	0.135483	0.016934	0	0.016948	-0.212787	0.084169	1.035173E+9
7683.15	5.8	-3.597358	0.14276	0.017771	0	0.016606	-0.212787	0.084346	1.035174E+9
7750.51	5.9	-3.594229	0.139177	0.018435	0	0.017614	-0.212787	0.084253	1.035174E+9
7814.63	6	-3.601451	0.132634	0.017714	0	0.018091	-0.212787	0.084133	1.035175E+9
