16/05/2022	10:30

Si\Ta3\(Co88Tb12)63\Pt3-20220511_APEJ2 

Field	Kepco	Channel A	Channel B	Agilent	0	RF out	Monitor+	Monitor-	Time
8265.94	7	-0.300304	-0.075848	0.00126	0	0.00159	-0.212787	0.030984	2.673968E+9
8186.93	6.75	-0.307023	-0.077479	0.002219	0	0.001797	-0.212787	0.031135	2.673968E+9
8084.8	6.5	-0.303196	-0.076602	0.002088	0	0.001862	-0.212787	0.031199	2.673969E+9
7960.42	6.25	-0.300233	-0.074766	0.001653	0	0.00223	-0.212787	0.030965	2.67397E+9
7814.63	6	-0.295314	-0.074324	0.002266	0	0.001958	-0.212787	0.031172	2.673971E+9
7648.28	5.75	-0.292657	-0.074802	0.001391	0	0.001659	-0.212787	0.03104	2.673972E+9
7462.23	5.5	-0.284444	-0.072115	0.001823	0	0.002188	-0.212787	0.031132	2.673973E+9
7257.34	5.25	-0.280269	-0.071293	0.002522	0	0.002373	-0.212787	0.03108	2.673974E+9
7034.46	5	-0.275373	-0.07	0.001661	0	0.001734	-0.212787	0.030951	2.673975E+9
6794.43	4.75	-0.268836	-0.069529	0.001387	0	0.001714	-0.212787	0.031174	2.673976E+9
6538.11	4.5	-0.264938	-0.070078	0.001168	0	0.002109	-0.212787	0.030973	2.673977E+9
6266.37	4.25	-0.259919	-0.067008	0.001878	0	0.002334	-0.212787	0.031074	2.673978E+9
5980.04	4	-0.251592	-0.066563	0.002141	0	0.002022	-0.212787	0.031015	2.673979E+9
5679.98	3.75	-0.244246	-0.064776	0.002037	0	0.002598	-0.212787	0.031157	2.67398E+9
5367.05	3.5	-0.234623	-0.062947	0.001209	0	0.002831	-0.212787	0.03107	2.673981E+9
5042.1	3.25	-0.225913	-0.060845	0.001968	0	0.00279	-0.212787	0.031105	2.673982E+9
4705.98	3	-0.212811	-0.059026	0.001725	0	0.002504	-0.212787	0.03099	2.673983E+9
4359.54	2.75	-0.203984	-0.057301	0.001666	0	0.002255	-0.212787	0.031172	2.673984E+9
4003.65	2.5	-0.193367	-0.055257	0.001643	0	0.001979	-0.212787	0.031048	2.673985E+9
3639.15	2.25	-0.182038	-0.052603	0.002742	0	0.002535	-0.212787	0.031058	2.673986E+9
3266.89	2	-0.168887	-0.050845	0.001975	0	0.00243	-0.212787	0.03105	2.673987E+9
2887.73	1.75	-0.158933	-0.049065	0.00189	0	0.00226	-0.212787	0.031226	2.673988E+9
2502.52	1.5	-0.147906	-0.045956	0.001527	0	0.00225	-0.212787	0.031206	2.673989E+9
2112.11	1.25	-0.139921	-0.044861	0.001917	0	0.002081	-0.212787	0.031215	2.67399E+9
1717.37	1	-0.130964	-0.042366	0.001768	0	0.002754	-0.212787	0.031239	2.673991E+9
1319.13	0.75	-0.122049	-0.041349	0.001928	0	0.002472	-0.212787	0.031017	2.673992E+9
918.26	0.5	-0.115048	-0.040072	0.002089	0	0.002044	-0.212787	0.031287	2.673993E+9
515.61	0.25	-0.107098	-0.039124	0.0025	0	0.001731	-0.212787	0.031224	2.673994E+9
112.03	0	-0.101822	-0.036583	0.002005	0	0.002678	-0.212787	0.031248	2.673995E+9
-291.63	-0.25	-0.09525	-0.038406	0.002519	0	0.002749	-0.212787	0.031227	2.673996E+9
-694.51	-0.5	-0.091608	-0.035829	0.002526	0	0.002477	-0.212787	0.031161	2.673997E+9
-1095.76	-0.75	-0.085114	-0.035342	0.002497	0	0.002401	-0.212787	0.03107	2.673998E+9
-1494.53	-1	-0.082069	-0.034172	0.002464	0	0.002441	-0.212787	0.031199	2.673999E+9
-1889.96	-1.25	-0.079016	-0.033123	0.002821	0	0.002479	-0.212787	0.031045	2.674E+9
-2281.19	-1.5	-0.076865	-0.033526	0.002488	0	0.002613	-0.212787	0.031183	2.674001E+9
-2667.39	-1.75	-0.07989	-0.03361	0.003052	0	0.002776	-0.212787	0.031009	2.674002E+9
-3047.69	-2	-0.080556	-0.034981	0.00243	0	0.002337	-0.212787	0.031171	2.674003E+9
-3421.24	-2.25	-0.083762	-0.034773	0.002166	0	0.002663	-0.212787	0.031079	2.674004E+9
-3787.18	-2.5	-0.085851	-0.035186	0.001944	0	0.002704	-0.212787	0.03119	2.674005E+9
-4144.67	-2.75	-0.092531	-0.03592	0.001884	0	0.002644	-0.212787	0.030985	2.674006E+9
-4492.85	-3	-0.098963	-0.038341	0.002637	0	0.002714	-0.212787	0.031014	2.674007E+9
-4830.87	-3.25	-0.107108	-0.037831	0.002525	0	0.00243	-0.212787	0.030987	2.674008E+9
-5157.87	-3.5	-0.117085	-0.040858	0.00229	0	0.002835	-0.212787	0.031114	2.674009E+9
-5473	-3.75	-0.126331	-0.042554	0.001808	0	0.002672	-0.212787	0.030978	2.67401E+9
-5775.41	-4	-0.135412	-0.04488	0.002339	0	0.002031	-0.212787	0.031148	2.674011E+9
-6064.24	-4.25	-0.148004	-0.046852	0.002589	0	0.002443	-0.212787	0.030949	2.674012E+9
-6338.64	-4.5	-0.158413	-0.047993	0.002776	0	0.002664	-0.212787	0.031055	2.674013E+9
-6597.76	-4.75	-0.169219	-0.052362	0.002571	0	0.002376	-0.212787	0.030906	2.674014E+9
-6840.75	-5	-0.178312	-0.05286	0.002384	0	0.002688	-0.212787	0.031113	2.674015E+9
-7066.75	-5.25	-0.189202	-0.053756	0.002172	0	0.002115	-0.212787	0.031121	2.674016E+9
-7274.9	-5.5	-0.198328	-0.0568	0.002165	0	0.002527	-0.212787	0.030899	2.674017E+9
-7464.36	-5.75	-0.207242	-0.058473	0.002612	0	0.00323	-0.212787	0.03104	2.674018E+9
-7634.28	-6	-0.214299	-0.059685	0.002652	0	0.002463	-0.212787	0.030968	2.674019E+9
-7783.79	-6.25	-0.221943	-0.06029	0.001773	0	0.002349	-0.212787	0.031056	2.67402E+9
-7912.04	-6.5	-0.228678	-0.061482	0.002383	0	0.002633	-0.212787	0.031041	2.674021E+9
-8018.19	-6.75	-0.237287	-0.06243	0.002398	0	0.002874	-0.212787	0.031029	2.674022E+9
-8101.38	-7	-0.242109	-0.065426	0.002146	0	0.003067	-0.212787	0.031044	2.674023E+9
-8018.19	-6.75	-0.239974	-0.064532	0.002255	0	0.002339	-0.212787	0.030831	2.674024E+9
-7912.04	-6.5	-0.2359	-0.064084	0.001712	0	0.002627	-0.212787	0.030971	2.674025E+9
-7783.79	-6.25	-0.232349	-0.063347	0.002231	0	0.002629	-0.212787	0.030891	2.674026E+9
-7634.28	-6	-0.230127	-0.063691	0.002043	0	0.002604	-0.212787	0.030988	2.674027E+9
-7464.36	-5.75	-0.226765	-0.061849	0.001923	0	0.002378	-0.212787	0.030874	2.674028E+9
-7274.9	-5.5	-0.220108	-0.061501	0.001924	0	0.002042	-0.212787	0.031022	2.674029E+9
-7066.75	-5.25	-0.218103	-0.06014	0.002873	0	0.002517	-0.212787	0.030932	2.67403E+9
-6840.75	-5	-0.212151	-0.060504	0.003052	0	0.002482	-0.212787	0.031039	2.674031E+9
-6597.76	-4.75	-0.208549	-0.057954	0.00288	0	0.002336	-0.212787	0.031062	2.674032E+9
-6338.64	-4.5	-0.203799	-0.057115	0.002334	0	0.002159	-0.212787	0.030932	2.674033E+9
-6064.24	-4.25	-0.198532	-0.056622	0.002778	0	0.002599	-0.212787	0.031123	2.674034E+9
-5775.41	-4	-0.191889	-0.054835	0.003055	0	0.00232	-0.212787	0.031038	2.674035E+9
-5473	-3.75	-0.187165	-0.054854	0.002618	0	0.002872	-0.212787	0.030929	2.674036E+9
-5157.87	-3.5	-0.180589	-0.053636	0.002948	0	0.00201	-0.212787	0.031004	2.674037E+9
-4830.87	-3.25	-0.174014	-0.051502	0.002644	0	0.00226	-0.212787	0.031158	2.674038E+9
-4492.85	-3	-0.170109	-0.049812	0.002273	0	0.002273	-0.212787	0.031086	2.674039E+9
-4144.67	-2.75	-0.163556	-0.04939	0.00247	0	0.00209	-0.212787	0.030995	2.67404E+9
-3787.18	-2.5	-0.159657	-0.048899	0.002809	0	0.001714	-0.212787	0.030964	2.674041E+9
-3421.24	-2.25	-0.153926	-0.048873	0.002494	0	0.002031	-0.212787	0.030931	2.674042E+9
-3047.69	-2	-0.150882	-0.048487	0.002121	0	0.001985	-0.212787	0.030924	2.674043E+9
-2667.39	-1.75	-0.149583	-0.047207	0.002628	0	0.002343	-0.212787	0.031178	2.674044E+9
-2281.19	-1.5	-0.146532	-0.046531	0.0021	0	0.002204	-0.212787	0.031026	2.674045E+9
-1889.96	-1.25	-0.145694	-0.045702	0.002483	0	0.002336	-0.212787	0.031136	2.674046E+9
-1494.53	-1	-0.142614	-0.045907	0.002093	0	0.002068	-0.212787	0.031147	2.674047E+9
-1095.76	-0.75	-0.142575	-0.045894	0.001999	0	0.002019	-0.212787	0.030986	2.674048E+9
-694.51	-0.5	-0.143004	-0.04579	0.002316	0	0.002126	-0.212787	0.031022	2.674049E+9
-291.63	-0.25	-0.142429	-0.046765	0.002297	0	0.001422	-0.212787	0.030992	2.67405E+9
112.03	0	-0.143475	-0.045764	0.002265	0	0.00236	-0.212787	0.031135	2.674051E+9
515.61	0.25	-0.14522	-0.046391	0.002383	0	0.00197	-0.212787	0.031084	2.674052E+9
918.26	0.5	-0.148745	-0.047629	0.002239	0	0.002233	-0.212787	0.031149	2.674053E+9
1319.13	0.75	-0.150509	-0.047645	0.002137	0	0.00215	-0.212787	0.031146	2.674054E+9
1717.37	1	-0.157529	-0.048834	0.002366	0	0.002089	-0.212787	0.03096	2.674055E+9
2112.11	1.25	-0.164911	-0.05103	0.001863	0	0.002309	-0.212787	0.031123	2.674056E+9
2502.52	1.5	-0.172484	-0.050719	0.002013	0	0.002374	-0.212787	0.030935	2.674057E+9
2887.73	1.75	-0.179959	-0.054182	0.002136	0	0.002334	-0.212787	0.031017	2.674058E+9
3266.89	2	-0.189891	-0.056716	0.002476	0	0.001992	-0.212787	0.031145	2.674059E+9
3639.15	2.25	-0.200683	-0.057408	0.002057	0	0.002045	-0.212787	0.030952	2.67406E+9
4003.65	2.5	-0.209627	-0.059315	0.001817	0	0.002461	-0.212787	0.030954	2.674061E+9
4359.54	2.75	-0.220182	-0.061527	0.002528	0	0.002274	-0.212787	0.031042	2.674062E+9
4705.98	3	-0.233343	-0.06464	0.002497	0	0.001736	-0.212787	0.031145	2.674063E+9
5042.1	3.25	-0.244181	-0.066118	0.002574	0	0.001642	-0.212787	0.031001	2.674064E+9
5367.05	3.5	-0.255715	-0.068226	0.001755	0	0.002418	-0.212787	0.030939	2.674065E+9
5679.98	3.75	-0.265734	-0.06987	0.002264	0	0.002339	-0.212787	0.031052	2.674066E+9
5980.04	4	-0.27497	-0.072576	0.002622	0	0.002325	-0.212787	0.03105	2.674067E+9
6266.37	4.25	-0.283963	-0.073753	0.00213	0	0.001727	-0.212787	0.031086	2.674068E+9
6538.11	4.5	-0.293904	-0.075166	0.002269	0	0.001843	-0.212787	0.030944	2.674069E+9
6794.43	4.75	-0.301594	-0.076709	0.002405	0	0.002135	-0.212787	0.030908	2.67407E+9
7034.46	5	-0.309235	-0.07848	0.002599	0	0.002357	-0.212787	0.031076	2.674071E+9
7257.34	5.25	-0.316379	-0.080289	0.002247	0	0.002033	-0.212787	0.030908	2.674072E+9
7462.23	5.5	-0.323082	-0.082901	0.002271	0	0.002574	-0.212787	0.030943	2.674073E+9
7648.28	5.75	-0.329163	-0.082865	0.002449	0	0.002871	-0.212787	0.030819	2.674074E+9
7814.63	6	-0.335768	-0.084552	0.002448	0	0.002342	-0.212787	0.031019	2.674075E+9
7960.42	6.25	-0.342292	-0.085484	0.002293	0	0.001701	-0.212787	0.03105	2.674076E+9
8084.8	6.5	-0.346723	-0.08642	0.002168	0	0.002218	-0.212787	0.030793	2.674077E+9
8186.93	6.75	-0.352867	-0.088255	0.002246	0	0.002522	-0.212787	0.03085	2.674078E+9
8265.94	7	-0.35595	-0.090039	0.002483	0	0.002411	-0.212787	0.030867	2.674079E+9
