27/04/2022	10:46

Co88Tb12

Field	Kepco	Channel A	Channel B	Agilent	0	RF out	Monitor+	Monitor-	Time
7814.63	6	-6.164634	0.687704	0.005685	0	0.006463	-0.212787	0.081127	1.033284E+9
7750.51	5.9	-6.149085	0.665285	0.006405	0	0.005408	-0.212787	0.08092	1.033285E+9
7683.15	5.8	-6.181388	0.654343	0.006561	0	0.007585	-0.212787	0.081345	1.033285E+9
7612.62	5.7	-6.168783	0.70759	0.005724	0	0.0053	-0.212787	0.080811	1.033286E+9
7538.96	5.6	-6.150791	0.65124	0.00517	0	0.005145	-0.212787	0.081386	1.033286E+9
7462.23	5.5	-6.146635	0.652981	0.005055	0	0.007241	-0.212787	0.080893	1.033287E+9
7382.49	5.4	-6.148526	0.667585	0.008464	0	0.007732	-0.212787	0.081299	1.033287E+9
7299.79	5.3	-6.148406	0.6976	0.006016	0	0.006714	-0.212787	0.081155	1.033288E+9
7214.18	5.2	-6.140706	0.6648	0.004123	0	0.00514	-0.212787	0.080822	1.033288E+9
7125.71	5.1	-6.143568	0.67506	0.003623	0	0.00282	-0.212787	0.081129	1.033289E+9
7034.46	5	-6.132769	0.684566	0.004207	0	0.004902	-0.212787	0.081182	1.033289E+9
6940.45	4.9	-6.122477	0.654154	0.005049	0	0.003542	-0.212787	0.080916	1.03329E+9
6843.76	4.8	-6.152233	0.662224	0.004711	0	0.005348	-0.212787	0.081374	1.03329E+9
6744.44	4.7	-6.16927	0.678897	0.004613	0	0.004719	-0.212787	0.081229	1.033291E+9
6642.54	4.6	-6.173428	0.693036	0.002767	0	0.004751	-0.212787	0.081342	1.033291E+9
6538.11	4.5	-6.144319	0.662517	0.003275	0	0.006176	-0.212787	0.081058	1.033292E+9
6431.22	4.4	-6.147763	0.650912	0.003283	0	0.005026	-0.212787	0.080784	1.033292E+9
6321.91	4.3	-6.137574	0.683436	0.005768	0	0.004422	-0.212787	0.081272	1.033293E+9
6210.24	4.2	-6.15272	0.663251	0.003697	0	0.005128	-0.212787	0.081106	1.033293E+9
6096.26	4.1	-6.17067	0.667335	0.005318	0	0.006243	-0.212787	0.080823	1.033294E+9
5980.04	4	-6.158981	0.65994	0.005774	0	0.004355	-0.212787	0.081009	1.033294E+9
5861.61	3.9	-6.152451	0.667546	0.005482	0	0.008341	-0.212787	0.080963	1.033295E+9
5741.05	3.8	-6.163269	0.639609	0.006923	0	0.006711	-0.212787	0.081266	1.033295E+9
5618.4	3.7	-6.160072	0.669872	0.005303	0	0.006189	-0.212787	0.080784	1.033296E+9
5493.71	3.6	-6.169056	0.648102	0.004042	0	0.005105	-0.212787	0.081351	1.033296E+9
5367.05	3.5	-6.150157	0.656838	0.005957	0	0.006407	-0.212787	0.080806	1.033297E+9
5238.46	3.4	-6.153663	0.675573	0.004787	0	0.005615	-0.212787	0.080817	1.033297E+9
5108.01	3.3	-6.147694	0.644798	0.003286	0	0.003623	-0.212787	0.081218	1.033298E+9
4975.74	3.2	-6.162652	0.646952	0.006721	0	0.00644	-0.212787	0.080744	1.033298E+9
4841.71	3.1	-6.162564	0.662481	0.006959	0	0.006772	-0.212787	0.081294	1.033299E+9
4705.98	3	-6.167844	0.657913	0.005936	0	0.003627	-0.212787	0.081271	1.033299E+9
4568.59	2.9	-6.155596	0.651578	0.006109	0	0.005982	-0.212787	0.081293	1.0333E+9
4429.62	2.8	-6.170709	0.687906	0.006904	0	0.00637	-0.212787	0.080851	1.0333E+9
4289.09	2.7	-6.165563	0.657091	0.004301	0	0.005335	-0.212787	0.080774	1.033301E+9
4147.09	2.6	-6.149507	0.669398	0.006024	0	0.006009	-0.212787	0.081297	1.033301E+9
4003.65	2.5	-6.151307	0.673319	0.00695	0	0.005702	-0.212787	0.08135	1.033302E+9
3858.83	2.4	-6.164507	0.686964	0.006884	0	0.004951	-0.212787	0.081317	1.033302E+9
3712.69	2.3	-6.147529	0.664469	0.006825	0	0.004671	-0.212787	0.080762	1.033303E+9
3565.29	2.2	-6.154972	0.647884	0.005522	0	0.005869	-0.212787	0.081208	1.033303E+9
3416.67	2.1	-6.149783	0.656698	0.005058	0	0.005698	-0.212787	0.080836	1.033304E+9
3266.89	2	-6.151934	0.642371	0.005144	0	0.004761	-0.212787	0.080714	1.033304E+9
3116	1.9	-6.157259	0.674878	0.005458	0	0.005126	-0.212787	0.08116	1.033305E+9
2964.07	1.8	-6.144891	0.68262	0.004676	0	0.004021	-0.212787	0.080989	1.033305E+9
2811.14	1.7	-6.155482	0.645412	0.00561	0	0.0062	-0.212787	0.080905	1.033306E+9
2657.27	1.6	-6.142672	0.660418	0.007083	0	0.006456	-0.212787	0.080788	1.033306E+9
2502.52	1.5	-6.104885	0.662432	0.008184	0	0.006969	-0.212787	0.081039	1.033307E+9
2346.93	1.4	-6.184143	0.674774	0.008271	0	0.007765	-0.212787	0.080879	1.033307E+9
2190.57	1.3	-6.157883	0.669128	0.00618	0	0.005909	-0.212787	0.080883	1.033308E+9
2033.48	1.2	-6.157087	0.67521	0.007941	0	0.006797	-0.212787	0.081059	1.033308E+9
1875.73	1.1	-6.157837	0.675817	0.007605	0	0.007304	-0.212787	0.080937	1.033309E+9
1717.37	1	-6.16823	0.676509	0.005364	0	0.006145	-0.212787	0.080799	1.033309E+9
1558.44	0.9	-6.148182	0.668969	0.008058	0	0.006856	-0.212787	0.080949	1.03331E+9
1399.02	0.8	-6.144231	0.661415	0.006519	0	0.005164	-0.212787	0.080727	1.03331E+9
1239.14	0.7	-6.144488	0.645896	0.005462	0	0.005272	-0.212787	0.081154	1.033311E+9
1078.87	0.6	-6.125645	0.675034	0.005222	0	0.006399	-0.212787	0.080742	1.033311E+9
918.26	0.5	-6.162597	0.65455	0.00863	0	0.006639	-0.212787	0.080797	1.033312E+9
757.37	0.4	-6.161924	0.673536	0.006183	0	0.005624	-0.212787	0.080749	1.033312E+9
596.24	0.3	-6.170378	0.684232	0.007317	0	0.006807	-0.212787	0.080769	1.033313E+9
434.94	0.2	-6.133198	0.675161	0.00829	0	0.007339	-0.212787	0.080874	1.033313E+9
273.52	0.1	-6.15195	0.66608	0.007201	0	0.007607	-0.212787	0.080788	1.033314E+9
112.03	0	-6.117058	0.658816	0.006101	0	0.006453	-0.212787	0.081293	1.033314E+9
-49.47	-0.1	-6.13838	0.63982	0.006446	0	0.00591	-0.212787	0.08133	1.033315E+9
-210.93	-0.2	-6.151148	0.656821	0.007279	0	0.007785	-0.212787	0.081232	1.033315E+9
-372.3	-0.3	-6.150381	0.658348	0.006361	0	0.006064	-0.212787	0.080652	1.033316E+9
-533.51	-0.4	-6.151512	0.657585	0.00652	0	0.007657	-0.212787	0.080833	1.033316E+9
-694.51	-0.5	-6.130196	0.649131	0.006752	0	0.006453	-0.212787	0.081118	1.033317E+9
-855.25	-0.6	-6.125485	0.66365	0.007769	0	0.006756	-0.212787	0.080948	1.033317E+9
-1015.68	-0.7	-6.142919	0.636406	0.006941	0	0.008938	-0.212787	0.081301	1.033318E+9
-1175.74	-0.8	-6.138871	0.661474	0.007358	0	0.007723	-0.212787	0.080866	1.033318E+9
-1335.37	-0.9	-6.156755	0.646045	0.006309	0	0.006501	-0.212787	0.08128	1.033319E+9
-1494.53	-1	-6.14672	0.615195	0.006199	0	0.006814	-0.212787	0.080843	1.033319E+9
-1653.15	-1.1	-6.132444	0.670717	0.005857	0	0.006939	-0.212787	0.080748	1.03332E+9
-1811.18	-1.2	-6.148565	0.673952	0.005402	0	0.007052	-0.212787	0.081029	1.03332E+9
-1968.57	-1.3	-6.134118	0.65508	0.005748	0	0.007954	-0.212787	0.081136	1.033321E+9
-2125.26	-1.4	-6.142058	0.642751	0.006665	0	0.006231	-0.212787	0.080771	1.033321E+9
-2281.19	-1.5	-6.122276	0.662036	0.007263	0	0.005877	-0.212787	0.081308	1.033322E+9
-2436.33	-1.6	-6.121379	0.668163	0.005542	0	0.004778	-0.212787	0.080809	1.033322E+9
-2590.6	-1.7	-6.112802	0.657016	0.007335	0	0.005378	-0.212787	0.081287	1.033323E+9
-2743.95	-1.8	-6.144105	0.658897	0.005647	0	0.005818	-0.212787	0.080696	1.033323E+9
-2896.33	-1.9	-6.129709	0.63164	0.006143	0	0.006537	-0.212787	0.081205	1.033324E+9
-3047.69	-2	-6.117766	0.654775	0.007093	0	0.006307	-0.212787	0.081257	1.033324E+9
-3197.97	-2.1	-6.105749	0.669514	0.007102	0	0.006675	-0.212787	0.081081	1.033325E+9
-3347.11	-2.2	-6.102078	0.653063	0.006727	0	0.004969	-0.212787	0.081169	1.033325E+9
-3495.06	-2.3	-6.107724	0.674661	0.00878	0	0.007529	-0.212787	0.081327	1.033326E+9
-3641.77	-2.4	-6.116902	0.628297	0.006898	0	0.005773	-0.212787	0.08063	1.033326E+9
-3787.18	-2.5	-6.073865	0.665414	0.00486	0	0.005334	-0.212787	0.080821	1.033327E+9
-3931.24	-2.6	-6.099469	0.649057	0.006072	0	0.004729	-0.212787	0.080833	1.033327E+9
-4073.89	-2.7	-6.09417	0.642744	0.005753	0	0.003808	-0.212787	0.081252	1.033328E+9
-4215.08	-2.8	-6.085262	0.668845	0.005372	0	0.00505	-0.212787	0.081111	1.033328E+9
-4354.75	-2.9	-6.050844	0.637956	0.00391	0	0.004517	-0.212787	0.080748	1.033329E+9
-4492.85	-3	-5.985591	0.618775	0.004437	0	0.005828	-0.212787	0.081291	1.033329E+9
-4629.32	-3.1	-5.405108	0.589633	0.005636	0	0.003033	-0.212787	0.080878	1.03333E+9
-4764.12	-3.2	-1.932732	0.215313	1.1E-5	0	0.001038	-0.212787	0.081417	1.03333E+9
-4897.18	-3.3	0.37992	-0.045043	-0.001122	0	-0.00349	-0.212787	0.08093	1.033331E+9
-5028.44	-3.4	1.629396	-0.163397	-0.004009	0	-0.001522	-0.212787	0.080906	1.033331E+9
-5157.87	-3.5	2.529243	-0.261147	-0.00311	0	-0.005606	-0.212787	0.081408	1.033332E+9
-5285.39	-3.6	3.292467	-0.309294	-0.005872	0	-0.006797	-0.212787	0.081391	1.033332E+9
-5410.96	-3.7	3.873868	-0.376638	-0.006645	0	-0.006204	-0.212787	0.080994	1.033333E+9
-5534.53	-3.8	4.291725	-0.424308	-0.006723	0	-0.005077	-0.212787	0.080818	1.033333E+9
-5656.02	-3.9	4.473652	-0.438762	-0.005977	0	-0.006246	-0.212787	0.080874	1.033334E+9
-5775.41	-4	4.582738	-0.477845	-0.008427	0	-0.008086	-0.212787	0.080748	1.033334E+9
-5892.62	-4.1	4.588709	-0.466903	-0.007209	0	-0.004676	-0.212787	0.080792	1.033335E+9
-6007.6	-4.2	4.619534	-0.435666	-0.006918	0	-0.006916	-0.212787	0.080883	1.033335E+9
-6120.3	-4.3	4.61752	-0.453173	-0.009262	0	-0.006719	-0.212787	0.0809	1.033336E+9
-6230.67	-4.4	4.585135	-0.448612	-0.006724	0	-0.005551	-0.212787	0.080863	1.033336E+9
-6338.64	-4.5	4.630508	-0.455513	-0.006781	0	-0.007603	-0.212787	0.0809	1.033337E+9
-6444.17	-4.6	4.626737	-0.461838	-0.007795	0	-0.007667	-0.212787	0.081328	1.033337E+9
-6547.2	-4.7	4.622074	-0.465759	-0.006483	0	-0.006588	-0.212787	0.081323	1.033338E+9
-6647.68	-4.8	4.620548	-0.454499	-0.006256	0	-0.006409	-0.212787	0.081215	1.033338E+9
-6745.55	-4.9	4.62621	-0.474882	-0.006027	0	-0.005393	-0.212787	0.081286	1.033339E+9
-6840.75	-5	4.609154	-0.455493	-0.007374	0	-0.004891	-0.212787	0.081206	1.033339E+9
-6933.24	-5.1	4.62543	-0.434415	-0.006126	0	-0.005857	-0.212787	0.081353	1.03334E+9
-7022.95	-5.2	4.619878	-0.474801	-0.008873	0	-0.007588	-0.212787	0.080812	1.03334E+9
-7109.83	-5.3	4.613241	-0.451698	-0.006602	0	-0.004908	-0.212787	0.081158	1.033341E+9
-7193.84	-5.4	4.64313	-0.459239	-0.008901	0	-0.007306	-0.212787	0.081141	1.033341E+9
-7274.9	-5.5	4.614196	-0.458287	-0.006579	0	-0.008254	-0.212787	0.080781	1.033342E+9
-7352.98	-5.6	4.623332	-0.443898	-0.007743	0	-0.006361	-0.212787	0.081303	1.033342E+9
-7428.01	-5.7	4.61864	-0.457338	-0.005379	0	-0.00628	-0.212787	0.080764	1.033343E+9
-7499.94	-5.8	4.622022	-0.445857	-0.006036	0	-0.007306	-0.212787	0.080764	1.033343E+9
-7568.71	-5.9	4.632487	-0.465727	-0.007573	0	-0.006476	-0.212787	0.081255	1.033344E+9
-7634.28	-6	4.628052	-0.452105	-0.007261	0	-0.0048	-0.212787	0.080788	1.033344E+9
-7568.71	-5.9	4.637705	-0.466695	-0.006408	0	-0.00733	-0.212787	0.08086	1.033345E+9
-7499.94	-5.8	4.648858	-0.440646	-0.007804	0	-0.007844	-0.212787	0.081017	1.033345E+9
-7428.01	-5.7	4.650031	-0.447023	-0.008431	0	-0.008399	-0.212787	0.080877	1.033346E+9
-7352.98	-5.6	4.663549	-0.449824	-0.007703	0	-0.008298	-0.212787	0.081204	1.033346E+9
-7274.9	-5.5	4.613884	-0.431088	-0.008494	0	-0.008148	-0.212787	0.080846	1.033347E+9
-7193.84	-5.4	4.658705	-0.457007	-0.008501	0	-0.007188	-0.212787	0.08086	1.033347E+9
-7109.83	-5.3	4.629303	-0.455542	-0.007391	0	-0.006568	-0.212787	0.080923	1.033348E+9
-7022.95	-5.2	4.661905	-0.438765	-0.008139	0	-0.007011	-0.212787	0.081134	1.033348E+9
-6933.24	-5.1	4.643033	-0.448066	-0.007514	0	-0.006927	-0.212787	0.08098	1.033349E+9
-6840.75	-5	4.640213	-0.477842	-0.007227	0	-0.007442	-0.212787	0.080936	1.033349E+9
-6745.55	-4.9	4.679897	-0.463963	-0.008124	0	-0.007564	-0.212787	0.081545	1.03335E+9
-6647.68	-4.8	4.639482	-0.447553	-0.009153	0	-0.008264	-0.212787	0.080848	1.03335E+9
-6547.2	-4.7	4.631532	-0.458449	-0.008117	0	-0.007125	-0.212787	0.081302	1.033351E+9
-6444.17	-4.6	4.64619	-0.434324	-0.006437	0	-0.006493	-0.212787	0.081041	1.033351E+9
-6338.64	-4.5	4.634998	-0.428057	-0.005699	0	-0.007375	-0.212787	0.080737	1.033352E+9
-6230.67	-4.4	4.664946	-0.472448	-0.007448	0	-0.007349	-0.212787	0.081027	1.033352E+9
-6120.3	-4.3	4.620736	-0.431523	-0.005995	0	-0.006122	-0.212787	0.080761	1.033353E+9
-6007.6	-4.2	4.653058	-0.412947	-0.008158	0	-0.007084	-0.212787	0.08086	1.033353E+9
-5892.62	-4.1	4.641369	-0.448794	-0.007417	0	-0.006534	-0.212787	0.081362	1.033354E+9
-5775.41	-4	4.663984	-0.456224	-0.006267	0	-0.006539	-0.212787	0.080823	1.033354E+9
-5656.02	-3.9	4.631418	-0.458917	-0.006754	0	-0.006149	-0.212787	0.081119	1.033355E+9
-5534.53	-3.8	4.658403	-0.45343	-0.006273	0	-0.00574	-0.212787	0.081091	1.033355E+9
-5410.96	-3.7	4.641217	-0.444619	-0.006416	0	-0.00739	-0.212787	0.081327	1.033356E+9
-5285.39	-3.6	4.652974	-0.463527	-0.007549	0	-0.007327	-0.212787	0.081146	1.033356E+9
-5157.87	-3.5	4.652633	-0.462904	-0.007341	0	-0.00633	-0.212787	0.081086	1.033357E+9
-5028.44	-3.4	4.641379	-0.446994	-0.00627	0	-0.00534	-0.212787	0.081398	1.033357E+9
-4897.18	-3.3	4.63789	-0.424188	-0.00688	0	-0.005599	-0.212787	0.081431	1.033358E+9
-4764.12	-3.2	4.637087	-0.454216	-0.006	0	-0.005175	-0.212787	0.081346	1.033358E+9
-4629.32	-3.1	4.657233	-0.4492	-0.00845	0	-0.008263	-0.212787	0.080795	1.033359E+9
-4492.85	-3	4.642688	-0.447855	-0.008027	0	-0.008433	-0.212787	0.080687	1.033359E+9
-4354.75	-2.9	4.634907	-0.454911	-0.007602	0	-0.008086	-0.212787	0.080787	1.03336E+9
-4215.08	-2.8	4.644592	-0.443856	-0.007967	0	-0.007808	-0.212787	0.080815	1.03336E+9
-4073.89	-2.7	4.658175	-0.460704	-0.007495	0	-0.007449	-0.212787	0.081329	1.033361E+9
-3931.24	-2.6	4.652977	-0.449119	-0.006108	0	-0.008072	-0.212787	0.081303	1.033361E+9
-3787.18	-2.5	4.624859	-0.429561	-0.007382	0	-0.006576	-0.212787	0.08112	1.033362E+9
-3641.77	-2.4	4.624979	-0.449385	-0.008562	0	-0.008358	-0.212787	0.080757	1.033362E+9
-3495.06	-2.3	4.625502	-0.447917	-0.006275	0	-0.006882	-0.212787	0.081368	1.033363E+9
-3347.11	-2.2	4.640083	-0.456935	-0.00395	0	-0.005754	-0.212787	0.081417	1.033363E+9
-3197.97	-2.1	4.63633	-0.44099	-0.007551	0	-0.007443	-0.212787	0.080711	1.033364E+9
-3047.69	-2	4.627783	-0.453622	-0.007348	0	-0.005912	-0.212787	0.080792	1.033364E+9
-2896.33	-1.9	4.617097	-0.475766	-0.007735	0	-0.007194	-0.212787	0.081418	1.033365E+9
-2743.95	-1.8	4.639192	-0.457559	-0.006217	0	-0.006971	-0.212787	0.081411	1.033365E+9
-2590.6	-1.7	4.62956	-0.474284	-0.007271	0	-0.008076	-0.212787	0.081427	1.033366E+9
-2436.33	-1.6	4.666593	-0.460957	-0.007968	0	-0.005565	-0.212787	0.080854	1.033366E+9
-2281.19	-1.5	4.633286	-0.449038	-0.006499	0	-0.005435	-0.212787	0.080821	1.033367E+9
-2125.26	-1.4	4.638832	-0.440981	-0.007815	0	-0.006429	-0.212787	0.080778	1.033367E+9
-1968.57	-1.3	4.6534	-0.484323	-0.006386	0	-0.006332	-0.212787	0.08123	1.033368E+9
-1811.18	-1.2	4.658812	-0.442251	-0.008218	0	-0.006841	-0.212787	0.081262	1.033368E+9
-1653.15	-1.1	4.638825	-0.449444	-0.007452	0	-0.007552	-0.212787	0.080832	1.033369E+9
-1494.53	-1	4.643364	-0.4547	-0.008711	0	-0.008049	-0.212787	0.080907	1.033369E+9
-1335.37	-0.9	4.637107	-0.455269	-0.006496	0	-0.005067	-0.212787	0.081322	1.03337E+9
-1175.74	-0.8	4.634511	-0.453004	-0.007073	0	-0.007113	-0.212787	0.081003	1.03337E+9
-1015.68	-0.7	4.619241	-0.445594	-0.005866	0	-0.007577	-0.212787	0.081241	1.033371E+9
-855.25	-0.6	4.637698	-0.439879	-0.007934	0	-0.007426	-0.212787	0.080944	1.033371E+9
-694.51	-0.5	4.668685	-0.442985	-0.008633	0	-0.007809	-0.212787	0.080905	1.033372E+9
-533.51	-0.4	4.65004	-0.452913	-0.007581	0	-0.00771	-0.212787	0.081103	1.033372E+9
-372.3	-0.3	4.637672	-0.445431	-0.007382	0	-0.00854	-0.212787	0.080894	1.033373E+9
-210.93	-0.2	4.642253	-0.448976	-0.007853	0	-0.008691	-0.212787	0.081039	1.033373E+9
-49.47	-0.1	4.649114	-0.450295	-0.005833	0	-0.007964	-0.212787	0.080831	1.033374E+9
112.03	0	4.631649	-0.43511	-0.006544	0	-0.006914	-0.212787	0.081464	1.033374E+9
273.52	0.1	4.632893	-0.452105	-0.00617	0	-0.008297	-0.212787	0.081035	1.033375E+9
434.94	0.2	4.646629	-0.426796	-0.004487	0	-0.007112	-0.212787	0.081086	1.033375E+9
596.24	0.3	4.637562	-0.440009	-0.005117	0	-0.006616	-0.212787	0.080893	1.033376E+9
757.37	0.4	4.637614	-0.465558	-0.005795	0	-0.006717	-0.212787	0.081084	1.033376E+9
918.26	0.5	4.658575	-0.470886	-0.007013	0	-0.007313	-0.212787	0.080861	1.033377E+9
1078.87	0.6	4.622497	-0.467507	-0.0074	0	-0.007794	-0.212787	0.080792	1.033377E+9
1239.14	0.7	4.607529	-0.433645	-0.008243	0	-0.008022	-0.212787	0.080816	1.033378E+9
1399.02	0.8	4.620063	-0.461711	-0.006455	0	-0.007497	-0.212787	0.081473	1.033378E+9
1558.44	0.9	4.633712	-0.446198	-0.006722	0	-0.006385	-0.212787	0.080866	1.033379E+9
1717.37	1	4.622078	-0.474661	-0.007979	0	-0.009636	-0.212787	0.081166	1.033379E+9
1875.73	1.1	4.637643	-0.447527	-0.007809	0	-0.008144	-0.212787	0.08086	1.03338E+9
2033.48	1.2	4.622909	-0.44064	-0.007852	0	-0.007695	-0.212787	0.081181	1.03338E+9
2190.57	1.3	4.638572	-0.463943	-0.006015	0	-0.007195	-0.212787	0.081017	1.033381E+9
2346.93	1.4	4.631922	-0.450818	-0.008089	0	-0.007571	-0.212787	0.080767	1.033381E+9
2502.52	1.5	4.637315	-0.455259	-0.008541	0	-0.007742	-0.212787	0.080797	1.033382E+9
2657.27	1.6	4.645333	-0.423252	-0.006984	0	-0.007834	-0.212787	0.080837	1.033382E+9
2811.14	1.7	4.604225	-0.445864	-0.010364	0	-0.009389	-0.212787	0.080822	1.033383E+9
2964.07	1.8	4.628712	-0.449125	-0.008879	0	-0.010292	-0.212787	0.0813	1.033383E+9
3116	1.9	4.611366	-0.439977	-0.006715	0	-0.007887	-0.212787	0.081227	1.033384E+9
3266.89	2	4.606646	-0.43308	-0.009624	0	-0.008855	-0.212787	0.081443	1.033384E+9
3416.67	2.1	4.604164	-0.459999	-0.007971	0	-0.008221	-0.212787	0.080961	1.033385E+9
3565.29	2.2	4.592634	-0.438853	-0.008546	0	-0.008754	-0.212787	0.081316	1.033385E+9
3712.69	2.3	4.607715	-0.48211	-0.006746	0	-0.007823	-0.212787	0.081004	1.033386E+9
3858.83	2.4	4.578063	-0.443866	-0.007982	0	-0.008076	-0.212787	0.081487	1.033386E+9
4003.65	2.5	4.542049	-0.424158	-0.00726	0	-0.008119	-0.212787	0.08127	1.033387E+9
4147.09	2.6	4.269616	-0.387821	-0.006598	0	-0.006249	-0.212787	0.08145	1.033387E+9
4289.09	2.7	1.552386	-0.132618	-0.00529	0	-0.005555	-0.212787	0.080766	1.033388E+9
4429.62	2.8	-1.329998	0.139586	-0.00204	0	-0.001562	-0.212787	0.08137	1.033388E+9
4568.59	2.9	-2.741807	0.281107	0.001476	0	0.002399	-0.212787	0.080613	1.033389E+9
4705.98	3	-3.791201	0.371161	0.00212	0	0.002641	-0.212787	0.080743	1.033389E+9
4841.71	3.1	-4.551549	0.446023	0.002318	0	0.003177	-0.212787	0.080738	1.03339E+9
4975.74	3.2	-5.214565	0.537844	0.004725	0	0.003587	-0.212787	0.080645	1.03339E+9
5108.01	3.3	-5.654523	0.568772	0.004645	0	0.004138	-0.212787	0.080533	1.033391E+9
5238.46	3.4	-5.90592	0.599009	0.004399	0	0.005153	-0.212787	0.080674	1.033391E+9
5367.05	3.5	-6.031958	0.602349	0.005128	0	0.004891	-0.212787	0.080811	1.033392E+9
5493.71	3.6	-6.056705	0.619041	0.003122	0	0.001909	-0.212787	0.080593	1.033392E+9
5618.4	3.7	-6.070213	0.599678	0.002647	0	0.003191	-0.212787	0.080795	1.033393E+9
5741.05	3.8	-6.095226	0.598668	0.00495	0	0.004882	-0.212787	0.080747	1.033393E+9
5861.61	3.9	-6.101119	0.595517	0.005054	0	0.005191	-0.212787	0.080773	1.033394E+9
5980.04	4	-6.094654	0.610227	0.004752	0	0.004207	-0.212787	0.08072	1.033394E+9
6096.26	4.1	-6.086149	0.607576	0.003736	0	0.003979	-0.212787	0.081268	1.033395E+9
6210.24	4.2	-6.092036	0.596394	0.005364	0	0.005271	-0.212787	0.080713	1.033395E+9
6321.91	4.3	-6.088572	0.611276	0.006364	0	0.00584	-0.212787	0.081155	1.033396E+9
6431.22	4.4	-6.122116	0.603788	0.006043	0	0.005511	-0.212787	0.081032	1.033396E+9
6538.11	4.5	-6.10623	0.617602	0.004838	0	0.003694	-0.212787	0.081235	1.033397E+9
6642.54	4.6	-6.104254	0.621741	0.005394	0	0.005384	-0.212787	0.081078	1.033397E+9
6744.44	4.7	-6.087231	0.611036	0.005067	0	0.004781	-0.212787	0.081233	1.033398E+9
6843.76	4.8	-6.100924	0.586599	0.005392	0	0.004261	-0.212787	0.080995	1.033398E+9
6940.45	4.9	-6.098605	0.607794	0.003314	0	0.003954	-0.212787	0.080561	1.033399E+9
7034.46	5	-6.088537	0.609717	0.001897	0	0.004161	-0.212787	0.080731	1.033399E+9
7125.71	5.1	-6.11453	0.599617	0.002565	0	0.003088	-0.212787	0.080739	1.0334E+9
7214.18	5.2	-6.099592	0.599876	0.003101	0	0.002182	-0.212787	0.080592	1.0334E+9
7299.79	5.3	-6.095986	0.626448	0.001554	0	0.003046	-0.212787	0.081335	1.033401E+9
7382.49	5.4	-6.104771	0.602397	0.003634	0	0.004043	-0.212787	0.081168	1.033401E+9
7462.23	5.5	-6.09417	0.62073	0.00273	0	0.003155	-0.212787	0.080666	1.033402E+9
7538.96	5.6	-6.09967	0.631429	0.00276	0	0.003013	-0.212787	0.08128	1.033402E+9
7612.62	5.7	-6.094225	0.599857	0.002247	0	0.00289	-0.212787	0.080818	1.033403E+9
7683.15	5.8	-6.099911	0.619142	0.00378	0	0.003421	-0.212787	0.080745	1.033403E+9
7750.51	5.9	-6.079937	0.607787	0.00438	0	0.003219	-0.212787	0.081095	1.033404E+9
7814.63	6	-6.079843	0.610422	0.004072	0	0.004599	-0.212787	0.080936	1.033404E+9
