25/05/2022	20:30

Si\Ta3\(Co88Tb12)75\Pt3-20220525_APEJ1

Field	Kepco	Channel A	Channel B	Agilent	0	RF out	Monitor+	Monitor-	Time
7814.63	6	4.951128	-0.496785	-0.010714	0	-0.011214	-0.212787	0.087924	3.486776E+9
7717.23	5.85	4.952493	-0.494251	-0.010122	0	-0.011106	-0.212787	0.087955	3.486776E+9
7612.62	5.7	4.954845	-0.495531	-0.01058	0	-0.011729	-0.212787	0.088317	3.486776E+9
7500.98	5.55	4.95569	-0.495534	-0.011203	0	-0.010375	-0.212787	0.088058	3.486777E+9
7382.49	5.4	4.96004	-0.495216	-0.00967	0	-0.010402	-0.212787	0.087949	3.486777E+9
7257.34	5.25	4.96119	-0.492477	-0.010808	0	-0.010621	-0.212787	0.088531	3.486777E+9
7125.71	5.1	4.96095	-0.496041	-0.010198	0	-0.010893	-0.212787	0.088003	3.486778E+9
6987.79	4.95	4.961668	-0.493	-0.011193	0	-0.011425	-0.212787	0.087877	3.486778E+9
6843.76	4.8	4.966385	-0.498111	-0.010194	0	-0.011499	-0.212787	0.088316	3.486779E+9
6693.81	4.65	4.965381	-0.497789	-0.010869	0	-0.010848	-0.212787	0.088649	3.486779E+9
6538.11	4.5	4.964163	-0.495525	-0.01061	0	-0.011578	-0.212787	0.088063	3.486779E+9
6376.86	4.35	4.967645	-0.496269	-0.009932	0	-0.011135	-0.212787	0.088011	3.48678E+9
6210.24	4.2	4.963367	-0.498787	-0.01231	0	-0.010703	-0.212787	0.08863	3.48678E+9
6038.43	4.05	4.969734	-0.496428	-0.011031	0	-0.010772	-0.212787	0.087836	3.486781E+9
5861.61	3.9	4.967009	-0.493322	-0.009901	0	-0.011426	-0.212787	0.088125	3.486781E+9
5679.98	3.75	4.969881	-0.498504	-0.010986	0	-0.011491	-0.212787	0.08853	3.486781E+9
5493.71	3.6	4.972158	-0.492429	-0.010935	0	-0.010606	-0.212787	0.088597	3.486782E+9
5302.99	3.45	4.973269	-0.497409	-0.010332	0	-0.011249	-0.212787	0.088059	3.486782E+9
5108.01	3.3	4.971001	-0.500171	-0.011544	0	-0.011015	-0.212787	0.088566	3.486783E+9
4908.94	3.15	4.974491	-0.496899	-0.011977	0	-0.010814	-0.212787	0.088581	3.486783E+9
4705.98	3	4.976914	-0.495011	-0.010535	0	-0.011995	-0.212787	0.088495	3.486783E+9
4499.3	2.85	4.975546	-0.497367	-0.011117	0	-0.010925	-0.212787	0.088222	3.486784E+9
4289.09	2.7	4.976726	-0.495236	-0.012418	0	-0.010952	-0.212787	0.088416	3.486784E+9
4075.54	2.55	4.980559	-0.49329	-0.010927	0	-0.01115	-0.212787	0.088663	3.486785E+9
3858.83	2.4	4.981677	-0.496493	-0.011259	0	-0.010612	-0.212787	0.088575	3.486785E+9
3639.15	2.25	4.979042	-0.499128	-0.012645	0	-0.010586	-0.212787	0.088479	3.486785E+9
3416.67	2.1	4.979893	-0.496434	-0.010668	0	-0.012167	-0.212787	0.088284	3.486786E+9
3191.58	1.95	4.981749	-0.497721	-0.010446	0	-0.010565	-0.212787	0.088383	3.486786E+9
2964.07	1.8	4.981979	-0.499462	-0.011294	0	-0.010851	-0.212787	0.088431	3.486787E+9
2734.32	1.65	4.980738	-0.499492	-0.011502	0	-0.012427	-0.212787	0.088067	3.486787E+9
2502.52	1.5	4.983126	-0.497055	-0.010605	0	-0.011369	-0.212787	0.088006	3.486787E+9
2268.84	1.35	4.985114	-0.499956	-0.0117	0	-0.011569	-0.212787	0.088567	3.486788E+9
2033.48	1.2	4.984185	-0.496571	-0.010517	0	-0.010904	-0.212787	0.087947	3.486788E+9
1796.62	1.05	4.984773	-0.497662	-0.010446	0	-0.012034	-0.212787	0.087937	3.486789E+9
1558.44	0.9	4.988363	-0.497279	-0.011589	0	-0.011448	-0.212787	0.088665	3.486789E+9
1319.13	0.75	4.984049	-0.495495	-0.011161	0	-0.012012	-0.212787	0.087939	3.486789E+9
1078.87	0.6	4.982678	-0.49904	-0.011606	0	-0.012057	-0.212787	0.088113	3.48679E+9
837.85	0.45	4.986716	-0.501652	-0.010379	0	-0.011813	-0.212787	0.087911	3.48679E+9
596.24	0.3	4.990156	-0.500307	-0.01145	0	-0.01158	-0.212787	0.088265	3.486791E+9
354.24	0.15	4.988893	-0.495028	-0.011272	0	-0.011377	-0.212787	0.088076	3.486791E+9
112.03	0	4.987557	-0.500089	-0.010934	0	-0.010561	-0.212787	0.088203	3.486791E+9
-130.21	-0.15	4.98707	-0.496633	-0.011486	0	-0.011505	-0.212787	0.088579	3.486792E+9
-372.3	-0.3	4.992388	-0.495154	-0.011414	0	-0.011491	-0.212787	0.088404	3.486792E+9
-614.04	-0.45	4.99014	-0.501691	-0.012498	0	-0.012277	-0.212787	0.088234	3.486793E+9
-855.25	-0.6	4.990546	-0.498052	-0.010572	0	-0.011094	-0.212787	0.088135	3.486793E+9
-1095.76	-0.75	4.99401	-0.499686	-0.011711	0	-0.011242	-0.212787	0.088096	3.486793E+9
-1335.37	-0.9	4.993649	-0.495057	-0.011551	0	-0.011393	-0.212787	0.088651	3.486794E+9
-1573.91	-1.05	4.996664	-0.499537	-0.010592	0	-0.012595	-0.212787	0.088118	3.486794E+9
-1811.18	-1.2	4.993841	-0.499774	-0.011066	0	-0.011245	-0.212787	0.088333	3.486795E+9
-2047	-1.35	4.99542	-0.49815	-0.011315	0	-0.011895	-0.212787	0.088382	3.486795E+9
-2281.19	-1.5	4.995543	-0.498351	-0.010746	0	-0.011397	-0.212787	0.088099	3.486795E+9
-2513.57	-1.65	4.992661	-0.496269	-0.011235	0	-0.010892	-0.212787	0.087853	3.486796E+9
-2743.95	-1.8	4.991849	-0.499459	-0.010903	0	-0.01191	-0.212787	0.088305	3.486796E+9
-2972.14	-1.95	4.947522	-0.489576	-0.01141	0	-0.01112	-0.212787	0.088542	3.486797E+9
-3197.97	-2.1	2.36527	-0.14817	-0.018219	0	-0.018676	-0.212787	0.088033	3.486797E+9
-3421.24	-2.25	-2.075562	0.299174	-0.022098	0	-0.021373	-0.212787	0.088407	3.486797E+9
-3641.77	-2.4	-4.224225	0.48853	-0.022575	0	-0.023536	-0.212787	0.088099	3.486798E+9
-3859.38	-2.55	-4.833114	0.542548	-0.022999	0	-0.022841	-0.212787	0.088225	3.486798E+9
-4073.89	-2.7	-5.003745	0.565761	-0.02295	0	-0.023812	-0.212787	0.088739	3.486799E+9
-4285.11	-2.85	-5.070834	0.57016	-0.022917	0	-0.023814	-0.212787	0.088753	3.486799E+9
-4492.85	-3	-5.110742	0.574961	-0.023218	0	-0.022828	-0.212787	0.088693	3.486799E+9
-4696.93	-3.15	-5.133279	0.582888	-0.023153	0	-0.023169	-0.212787	0.088373	3.4868E+9
-4897.18	-3.3	-5.148756	0.58283	-0.023389	0	-0.024134	-0.212787	0.088231	3.4868E+9
-5093.39	-3.45	-5.162233	0.577177	-0.023187	0	-0.023274	-0.212787	0.088731	3.486801E+9
-5285.39	-3.6	-5.163896	0.580624	-0.023343	0	-0.023715	-0.212787	0.088834	3.486801E+9
-5473	-3.75	-5.169887	0.582538	-0.022454	0	-0.023334	-0.212787	0.088301	3.486801E+9
-5656.02	-3.9	-5.171128	0.582729	-0.022443	0	-0.023514	-0.212787	0.088658	3.486802E+9
-5834.29	-4.05	-5.169419	0.580198	-0.023368	0	-0.023585	-0.212787	0.088874	3.486802E+9
-6007.6	-4.2	-5.171651	0.579328	-0.023341	0	-0.023188	-0.212787	0.08881	3.486803E+9
-6175.78	-4.35	-5.167359	0.581251	-0.022042	0	-0.02327	-0.212787	0.088222	3.486803E+9
-6338.64	-4.5	-5.172924	0.579708	-0.023204	0	-0.022996	-0.212787	0.088217	3.486803E+9
-6496	-4.65	-5.166862	0.585487	-0.022776	0	-0.023445	-0.212787	0.088618	3.486804E+9
-6647.68	-4.8	-5.170748	0.582944	-0.023204	0	-0.022867	-0.212787	0.088126	3.486804E+9
-6793.49	-4.95	-5.168529	0.577937	-0.022077	0	-0.02354	-0.212787	0.088493	3.486805E+9
-6933.24	-5.1	-5.166745	0.576085	-0.022936	0	-0.023107	-0.212787	0.08846	3.486805E+9
-7066.75	-5.25	-5.162099	0.583022	-0.023036	0	-0.023693	-0.212787	0.088316	3.486805E+9
-7193.84	-5.4	-5.164409	0.581963	-0.022358	0	-0.023417	-0.212787	0.088294	3.486806E+9
-7314.32	-5.55	-5.163003	0.58283	-0.022841	0	-0.023693	-0.212787	0.088136	3.486806E+9
-7428.01	-5.7	-5.160196	0.579718	-0.022606	0	-0.022866	-0.212787	0.088832	3.486807E+9
-7534.72	-5.85	-5.16091	0.581085	-0.021913	0	-0.023104	-0.212787	0.088726	3.486807E+9
-7634.28	-6	-5.158506	0.579013	-0.022944	0	-0.02368	-0.212787	0.088125	3.486807E+9
-7534.72	-5.85	-5.162499	0.586037	-0.022124	0	-0.022648	-0.212787	0.088636	3.486808E+9
-7428.01	-5.7	-5.163967	0.582953	-0.02291	0	-0.022714	-0.212787	0.088649	3.486808E+9
-7314.32	-5.55	-5.165459	0.579506	-0.022178	0	-0.023005	-0.212787	0.088507	3.486809E+9
-7193.84	-5.4	-5.167648	0.582996	-0.02333	0	-0.023015	-0.212787	0.088582	3.486809E+9
-7066.75	-5.25	-5.175335	0.583327	-0.023355	0	-0.02351	-0.212787	0.0886	3.486809E+9
-6933.24	-5.1	-5.173792	0.584805	-0.023135	0	-0.022944	-0.212787	0.088189	3.48681E+9
-6793.49	-4.95	-5.172593	0.583217	-0.022981	0	-0.023157	-0.212787	0.088153	3.48681E+9
-6647.68	-4.8	-5.172593	0.580754	-0.023217	0	-0.023199	-0.212787	0.088652	3.486811E+9
-6496	-4.65	-5.178051	0.581426	-0.022678	0	-0.02295	-0.212787	0.088743	3.486811E+9
-6338.64	-4.5	-5.17553	0.579292	-0.0227	0	-0.022738	-0.212787	0.088809	3.486811E+9
-6175.78	-4.35	-5.180894	0.584188	-0.023244	0	-0.02323	-0.212787	0.088505	3.486812E+9
-6007.6	-4.2	-5.177742	0.581118	-0.023149	0	-0.023388	-0.212787	0.088311	3.486812E+9
-5834.29	-4.05	-5.178581	0.582612	-0.022845	0	-0.023516	-0.212787	0.088582	3.486813E+9
-5656.02	-3.9	-5.181323	0.587622	-0.023795	0	-0.023161	-0.212787	0.0888	3.486813E+9
-5473	-3.75	-5.186212	0.581787	-0.023652	0	-0.022754	-0.212787	0.088772	3.486813E+9
-5285.39	-3.6	-5.182989	0.584194	-0.022517	0	-0.022722	-0.212787	0.088571	3.486814E+9
-5093.39	-3.45	-5.183912	0.582378	-0.023144	0	-0.023562	-0.212787	0.088558	3.486814E+9
-4897.18	-3.3	-5.185702	0.58386	-0.022839	0	-0.023066	-0.212787	0.088336	3.486815E+9
-4696.93	-3.15	-5.182934	0.585884	-0.022848	0	-0.023781	-0.212787	0.088816	3.486815E+9
-4492.85	-3	-5.189308	0.580202	-0.02278	0	-0.022991	-0.212787	0.088185	3.486815E+9
-4285.11	-2.85	-5.186924	0.580296	-0.023054	0	-0.023307	-0.212787	0.088621	3.486816E+9
-4073.89	-2.7	-5.185192	0.581326	-0.022728	0	-0.023789	-0.212787	0.088218	3.486816E+9
-3859.38	-2.55	-5.188697	0.58345	-0.0236	0	-0.02312	-0.212787	0.08869	3.486817E+9
-3641.77	-2.4	-5.189679	0.583818	-0.023173	0	-0.023358	-0.212787	0.088847	3.486817E+9
-3421.24	-2.25	-5.188681	0.578727	-0.023157	0	-0.023482	-0.212787	0.088281	3.486817E+9
-3197.97	-2.1	-5.192359	0.58514	-0.023698	0	-0.023153	-0.212787	0.088779	3.486818E+9
-2972.14	-1.95	-5.192486	0.58591	-0.023099	0	-0.023227	-0.212787	0.088094	3.486818E+9
-2743.95	-1.8	-5.190838	0.585059	-0.023448	0	-0.023839	-0.212787	0.088814	3.486819E+9
-2513.57	-1.65	-5.190449	0.583844	-0.022493	0	-0.022958	-0.212787	0.088769	3.486819E+9
-2281.19	-1.5	-5.192463	0.586806	-0.023839	0	-0.023665	-0.212787	0.088607	3.486819E+9
-2047	-1.35	-5.19334	0.582599	-0.023175	0	-0.023643	-0.212787	0.088581	3.48682E+9
-1811.18	-1.2	-5.194266	0.577999	-0.022543	0	-0.023551	-0.212787	0.088097	3.48682E+9
-1573.91	-1.05	-5.195221	0.580302	-0.024009	0	-0.023457	-0.212787	0.088798	3.486821E+9
-1335.37	-0.9	-5.19284	0.580494	-0.022527	0	-0.022883	-0.212787	0.088141	3.486821E+9
-1095.76	-0.75	-5.195936	0.581729	-0.023548	0	-0.023638	-0.212787	0.088531	3.486821E+9
-855.25	-0.6	-5.197287	0.587164	-0.023436	0	-0.023707	-0.212787	0.088576	3.486822E+9
-614.04	-0.45	-5.194146	0.584542	-0.023437	0	-0.02394	-0.212787	0.088608	3.486822E+9
-372.3	-0.3	-5.1982	0.579854	-0.023204	0	-0.02377	-0.212787	0.088778	3.486823E+9
-130.21	-0.15	-5.198941	0.581917	-0.023886	0	-0.023173	-0.212787	0.08863	3.486823E+9
112.03	0	-5.198983	0.583444	-0.023142	0	-0.023435	-0.212787	0.088589	3.486823E+9
354.24	0.15	-5.199578	0.578938	-0.0233	0	-0.023461	-0.212787	0.08827	3.486824E+9
596.24	0.3	-5.196823	0.584584	-0.023387	0	-0.023223	-0.212787	0.088285	3.486824E+9
837.85	0.45	-5.198499	0.582846	-0.022476	0	-0.02384	-0.212787	0.08876	3.486825E+9
1078.87	0.6	-5.201257	0.583684	-0.023133	0	-0.023047	-0.212787	0.088077	3.486825E+9
1319.13	0.75	-5.197794	0.585075	-0.022764	0	-0.023718	-0.212787	0.088641	3.486825E+9
1558.44	0.9	-5.204721	0.586257	-0.023197	0	-0.024157	-0.212787	0.088516	3.486826E+9
1796.62	1.05	-5.196036	0.579796	-0.023367	0	-0.023596	-0.212787	0.088709	3.486826E+9
2033.48	1.2	-5.20066	0.58281	-0.023414	0	-0.023841	-0.212787	0.088088	3.486827E+9
2268.84	1.35	-5.20168	0.585916	-0.022723	0	-0.02366	-0.212787	0.088667	3.486827E+9
2502.52	1.5	-5.121821	0.569312	-0.022498	0	-0.023133	-0.212787	0.08835	3.486827E+9
2734.32	1.65	-2.476614	0.232645	-0.016259	0	-0.015594	-0.212787	0.088545	3.486828E+9
2964.07	1.8	2.143896	-0.245848	-0.013077	0	-0.013324	-0.212787	0.088554	3.486828E+9
3191.58	1.95	4.060737	-0.407645	-0.01114	0	-0.011248	-0.212787	0.087942	3.486829E+9
3416.67	2.1	4.651161	-0.468914	-0.012326	0	-0.011221	-0.212787	0.088253	3.486829E+9
3639.15	2.25	4.808515	-0.480434	-0.011292	0	-0.011985	-0.212787	0.088579	3.486829E+9
3858.83	2.4	4.870811	-0.482744	-0.01063	0	-0.011214	-0.212787	0.087975	3.48683E+9
4075.54	2.55	4.913221	-0.490736	-0.011203	0	-0.011925	-0.212787	0.08852	3.48683E+9
4289.09	2.7	4.928406	-0.492987	-0.012222	0	-0.011099	-0.212787	0.088592	3.486831E+9
4499.3	2.85	4.946661	-0.488842	-0.011857	0	-0.012002	-0.212787	0.087957	3.486831E+9
4705.98	3	4.950342	-0.492458	-0.011327	0	-0.011895	-0.212787	0.088138	3.486831E+9
4908.94	3.15	4.955764	-0.495658	-0.011497	0	-0.012394	-0.212787	0.087879	3.486832E+9
5108.01	3.3	4.95645	-0.496074	-0.010636	0	-0.010838	-0.212787	0.088201	3.486832E+9
5302.99	3.45	4.961473	-0.494713	-0.010743	0	-0.011326	-0.212787	0.088222	3.486833E+9
5493.71	3.6	4.959985	-0.497237	-0.011776	0	-0.011856	-0.212787	0.088452	3.486833E+9
5679.98	3.75	4.95631	-0.496961	-0.010804	0	-0.011308	-0.212787	0.088398	3.486833E+9
5861.61	3.9	4.95838	-0.497341	-0.010942	0	-0.010967	-0.212787	0.088615	3.486834E+9
6038.43	4.05	4.958237	-0.49379	-0.011292	0	-0.011863	-0.212787	0.088188	3.486834E+9
6210.24	4.2	4.955511	-0.496233	-0.010462	0	-0.011226	-0.212787	0.088191	3.486835E+9
6376.86	4.35	4.959169	-0.489329	-0.011631	0	-0.011971	-0.212787	0.088569	3.486835E+9
6538.11	4.5	4.958117	-0.492952	-0.010968	0	-0.01076	-0.212787	0.088623	3.486835E+9
6693.81	4.65	4.955521	-0.489836	-0.010714	0	-0.011752	-0.212787	0.087988	3.486836E+9
6843.76	4.8	4.951778	-0.495479	-0.011614	0	-0.011642	-0.212787	0.088051	3.486836E+9
6987.79	4.95	4.953854	-0.493702	-0.011569	0	-0.011334	-0.212787	0.088579	3.486837E+9
7125.71	5.1	4.952915	-0.4929	-0.011507	0	-0.01056	-0.212787	0.088622	3.486837E+9
7257.34	5.25	4.950163	-0.495564	-0.011155	0	-0.010497	-0.212787	0.088129	3.486837E+9
7382.49	5.4	4.950206	-0.494209	-0.010602	0	-0.01105	-0.212787	0.087914	3.486838E+9
7500.98	5.55	4.949072	-0.491028	-0.011095	0	-0.010685	-0.212787	0.088256	3.486838E+9
7612.62	5.7	4.947633	-0.495551	-0.010774	0	-0.01169	-0.212787	0.087891	3.486839E+9
7717.23	5.85	4.945729	-0.493465	-0.011489	0	-0.010735	-0.212787	0.088361	3.486839E+9
7814.63	6	4.943614	-0.493887	-0.011795	0	-0.010828	-0.212787	0.088573	3.486839E+9
