03/06/2021	17:58

Si/Pt30/[co88Tb12]450/Pt30

Field	Kepco	Channel A	Channel B	Agilent	0	RF out	Monitor+	Monitor-	Time
8342.16	7.4	0.094405	0.002182	-0.000667	0	-0.000423	-0.212787	0.001834	3.03051E+9
8311.94	7.2	0.094425	0.002198	-0.00099	0	-0.000444	-0.212787	0.001791	3.030511E+9
8265.94	7	0.094431	0.001688	-0.001032	0	-0.000483	-0.212787	0.001814	3.030512E+9
8204.61	6.8	0.094503	0.002149	-0.000957	0	-0.000383	-0.212787	0.001769	3.030513E+9
8128.37	6.6	0.094409	0.002211	-0.001016	0	-0.000329	-0.212787	0.00182	3.030514E+9
8037.67	6.4	0.094444	0.002221	-0.000823	0	-0.000425	-0.212787	0.001806	3.030515E+9
7932.95	6.2	0.094376	0.001753	-0.000729	0	-0.000327	-0.212787	0.001843	3.030516E+9
7814.63	6	0.094529	0.002156	-0.000598	0	-0.000332	-0.212787	0.001798	3.030517E+9
7683.15	5.8	0.094539	0.002172	-0.000698	0	-0.000483	-0.212787	0.001853	3.030518E+9
7538.96	5.6	0.094496	0.00224	-0.000363	0	-0.000459	-0.212787	0.001877	3.030519E+9
7382.49	5.4	0.095344	0.001727	9.5E-5	0	-0.000369	-0.212787	0.001863	3.03052E+9
7214.18	5.2	0.095166	0.001733	-6.9E-5	0	-0.000399	-0.212787	0.001864	3.030521E+9
7034.46	5	0.095117	0.002201	-0.000101	0	-0.0004	-0.212787	0.001884	3.030522E+9
6843.76	4.8	0.095474	0.00223	-0.000656	0	-0.00041	-0.212787	0.001832	3.030523E+9
6642.54	4.6	0.095237	0.002227	-1.7E-5	0	-0.000381	-0.212787	0.001894	3.030524E+9
6431.22	4.4	0.095078	0.00173	-0.000209	0	-0.000458	-0.212787	0.001932	3.030525E+9
6210.24	4.2	0.09549	0.002302	-2E-5	0	-0.000416	-0.212787	0.001873	3.030526E+9
5980.04	4	0.095767	0.002191	-0.00035	0	-0.000511	-0.212787	0.001782	3.030527E+9
5741.05	3.8	0.095507	0.002406	-0.000436	0	-0.000419	-0.212787	0.001882	3.030528E+9
5493.71	3.6	0.094938	0.002266	-0.000543	0	-0.000348	-0.212787	0.001856	3.030529E+9
5238.46	3.4	0.094756	0.001821	-0.000906	0	-0.000425	-0.212787	0.00182	3.03053E+9
4975.74	3.2	0.094974	0.001759	-0.000859	0	-0.000428	-0.212787	0.001837	3.030531E+9
4705.98	3	0.095273	0.001785	-0.000469	0	-0.000424	-0.212787	0.00183	3.030532E+9
4429.62	2.8	0.095318	0.001808	-0.001004	0	-0.000357	-0.212787	0.001841	3.030533E+9
4147.09	2.6	0.095338	0.002422	-0.000903	0	-0.000246	-0.212787	0.001829	3.030534E+9
3858.83	2.4	0.095214	0.002234	-0.000571	0	-0.000344	-0.212787	0.001846	3.030535E+9
3565.29	2.2	0.095328	0.002139	-0.000439	0	-0.00042	-0.212787	0.001856	3.030536E+9
3266.89	2	0.095351	0.00149	-0.000345	0	-0.000395	-0.212787	0.001862	3.030537E+9
2964.07	1.8	0.095318	0.001854	-0.000484	0	-0.000403	-0.212787	0.001854	3.030538E+9
2657.27	1.6	0.095305	0.002084	-0.001017	0	-0.000256	-0.212787	0.00184	3.030539E+9
2346.93	1.4	0.095624	0.001584	-0.00036	0	-0.000398	-0.212787	0.001851	3.03054E+9
2033.48	1.2	0.095455	0.002273	-0.000596	0	-0.000417	-0.212787	0.001858	3.030541E+9
1717.37	1	0.095172	0.001642	-0.000437	0	-0.000318	-0.212787	0.001869	3.030542E+9
1399.02	0.8	0.095594	0.001672	-0.000497	0	-0.000429	-0.212787	0.001854	3.030543E+9
1078.87	0.6	0.095429	0.001574	-0.000422	0	-0.000408	-0.212787	0.001844	3.030544E+9
757.37	0.4	0.095081	0.001798	-0.000393	0	-0.000398	-0.212787	0.001849	3.030545E+9
434.94	0.2	0.094149	0.001584	-0.00038	0	-0.000417	-0.212787	0.001814	3.030546E+9
112.03	0	0.093548	0.001597	-0.000488	0	-0.000384	-0.212787	0.001834	3.030547E+9
-210.93	-0.2	0.093359	0.001655	-0.000753	0	-0.000355	-0.212787	0.001826	3.030548E+9
-533.51	-0.4	0.091189	0.001815	-0.000491	0	-0.000422	-0.212787	0.001826	3.030549E+9
-855.25	-0.6	0.084613	0.001931	-0.000715	0	-0.000457	-0.212787	0.001828	3.03055E+9
-1175.74	-0.8	0.07423	0.001922	-0.00086	0	-0.000473	-0.212787	0.001843	3.030551E+9
-1494.53	-1	0.064198	0.001769	-0.000713	0	-0.000573	-0.212787	0.001793	3.030552E+9
-1811.18	-1.2	0.054624	0.00174	-0.000825	0	-0.000474	-0.212787	0.001837	3.030553E+9
-2125.26	-1.4	0.046268	0.00187	-0.000954	0	-0.000518	-0.212787	0.001798	3.030554E+9
-2436.33	-1.6	0.03862	0.001951	-0.000456	0	-0.00066	-0.212787	0.001857	3.030555E+9
-2743.95	-1.8	0.032009	0.001779	-0.000654	0	-0.000644	-0.212787	0.001838	3.030556E+9
-3047.69	-2	0.02581	0.001863	-0.000622	0	-0.00066	-0.212787	0.001907	3.030557E+9
-3347.11	-2.2	0.020005	0.001938	-0.000465	0	-0.000631	-0.212787	0.001864	3.030558E+9
-3641.77	-2.4	0.013552	0.001889	-0.000708	0	-0.000638	-0.212787	0.001841	3.030559E+9
-3931.24	-2.6	0.00751	0.002386	-0.000614	0	-0.000669	-0.212787	0.001864	3.03056E+9
-4215.08	-2.8	0.001633	0.002367	-0.000414	0	-0.000725	-0.212787	0.001916	3.030561E+9
-4492.85	-3	-0.004621	0.002351	-0.000173	0	-0.000619	-0.212787	0.001911	3.030562E+9
-4764.12	-3.2	-0.01004	0.002266	-0.000249	0	-0.000783	-0.212787	0.001877	3.030563E+9
-5028.44	-3.4	-0.015576	0.002308	-0.000244	0	-0.000859	-0.212787	0.001932	3.030564E+9
-5285.39	-3.6	-0.020355	0.002399	-8.7E-5	0	-0.000737	-0.212787	0.001904	3.030565E+9
-5534.53	-3.8	-0.024582	0.002282	-0.00027	0	-0.00078	-0.212787	0.001923	3.030566E+9
-5775.41	-4	-0.027711	0.002299	-0.000359	0	-0.000728	-0.212787	0.001881	3.030567E+9
-6007.6	-4.2	-0.028987	0.002247	-0.000588	0	-0.000775	-0.212787	0.001877	3.030568E+9
-6230.67	-4.4	-0.030271	0.002354	-0.000717	0	-0.000882	-0.212787	0.001882	3.030569E+9
-6444.17	-4.6	-0.030186	0.002328	-0.000336	0	-0.000836	-0.212787	0.001882	3.03057E+9
-6647.68	-4.8	-0.030316	0.002312	-0.000839	0	-0.000835	-0.212787	0.001894	3.030571E+9
-6840.75	-5	-0.03018	0.00236	-0.000209	0	-0.000892	-0.212787	0.001854	3.030572E+9
-7022.95	-5.2	-0.030417	0.002315	-0.000668	0	-0.000797	-0.212787	0.001898	3.030573E+9
-7193.84	-5.4	-0.030394	0.002328	-0.00068	0	-0.000944	-0.212787	0.001853	3.030574E+9
-7352.98	-5.6	-0.030222	0.00262	-0.000851	0	-0.00078	-0.212787	0.001879	3.030575E+9
-7499.94	-5.8	-0.030836	0.002701	-0.000735	0	-0.000803	-0.212787	0.001885	3.030576E+9
-7634.28	-6	-0.030927	0.002425	-0.00065	0	-0.000848	-0.212787	0.001877	3.030577E+9
-7755.56	-6.2	-0.0299	0.002708	-0.000631	0	-0.000851	-0.212787	0.001852	3.030578E+9
-7863.34	-6.4	-0.03005	0.003065	-0.000513	0	-0.000817	-0.212787	0.00187	3.030579E+9
-7957.2	-6.6	-0.029962	0.002822	-0.000698	0	-0.00066	-0.212787	0.001875	3.03058E+9
-8036.69	-6.8	-0.029419	0.002913	-0.000773	0	-0.000769	-0.212787	0.00188	3.030581E+9
-8101.38	-7	-0.029514	0.002604	-0.000448	0	-0.0008	-0.212787	0.001872	3.030582E+9
-8150.82	-7.2	-0.029657	0.002679	-0.000401	0	-0.00081	-0.212787	0.001893	3.030583E+9
-8184.58	-7.4	-0.029735	0.002646	-0.000729	0	-0.000654	-0.212787	0.001808	3.030584E+9
-8150.82	-7.2	-0.029803	0.002559	-0.000463	0	-0.00081	-0.212787	0.001821	3.030585E+9
-8101.38	-7	-0.029822	0.002666	-0.001022	0	-0.000804	-0.212787	0.001844	3.030586E+9
-8036.69	-6.8	-0.029813	0.00263	-0.00119	0	-0.000777	-0.212787	0.001825	3.030587E+9
-7957.2	-6.6	-0.029897	0.002578	-0.000984	0	-0.000844	-0.212787	0.001849	3.030588E+9
-7863.34	-6.4	-0.0299	0.002659	-0.000874	0	-0.000759	-0.212787	0.001837	3.030589E+9
-7755.56	-6.2	-0.029832	0.002731	-0.000825	0	-0.000782	-0.212787	0.001819	3.03059E+9
-7634.28	-6	-0.029484	0.002035	-0.000822	0	-0.000809	-0.212787	0.00186	3.030591E+9
-7499.94	-5.8	-0.029702	0.00261	-0.000771	0	-0.000796	-0.212787	0.001839	3.030592E+9
-7352.98	-5.6	-0.030605	0.002045	-0.000677	0	-0.000759	-0.212787	0.001866	3.030593E+9
-7193.84	-5.4	-0.030774	0.002107	-0.001065	0	-0.000832	-0.212787	0.001823	3.030594E+9
-7022.95	-5.2	-0.030768	0.002295	-0.000993	0	-0.000736	-0.212787	0.00179	3.030595E+9
-6840.75	-5	-0.030475	0.002247	-0.000954	0	-0.000805	-0.212787	0.001859	3.030596E+9
-6647.68	-4.8	-0.030277	0.002724	-0.000119	0	-0.000664	-0.212787	0.001865	3.030597E+9
-6444.17	-4.6	-0.030326	0.002325	-0.000341	0	-0.000796	-0.212787	0.001898	3.030598E+9
-6230.67	-4.4	-0.030238	0.002305	-0.000218	0	-0.000741	-0.212787	0.001899	3.030599E+9
-6007.6	-4.2	-0.030306	0.002633	-0.000685	0	-0.000821	-0.212787	0.001843	3.0306E+9
-5775.41	-4	-0.030527	0.002276	-0.000681	0	-0.000832	-0.212787	0.001839	3.030601E+9
-5534.53	-3.8	-0.029761	0.002948	-0.000824	0	-0.000706	-0.212787	0.001836	3.030602E+9
-5285.39	-3.6	-0.03003	0.002831	-0.000716	0	-0.000746	-0.212787	0.001875	3.030603E+9
-5028.44	-3.4	-0.029465	0.002701	-0.000681	0	-0.000784	-0.212787	0.001878	3.030604E+9
-4764.12	-3.2	-0.029657	0.002799	-0.000716	0	-0.000806	-0.212787	0.001861	3.030605E+9
-4492.85	-3	-0.029897	0.002701	-0.001063	0	-0.00076	-0.212787	0.001845	3.030606E+9
-4215.08	-2.8	-0.02991	0.002727	-0.001317	0	-0.000704	-0.212787	0.001845	3.030607E+9
-3931.24	-2.6	-0.029887	0.002682	-0.001213	0	-0.000772	-0.212787	0.001774	3.030608E+9
-3641.77	-2.4	-0.0299	0.002844	-0.00089	0	-0.000799	-0.212787	0.001867	3.030609E+9
-3347.11	-2.2	-0.029855	0.002438	-0.00091	0	-0.000778	-0.212787	0.001874	3.03061E+9
-3047.69	-2	-0.029686	0.002844	-0.00072	0	-0.000781	-0.212787	0.001878	3.030611E+9
-2743.95	-1.8	-0.029731	0.002188	-0.000944	0	-0.000794	-0.212787	0.001902	3.030612E+9
-2436.33	-1.6	-0.02992	0.001987	-0.000739	0	-0.000791	-0.212787	0.00186	3.030613E+9
-2125.26	-1.4	-0.030313	0.00212	-0.000701	0	-0.000756	-0.212787	0.001859	3.030614E+9
-1811.18	-1.2	-0.030813	0.002081	-0.000893	0	-0.000772	-0.212787	0.001805	3.030615E+9
-1494.53	-1	-0.030699	0.002243	-0.001075	0	-0.000867	-0.212787	0.00184	3.030616E+9
-1175.74	-0.8	-0.03081	0.002367	-0.001154	0	-0.000856	-0.212787	0.001844	3.030617E+9
-855.25	-0.6	-0.030215	0.002416	-0.00107	0	-0.00078	-0.212787	0.001866	3.030618E+9
-533.51	-0.4	-0.029341	0.002289	-0.000354	0	-0.000697	-0.212787	0.001862	3.030619E+9
-210.93	-0.2	-0.028997	0.002386	-0.000481	0	-0.000697	-0.212787	0.001929	3.03062E+9
112.03	0	-0.025576	0.001867	-0.000321	0	-0.000741	-0.212787	0.001905	3.030621E+9
434.94	0.2	-0.018175	0.002243	-0.00052	0	-0.00087	-0.212787	0.001866	3.030622E+9
757.37	0.4	-0.007821	0.002757	-0.000527	0	-0.000601	-0.212787	0.001858	3.030623E+9
1078.87	0.6	0.001896	0.002256	-0.00051	0	-0.000665	-0.212787	0.001852	3.030624E+9
1399.02	0.8	0.01146	0.002091	-0.000655	0	-0.000555	-0.212787	0.001908	3.030625E+9
1717.37	1	0.019517	0.002627	-0.000361	0	-0.000596	-0.212787	0.001918	3.030626E+9
2033.48	1.2	0.027756	0.002386	-0.000271	0	-0.000627	-0.212787	0.001892	3.030627E+9
2346.93	1.4	0.034137	0.002295	-0.000143	0	-0.000445	-0.212787	0.0019	3.030628E+9
2657.27	1.6	0.040699	0.002234	-0.000294	0	-0.000592	-0.212787	0.001841	3.030629E+9
2964.07	1.8	0.046398	0.002149	-0.001137	0	-0.000629	-0.212787	0.001803	3.03063E+9
3266.89	2	0.052194	0.002185	-0.001102	0	-0.000558	-0.212787	0.001816	3.030631E+9
3565.29	2.2	0.058269	0.002211	-0.00061	0	-0.000473	-0.212787	0.001858	3.030632E+9
3858.83	2.4	0.064351	0.00237	-0.000565	0	-0.000358	-0.212787	0.001878	3.030633E+9
4147.09	2.6	0.069799	0.00211	-0.000688	0	-0.000504	-0.212787	0.001817	3.030634E+9
4429.62	2.8	0.076222	0.002286	-0.000463	0	-0.000382	-0.212787	0.001837	3.030635E+9
4705.98	3	0.081543	0.001431	-0.000427	0	-0.000373	-0.212787	0.00185	3.030636E+9
4975.74	3.2	0.08652	0.001545	-0.000406	0	-0.00032	-0.212787	0.00183	3.030637E+9
5238.46	3.4	0.089422	0.001698	-0.000423	0	-0.000418	-0.212787	0.001792	3.030638E+9
5493.71	3.6	0.092372	0.001685	-0.000349	0	-0.000409	-0.212787	0.001785	3.030639E+9
5741.05	3.8	0.093853	0.001746	-0.000603	0	-0.00039	-0.212787	0.001828	3.03064E+9
5980.04	4	0.094529	0.001918	-0.000213	0	-0.000412	-0.212787	0.001884	3.030641E+9
6210.24	4.2	0.09486	0.002006	-0.000545	0	-0.000448	-0.212787	0.001851	3.030642E+9
6431.22	4.4	0.09499	0.001941	7.9E-5	0	-0.00038	-0.212787	0.001871	3.030643E+9
6642.54	4.6	0.094922	0.001824	0.000108	0	-0.000366	-0.212787	0.001893	3.030644E+9
6843.76	4.8	0.094831	0.001802	-0.000172	0	-0.000442	-0.212787	0.001826	3.030645E+9
7034.46	5	0.094815	0.00174	-0.000192	0	-0.000527	-0.212787	0.001894	3.030646E+9
7214.18	5.2	0.094662	0.001824	-0.000387	0	-0.000435	-0.212787	0.001855	3.030647E+9
7382.49	5.4	0.094685	0.002477	-0.000198	0	-0.000489	-0.212787	0.001846	3.030648E+9
7538.96	5.6	0.094948	0.002526	-0.000385	0	-0.000326	-0.212787	0.001856	3.030649E+9
7683.15	5.8	0.095643	0.002048	-0.000318	0	-0.000368	-0.212787	0.001873	3.03065E+9
7814.63	6	0.095815	0.002481	-0.000443	0	-0.000349	-0.212787	0.001879	3.030651E+9
7932.95	6.2	0.095802	0.001844	-3.5E-5	0	-0.00038	-0.212787	0.001916	3.030652E+9
8037.67	6.4	0.095663	0.001811	6E-6	0	-0.000368	-0.212787	0.001869	3.030653E+9
8128.37	6.6	0.095019	0.001798	-0.000696	0	-0.000491	-0.212787	0.001815	3.030654E+9
8204.61	6.8	0.09537	0.002412	-0.000596	0	-0.000341	-0.212787	0.001883	3.030655E+9
8265.94	7	0.095247	0.002214	-0.000676	0	-0.00031	-0.212787	0.001865	3.030656E+9
8311.94	7.2	0.095211	0.002295	-0.000932	0	-0.000368	-0.212787	0.001842	3.030657E+9
8342.16	7.4	0.095539	0.002094	-0.000441	0	-0.000385	-0.212787	0.001846	3.030658E+9
