28/05/2021	14:43

Si/Pt30[Co88Tb12]450/Pt30

Field	Kepco	Channel A	Channel B	Agilent	0	RF out	Monitor+	Monitor-	Time
8342.16	7.4	-0.214192	-0.001626	0.015104	0	0.015653	-0.212787	0.088983	2.500395E+9
8311.94	7.2	-0.214224	-0.001619	0.015136	0	0.014938	-0.212787	0.089185	2.500396E+9
8265.94	7	-0.214153	-0.001571	0.014304	0	0.015272	-0.212787	0.089383	2.500397E+9
8204.61	6.8	-0.21413	-0.001431	0.015396	0	0.015602	-0.212787	0.088935	2.500398E+9
8128.37	6.6	-0.21452	-0.001545	0.014626	0	0.015247	-0.212787	0.089234	2.500399E+9
8037.67	6.4	-0.21437	-0.001496	0.014898	0	0.01512	-0.212787	0.088917	2.5004E+9
7932.95	6.2	-0.214526	-0.001502	0.014665	0	0.015204	-0.212787	0.089437	2.500401E+9
7814.63	6	-0.214341	-0.002107	0.015396	0	0.015494	-0.212787	0.088964	2.500402E+9
7683.15	5.8	-0.214309	-0.002217	0.01487	0	0.015308	-0.212787	0.089349	2.500403E+9
7538.96	5.6	-0.214621	-0.001837	0.015664	0	0.015233	-0.212787	0.088944	2.500404E+9
7382.49	5.4	-0.214939	-0.002094	0.01491	0	0.01535	-0.212787	0.089121	2.500405E+9
7214.18	5.2	-0.214861	-0.002214	0.015107	0	0.014884	-0.212787	0.089218	2.500406E+9
7034.46	5	-0.215559	-0.002081	0.014947	0	0.015338	-0.212787	0.089174	2.500407E+9
6843.76	4.8	-0.215849	-0.001977	0.015499	0	0.014528	-0.212787	0.088912	2.500408E+9
6642.54	4.6	-0.21581	-0.001658	0.014612	0	0.014762	-0.212787	0.089378	2.500409E+9
6431.22	4.4	-0.215836	-0.002019	0.014978	0	0.015593	-0.212787	0.089232	2.50041E+9
6210.24	4.2	-0.215881	-0.001847	0.015107	0	0.014746	-0.212787	0.088955	2.500411E+9
5980.04	4	-0.216082	-0.001892	0.014839	0	0.015302	-0.212787	0.089355	2.500412E+9
5741.05	3.8	-0.215891	-0.00197	0.015343	0	0.015237	-0.212787	0.088891	2.500413E+9
5493.71	3.6	-0.215806	-0.001902	0.01545	0	0.014999	-0.212787	0.089237	2.500414E+9
5238.46	3.4	-0.215745	-0.001918	0.016041	0	0.015834	-0.212787	0.089076	2.500415E+9
4975.74	3.2	-0.215933	-0.001883	0.015512	0	0.014634	-0.212787	0.088966	2.500416E+9
4705.98	3	-0.21578	-0.001889	0.015093	0	0.01497	-0.212787	0.089	2.500417E+9
4429.62	2.8	-0.215878	-0.001905	0.015539	0	0.015086	-0.212787	0.089038	2.500418E+9
4147.09	2.6	-0.215699	-0.001876	0.015404	0	0.01496	-0.212787	0.089106	2.500419E+9
3858.83	2.4	-0.215647	-0.001951	0.015161	0	0.015357	-0.212787	0.089311	2.50042E+9
3565.29	2.2	-0.215823	-0.001944	0.015676	0	0.015597	-0.212787	0.088978	2.500421E+9
3266.89	2	-0.215667	-0.001938	0.01533	0	0.015005	-0.212787	0.089409	2.500422E+9
2964.07	1.8	-0.215741	-0.001967	0.015953	0	0.014997	-0.212787	0.088924	2.500423E+9
2657.27	1.6	-0.215722	-0.001892	0.015293	0	0.015208	-0.212787	0.08913	2.500424E+9
2346.93	1.4	-0.215715	-0.001912	0.015841	0	0.015318	-0.212787	0.089186	2.500425E+9
2033.48	1.2	-0.215732	-0.001824	0.015779	0	0.014795	-0.212787	0.088941	2.500426E+9
1717.37	1	-0.215725	-0.001879	0.015418	0	0.015193	-0.212787	0.089238	2.500427E+9
1399.02	0.8	-0.215806	-0.00197	0.016048	0	0.015115	-0.212787	0.088924	2.500428E+9
1078.87	0.6	-0.216108	-0.001977	0.015028	0	0.015251	-0.212787	0.088934	2.500429E+9
757.37	0.4	-0.215797	-0.001905	0.015541	0	0.015186	-0.212787	0.089361	2.50043E+9
434.94	0.2	-0.216076	-0.001801	0.015222	0	0.015014	-0.212787	0.088968	2.500431E+9
112.03	0	-0.215663	-0.001925	0.015411	0	0.015124	-0.212787	0.08918	2.500432E+9
-210.93	-0.2	-0.215738	-0.001847	0.016109	0	0.015383	-0.212787	0.088908	2.500433E+9
-533.51	-0.4	-0.215754	-0.001909	0.014903	0	0.014984	-0.212787	0.089399	2.500434E+9
-855.25	-0.6	-0.2158	-0.001954	0.015492	0	0.015293	-0.212787	0.089338	2.500435E+9
-1175.74	-0.8	-0.215754	-0.001935	0.015322	0	0.015814	-0.212787	0.089178	2.500436E+9
-1494.53	-1	-0.215771	-0.001681	0.015773	0	0.015173	-0.212787	0.088919	2.500437E+9
-1811.18	-1.2	0.226173	0.006174	0.002198	0	0.002049	-0.212787	0.089407	2.500438E+9
-2125.26	-1.4	0.237249	0.006944	0.001941	0	0.001896	-0.212787	0.089234	2.500439E+9
-2436.33	-1.6	0.238746	0.006252	0.002028	0	0.001899	-0.212787	0.089069	2.50044E+9
-2743.95	-1.8	0.238441	0.006938	0.001968	0	0.002166	-0.212787	0.089088	2.500441E+9
-3047.69	-2	0.238486	0.005973	0.00202	0	0.001735	-0.212787	0.089101	2.500442E+9
-3347.11	-2.2	0.238603	0.006317	0.002003	0	0.001858	-0.212787	0.089377	2.500443E+9
-3641.77	-2.4	0.238581	0.006707	0.001881	0	0.001937	-0.212787	0.089465	2.500444E+9
-3931.24	-2.6	0.238467	0.00684	0.001821	0	0.00167	-0.212787	0.089215	2.500445E+9
-4215.08	-2.8	0.238473	0.006944	0.002023	0	0.001865	-0.212787	0.089344	2.500446E+9
-4492.85	-3	0.238616	0.006321	0.001835	0	0.002035	-0.212787	0.089561	2.500447E+9
-4764.12	-3.2	0.238464	0.006382	0.001821	0	0.001873	-0.212787	0.089094	2.500448E+9
-5028.44	-3.4	0.238106	0.006746	0.001923	0	0.001702	-0.212787	0.089056	2.500449E+9
-5285.39	-3.6	0.238603	0.006727	0.001778	0	0.00221	-0.212787	0.089216	2.50045E+9
-5534.53	-3.8	0.238093	0.006249	0.001733	0	0.001943	-0.212787	0.089126	2.500451E+9
-5775.41	-4	0.238032	0.0061	0.00189	0	0.002127	-0.212787	0.089091	2.500452E+9
-6007.6	-4.2	0.238025	0.006324	0.001796	0	0.001724	-0.212787	0.089275	2.500453E+9
-6230.67	-4.4	0.238041	0.006243	0.002235	0	0.001973	-0.212787	0.089347	2.500454E+9
-6444.17	-4.6	0.238291	0.006311	0.001603	0	0.002	-0.212787	0.089094	2.500455E+9
-6647.68	-4.8	0.238389	0.00649	0.001624	0	0.001881	-0.212787	0.089533	2.500456E+9
-6840.75	-5	0.238275	0.006168	0.001943	0	0.001803	-0.212787	0.08909	2.500457E+9
-7022.95	-5.2	0.238197	0.006165	0.002194	0	0.002233	-0.212787	0.089308	2.500458E+9
-7193.84	-5.4	0.238412	0.006194	0.002133	0	0.001935	-0.212787	0.089544	2.500459E+9
-7352.98	-5.6	0.237885	0.006314	0.001841	0	0.001866	-0.212787	0.089331	2.50046E+9
-7499.94	-5.8	0.237859	0.006636	0.00158	0	0.002127	-0.212787	0.089048	2.500461E+9
-7634.28	-6	0.237915	0.006639	0.001751	0	0.001991	-0.212787	0.08911	2.500462E+9
-7755.56	-6.2	0.237804	0.006291	0.00204	0	0.001842	-0.212787	0.089122	2.500463E+9
-7863.34	-6.4	0.237937	0.006197	0.002535	0	0.002043	-0.212787	0.089173	2.500464E+9
-7957.2	-6.6	0.237915	0.006295	0.002261	0	0.001742	-0.212787	0.089425	2.500465E+9
-8036.69	-6.8	0.237856	0.006233	0.00222	0	0.002034	-0.212787	0.089102	2.500466E+9
-8101.38	-7	0.237541	0.006347	0.002048	0	0.001974	-0.212787	0.089491	2.500467E+9
-8150.82	-7.2	0.237379	0.006347	0.001943	0	0.00176	-0.212787	0.089501	2.500468E+9
-8184.58	-7.4	0.237382	0.00635	0.001749	0	0.0021	-0.212787	0.089469	2.500469E+9
-8150.82	-7.2	0.237421	0.006152	0.002256	0	0.002107	-0.212787	0.089536	2.50047E+9
-8101.38	-7	0.237853	0.006317	0.0025	0	0.001601	-0.212787	0.089104	2.500471E+9
-8036.69	-6.8	0.23795	0.006249	0.002686	0	0.002003	-0.212787	0.089508	2.500472E+9
-7957.2	-6.6	0.237872	0.006272	0.002084	0	0.002184	-0.212787	0.089044	2.500473E+9
-7863.34	-6.4	0.237967	0.006233	0.002321	0	0.001706	-0.212787	0.089387	2.500474E+9
-7755.56	-6.2	0.237781	0.006788	0.002673	0	0.001589	-0.212787	0.089472	2.500475E+9
-7634.28	-6	0.237772	0.006373	0.002603	0	0.002075	-0.212787	0.089124	2.500476E+9
-7499.94	-5.8	0.238353	0.006308	0.002334	0	0.002221	-0.212787	0.089386	2.500477E+9
-7352.98	-5.6	0.238243	0.006405	0.002543	0	0.001816	-0.212787	0.089329	2.500478E+9
-7193.84	-5.4	0.238246	0.006291	0.002077	0	0.00193	-0.212787	0.089117	2.500479E+9
-7022.95	-5.2	0.238226	0.006444	0.0024	0	0.001551	-0.212787	0.08956	2.50048E+9
-6840.75	-5	0.237986	0.006295	0.00152	0	0.001983	-0.212787	0.089397	2.500481E+9
-6647.68	-4.8	0.237853	0.006363	0.001646	0	0.001822	-0.212787	0.08898	2.500482E+9
-6444.17	-4.6	0.238314	0.006308	0.001675	0	0.002057	-0.212787	0.089448	2.500483E+9
-6230.67	-4.4	0.23782	0.006041	0.0017	0	0.002005	-0.212787	0.088975	2.500484E+9
-6007.6	-4.2	0.238392	0.006067	0.001682	0	0.001859	-0.212787	0.089086	2.500485E+9
-5775.41	-4	0.23821	0.006093	0.001877	0	0.00168	-0.212787	0.089374	2.500486E+9
-5534.53	-3.8	0.238382	0.005963	0.001841	0	0.001986	-0.212787	0.089421	2.500487E+9
-5285.39	-3.6	0.238496	0.006275	0.001693	0	0.00181	-0.212787	0.089229	2.500488E+9
-5028.44	-3.4	0.238951	0.005966	0.001987	0	0.001883	-0.212787	0.08921	2.500489E+9
-4764.12	-3.2	0.238314	0.006012	0.001978	0	0.002068	-0.212787	0.089147	2.50049E+9
-4492.85	-3	0.238555	0.005966	0.001952	0	0.001842	-0.212787	0.08904	2.500491E+9
-4215.08	-2.8	0.239367	0.005915	0.00183	0	0.002254	-0.212787	0.089447	2.500492E+9
-3931.24	-2.6	0.239299	0.006022	0.001347	0	0.001971	-0.212787	0.089191	2.500493E+9
-3641.77	-2.4	0.239571	0.006009	0.002076	0	0.001766	-0.212787	0.089104	2.500494E+9
-3347.11	-2.2	0.238899	0.006311	0.001817	0	0.00196	-0.212787	0.089039	2.500495E+9
-3047.69	-2	0.239744	0.006386	0.001712	0	0.001713	-0.212787	0.089483	2.500496E+9
-2743.95	-1.8	0.239779	0.006054	0.001899	0	0.002075	-0.212787	0.089076	2.500497E+9
-2436.33	-1.6	0.239822	0.006113	0.001906	0	0.002099	-0.212787	0.089004	2.500498E+9
-2125.26	-1.4	0.239922	0.005983	0.001659	0	0.002053	-0.212787	0.089458	2.500499E+9
-1811.18	-1.2	0.239815	0.006067	0.001793	0	0.001827	-0.212787	0.089063	2.5005E+9
-1494.53	-1	0.239818	0.006769	0.001679	0	0.001673	-0.212787	0.089346	2.500501E+9
-1175.74	-0.8	0.239818	0.00673	0.00187	0	0.002049	-0.212787	0.089418	2.500502E+9
-855.25	-0.6	0.239526	0.006769	0.001492	0	0.001747	-0.212787	0.089351	2.500503E+9
-533.51	-0.4	0.239662	0.006564	0.001811	0	0.001968	-0.212787	0.089005	2.500504E+9
-210.93	-0.2	0.239753	0.00687	0.002038	0	0.002018	-0.212787	0.089014	2.500505E+9
112.03	0	0.23963	0.006736	0.001674	0	0.00196	-0.212787	0.08939	2.500506E+9
434.94	0.2	0.239617	0.006805	0.001939	0	0.001603	-0.212787	0.089102	2.500507E+9
757.37	0.4	0.239562	0.006831	0.001804	0	0.002234	-0.212787	0.089256	2.500508E+9
1078.87	0.6	-0.101751	0.001015	0.013345	0	0.012508	-0.212787	0.089084	2.500509E+9
1399.02	0.8	-0.208659	-0.001522	0.014847	0	0.015823	-0.212787	0.088815	2.50051E+9
1717.37	1	-0.213617	-0.001408	0.015263	0	0.015175	-0.212787	0.088784	2.500511E+9
2033.48	1.2	-0.21452	-0.001489	0.014822	0	0.015128	-0.212787	0.088929	2.500512E+9
2346.93	1.4	-0.214504	-0.001636	0.014845	0	0.015338	-0.212787	0.088719	2.500513E+9
2657.27	1.6	-0.21453	-0.001574	0.014416	0	0.014892	-0.212787	0.089223	2.500514E+9
2964.07	1.8	-0.214682	-0.001632	0.015315	0	0.015497	-0.212787	0.089052	2.500515E+9
3266.89	2	-0.214559	-0.001502	0.01546	0	0.015115	-0.212787	0.08869	2.500516E+9
3565.29	2.2	-0.214575	-0.001577	0.014658	0	0.014847	-0.212787	0.089216	2.500517E+9
3858.83	2.4	-0.21414	-0.00136	0.014875	0	0.015041	-0.212787	0.088721	2.500518E+9
4147.09	2.6	-0.214468	-0.001571	0.014244	0	0.014983	-0.212787	0.089155	2.500519E+9
4429.62	2.8	-0.214172	-0.001645	0.014613	0	0.015755	-0.212787	0.088852	2.50052E+9
4705.98	3	-0.214117	-0.001541	0.015093	0	0.015551	-0.212787	0.088724	2.500521E+9
4975.74	3.2	-0.214123	-0.001597	0.015078	0	0.015211	-0.212787	0.088697	2.500522E+9
5238.46	3.4	-0.214117	-0.001652	0.01442	0	0.01529	-0.212787	0.089171	2.500523E+9
5493.71	3.6	-0.214166	-0.001525	0.015177	0	0.015256	-0.212787	0.088787	2.500524E+9
5741.05	3.8	-0.214101	-0.001639	0.014276	0	0.014857	-0.212787	0.088959	2.500525E+9
5980.04	4	-0.21414	-0.00161	0.015169	0	0.01553	-0.212787	0.089202	2.500526E+9
6210.24	4.2	-0.214088	-0.0016	0.015392	0	0.0152	-0.212787	0.0887	2.500527E+9
6431.22	4.4	-0.214068	-0.001548	0.014931	0	0.015473	-0.212787	0.089172	2.500528E+9
6642.54	4.6	-0.214143	-0.001665	0.014978	0	0.015571	-0.212787	0.088755	2.500529E+9
6843.76	4.8	-0.21414	-0.0016	0.014406	0	0.015015	-0.212787	0.089102	2.50053E+9
7034.46	5	-0.213743	-0.001642	0.015338	0	0.015391	-0.212787	0.088719	2.500531E+9
7214.18	5.2	-0.214107	-0.001548	0.015258	0	0.015814	-0.212787	0.088743	2.500532E+9
7382.49	5.4	-0.213766	-0.001629	0.015049	0	0.015003	-0.212787	0.088684	2.500533E+9
7538.96	5.6	-0.213701	-0.001502	0.015069	0	0.015466	-0.212787	0.088829	2.500534E+9
7683.15	5.8	-0.213678	-0.001558	0.014835	0	0.015217	-0.212787	0.089108	2.500535E+9
7814.63	6	-0.213662	-0.001541	0.015235	0	0.015532	-0.212787	0.088692	2.500536E+9
7932.95	6.2	-0.213714	-0.001515	0.014806	0	0.015144	-0.212787	0.088764	2.500537E+9
8037.67	6.4	-0.213292	-0.001512	0.01541	0	0.015166	-0.212787	0.088891	2.500538E+9
8128.37	6.6	-0.213259	-0.001515	0.015539	0	0.015214	-0.212787	0.088752	2.500539E+9
8204.61	6.8	-0.213318	-0.001548	0.014683	0	0.014952	-0.212787	0.089174	2.50054E+9
8265.94	7	-0.213337	-0.002084	0.015136	0	0.015704	-0.212787	0.088994	2.500541E+9
8311.94	7.2	-0.213211	-0.001564	0.014251	0	0.015262	-0.212787	0.089059	2.500542E+9
8342.16	7.4	-0.213256	-0.001399	0.014646	0	0.015203	-0.212787	0.089182	2.500543E+9
