19/05/2022	16:25

Si\Pt3\(Co88Tb12)75\Pt3-20220518_APEJ7

Field	Kepco	Channel A	Channel B	Agilent	0	RF out	Monitor+	Monitor-	Time
8265.94	7	2.908847	-0.085734	0.001118	0	0.000518	-0.212787	0.047683	2.954452E+9
8204.61	6.8	2.908399	-0.085737	0.001707	0	0.000407	-0.212787	0.047521	2.954453E+9
8128.37	6.6	2.909146	-0.084376	0.000161	0	0.000614	-0.212787	0.047454	2.954454E+9
8037.67	6.4	2.909224	-0.084503	0.000511	0	0.000875	-0.212787	0.047594	2.954455E+9
7932.95	6.2	2.910088	-0.084854	-5.2E-5	0	-0.000264	-0.212787	0.047526	2.954456E+9
7814.63	6	2.910459	-0.085968	0.000337	0	0.000225	-0.212787	0.04736	2.954457E+9
7683.15	5.8	2.910751	-0.085819	0.000949	0	0.000555	-0.212787	0.047445	2.954458E+9
7538.96	5.6	2.910657	-0.08447	0.000358	0	0.000724	-0.212787	0.047521	2.954459E+9
7382.49	5.4	2.911703	-0.084779	-0.000231	0	0.001236	-0.212787	0.047354	2.95446E+9
7214.18	5.2	2.913103	-0.08423	0.000506	0	0.001615	-0.212787	0.047647	2.954461E+9
7034.46	5	2.911661	-0.084708	-0.000168	0	8.9E-5	-0.212787	0.04729	2.954462E+9
6843.76	4.8	2.913857	-0.084909	0.000823	0	0.000621	-0.212787	0.047413	2.954463E+9
6642.54	4.6	2.913811	-0.084568	0.001969	0	0.001043	-0.212787	0.047611	2.954464E+9
6431.22	4.4	2.912931	-0.084103	0.002075	0	0.000269	-0.212787	0.047517	2.954465E+9
6210.24	4.2	2.913668	-0.084142	0.000499	0	0.00051	-0.212787	0.047453	2.954466E+9
5980.04	4	2.914513	-0.084464	0.002743	0	0.00057	-0.212787	0.047629	2.954467E+9
5741.05	3.8	2.913308	-0.083837	0.001228	0	0.000914	-0.212787	0.047292	2.954468E+9
5493.71	3.6	2.913704	-0.084496	0.001165	0	0.002342	-0.212787	0.04727	2.954469E+9
5238.46	3.4	2.913357	-0.084649	0.002548	0	0.000633	-0.212787	0.047286	2.95447E+9
4975.74	3.2	2.913776	-0.085312	0.001207	0	0.00123	-0.212787	0.047386	2.954471E+9
4705.98	3	2.915478	-0.084071	0.000314	0	0.002593	-0.212787	0.047267	2.954472E+9
4429.62	2.8	2.915472	-0.084051	0.002851	0	0.001726	-0.212787	0.04742	2.954473E+9
4147.09	2.6	2.915926	-0.083213	0.002376	0	0.001118	-0.212787	0.047322	2.954474E+9
3858.83	2.4	2.915959	-0.084123	0.00309	0	0.001858	-0.212787	0.047329	2.954475E+9
3565.29	2.2	2.916878	-0.083821	0.003915	0	0.002498	-0.212787	0.047355	2.954476E+9
3266.89	2	2.918168	-0.084477	0.002459	0	0.002088	-0.212787	0.047262	2.954477E+9
2964.07	1.8	2.91811	-0.085328	0.002241	0	0.002539	-0.212787	0.047369	2.954478E+9
2657.27	1.6	2.919065	-0.084984	0.002858	0	0.002643	-0.212787	0.047327	2.954479E+9
2346.93	1.4	2.920264	-0.084132	0.002133	0	0.001252	-0.212787	0.047496	2.95448E+9
2033.48	1.2	2.921047	-0.084984	0.002973	0	0.003843	-0.212787	0.047257	2.954481E+9
1717.37	1	2.920907	-0.085403	0.004661	0	0.001785	-0.212787	0.047427	2.954482E+9
1399.02	0.8	2.923136	-0.08526	0.002003	0	0.001141	-0.212787	0.047235	2.954483E+9
1078.87	0.6	2.923243	-0.08408	0.002237	0	0.002105	-0.212787	0.047257	2.954484E+9
757.37	0.4	2.92257	-0.0841	0.00295	0	0.001512	-0.212787	0.047414	2.954485E+9
434.94	0.2	2.922141	-0.08486	0.002316	0	0.001804	-0.212787	0.047387	2.954486E+9
112.03	0	2.919539	-0.084061	0.002251	0	0.00277	-0.212787	0.047331	2.954487E+9
-210.93	-0.2	2.915254	-0.084415	0.002795	0	0.002984	-0.212787	0.047406	2.954488E+9
-533.51	-0.4	2.905953	-0.083951	0.002372	0	0.002624	-0.212787	0.04738	2.954489E+9
-855.25	-0.6	2.887993	-0.083538	0.005158	0	0.001684	-0.212787	0.047403	2.95449E+9
-1175.74	-0.8	2.856915	-0.0823	0.004848	0	0.004112	-0.212787	0.047496	2.954491E+9
-1494.53	-1	2.806984	-0.081413	0.003585	0	0.002794	-0.212787	0.047459	2.954492E+9
-1811.18	-1.2	2.731914	-0.078785	0.001491	0	0.003042	-0.212787	0.047379	2.954493E+9
-2125.26	-1.4	2.6061	-0.074743	0.00215	0	0.003568	-0.212787	0.047345	2.954494E+9
-2436.33	-1.6	2.402267	-0.068236	0.002233	0	0.002012	-0.212787	0.047327	2.954495E+9
-2743.95	-1.8	2.111687	-0.060124	0.000962	0	0.002065	-0.212787	0.047382	2.954496E+9
-3047.69	-2	1.758896	-0.048383	0.002585	0	0.001622	-0.212787	0.047317	2.954497E+9
-3347.11	-2.2	1.378585	-0.038467	0.000456	0	0.000392	-0.212787	0.04734	2.954498E+9
-3641.77	-2.4	0.988634	-0.024962	-0.001111	0	0.001334	-0.212787	0.047328	2.954499E+9
-3931.24	-2.6	0.605841	-0.011119	0.002292	0	-0.00091	-0.212787	0.047401	2.9545E+9
-4215.08	-2.8	0.231696	0.001672	0.000544	0	-0.001824	-0.212787	0.047367	2.954501E+9
-4492.85	-3	-0.134794	0.011996	-0.000865	0	-0.000685	-0.212787	0.047264	2.954502E+9
-4764.12	-3.2	-0.486389	0.022198	-0.001722	0	3.7E-5	-0.212787	0.047284	2.954503E+9
-5028.44	-3.4	-0.837594	0.032626	-0.001834	0	-0.003281	-0.212787	0.047358	2.954504E+9
-5285.39	-3.6	-1.179118	0.043688	-0.004001	0	-0.002003	-0.212787	0.047384	2.954505E+9
-5534.53	-3.8	-1.511333	0.053717	-0.001225	0	-0.003052	-0.212787	0.047367	2.954506E+9
-5775.41	-4	-1.824645	0.063373	-0.003532	0	-0.004189	-0.212787	0.047373	2.954507E+9
-6007.6	-4.2	-2.103918	0.071209	-0.003855	0	-0.003377	-0.212787	0.047279	2.954508E+9
-6230.67	-4.4	-2.345834	0.078632	-0.004751	0	-0.003063	-0.212787	0.047376	2.954509E+9
-6444.17	-4.6	-2.551596	0.085754	-0.004154	0	-0.004834	-0.212787	0.047405	2.95451E+9
-6647.68	-4.8	-2.723452	0.090439	-0.00358	0	-0.004657	-0.212787	0.047404	2.954511E+9
-6840.75	-5	-2.864291	0.094441	-0.003384	0	-0.005554	-0.212787	0.047406	2.954512E+9
-7022.95	-5.2	-2.979542	0.097872	-0.003075	0	-0.005783	-0.212787	0.04733	2.954513E+9
-7193.84	-5.4	-3.070473	0.100575	-0.00516	0	-0.005057	-0.212787	0.047374	2.954514E+9
-7352.98	-5.6	-3.142934	0.101816	-0.005239	0	-0.005169	-0.212787	0.047371	2.954515E+9
-7499.94	-5.8	-3.199385	0.104922	-0.002863	0	-0.005562	-0.212787	0.047441	2.954516E+9
-7634.28	-6	-3.243254	0.105539	-0.004632	0	-0.005995	-0.212787	0.047287	2.954517E+9
-7755.56	-6.2	-3.278676	0.107173	-0.004426	0	-0.00466	-0.212787	0.047442	2.954518E+9
-7863.34	-6.4	-3.308431	0.107998	-0.005295	0	-0.005048	-0.212787	0.047373	2.954519E+9
-7957.2	-6.6	-3.332677	0.109272	-0.005478	0	-0.004426	-0.212787	0.04737	2.95452E+9
-8036.69	-6.8	-3.353164	0.109317	-0.003841	0	-0.005565	-0.212787	0.047392	2.954521E+9
-8101.38	-7	-3.36883	0.110094	-0.003997	0	-0.005665	-0.212787	0.047333	2.954522E+9
-8036.69	-6.8	-3.372439	0.110198	-0.004737	0	-0.005449	-0.212787	0.047332	2.954523E+9
-7957.2	-6.6	-3.373118	0.110243	-0.002515	0	-0.004145	-0.212787	0.047314	2.954524E+9
-7863.34	-6.4	-3.374561	0.111072	-0.005812	0	-0.005676	-0.212787	0.04729	2.954525E+9
-7755.56	-6.2	-3.376643	0.110243	-0.003414	0	-0.003586	-0.212787	0.047321	2.954526E+9
-7634.28	-6	-3.376835	0.110246	-0.002111	0	-0.004392	-0.212787	0.047294	2.954527E+9
-7499.94	-5.8	-3.378651	0.110906	-0.006209	0	-0.004414	-0.212787	0.0472	2.954528E+9
-7352.98	-5.6	-3.381049	0.110172	-0.004954	0	-0.002485	-0.212787	0.047242	2.954529E+9
-7193.84	-5.4	-3.382043	0.109597	-0.002721	0	-0.004194	-0.212787	0.047137	2.95453E+9
-7022.95	-5.2	-3.38499	0.109246	-0.004613	0	-0.004945	-0.212787	0.047312	2.954531E+9
-6840.75	-5	-3.385912	0.110604	-0.004547	0	-0.002703	-0.212787	0.0472	2.954532E+9
-6647.68	-4.8	-3.388417	0.110783	-0.002446	0	-0.004519	-0.212787	0.04721	2.954533E+9
-6444.17	-4.6	-3.390171	0.111293	-0.004758	0	-0.003158	-0.212787	0.047385	2.954534E+9
-6230.67	-4.4	-3.39265	0.110682	-0.003146	0	-0.002225	-0.212787	0.047162	2.954535E+9
-6007.6	-4.2	-3.394125	0.11061	-0.003028	0	-0.003378	-0.212787	0.047248	2.954536E+9
-5775.41	-4	-3.397013	0.112361	-0.004246	0	-0.004571	-0.212787	0.047379	2.954537E+9
-5534.53	-3.8	-3.398765	0.111202	-0.002873	0	-0.000712	-0.212787	0.047291	2.954538E+9
-5285.39	-3.6	-3.401783	0.11202	-0.002655	0	-0.002044	-0.212787	0.047361	2.954539E+9
-5028.44	-3.4	-3.40446	0.112121	-0.005454	0	-0.000854	-0.212787	0.047334	2.95454E+9
-4764.12	-3.2	-3.408807	0.112108	-0.002964	0	-0.001255	-0.212787	0.047421	2.954541E+9
-4492.85	-3	-3.412881	0.112176	-0.002673	0	-0.004545	-0.212787	0.04737	2.954542E+9
-4215.08	-2.8	-3.415337	0.112517	-0.002634	0	-0.002738	-0.212787	0.047474	2.954543E+9
-3931.24	-2.6	-3.419245	0.112118	-0.001037	0	0.00035	-0.212787	0.047237	2.954544E+9
-3641.77	-2.4	-3.423676	0.111754	-0.002559	0	-0.004132	-0.212787	0.047471	2.954545E+9
-3347.11	-2.2	-3.426945	0.112511	-0.003734	0	-0.001726	-0.212787	0.047306	2.954546E+9
-3047.69	-2	-3.428683	0.112141	9.4E-5	0	-0.001213	-0.212787	0.047428	2.954547E+9
-2743.95	-1.8	-3.432572	0.113044	-0.00298	0	-0.00344	-0.212787	0.047444	2.954548E+9
-2436.33	-1.6	-3.432965	0.11396	-0.000385	0	-0.000395	-0.212787	0.047308	2.954549E+9
-2125.26	-1.4	-3.435625	0.112868	-0.00061	0	-0.001005	-0.212787	0.047508	2.95455E+9
-1811.18	-1.2	-3.436961	0.113008	-0.003153	0	-0.003736	-0.212787	0.047578	2.954551E+9
-1494.53	-1	-3.43815	0.113388	-0.001696	0	-0.000923	-0.212787	0.047587	2.954552E+9
-1175.74	-0.8	-3.440245	0.112988	0.001745	0	-0.003254	-0.212787	0.047499	2.954553E+9
-855.25	-0.6	-3.438842	0.113479	-0.001862	0	-0.001188	-0.212787	0.047513	2.954554E+9
-533.51	-0.4	-3.437269	0.113102	9.3E-5	0	0.000504	-0.212787	0.04757	2.954555E+9
-210.93	-0.2	-3.43379	0.113437	-0.000751	0	-0.000808	-0.212787	0.047477	2.954556E+9
112.03	0	-3.422919	0.111806	-0.000658	0	-0.00325	-0.212787	0.047353	2.954557E+9
434.94	0.2	-3.406354	0.112176	0.001327	0	-0.002047	-0.212787	0.047474	2.954558E+9
757.37	0.4	-3.373235	0.111322	0.000576	0	0.005006	-0.212787	0.0475	2.954559E+9
1078.87	0.6	-3.321125	0.109688	-0.000983	0	-0.001098	-0.212787	0.047652	2.95456E+9
1399.02	0.8	-3.240642	0.106881	-0.00218	0	-0.000243	-0.212787	0.047594	2.954561E+9
1717.37	1	-3.102119	0.102933	0.000634	0	0.000104	-0.212787	0.047626	2.954562E+9
2033.48	1.2	-2.88108	0.09563	0.001376	0	-0.001485	-0.212787	0.047416	2.954563E+9
2346.93	1.4	-2.575384	0.086728	-0.001471	0	0.002008	-0.212787	0.047637	2.954564E+9
2657.27	1.6	-2.216213	0.075764	0.001015	0	0.001658	-0.212787	0.04747	2.954565E+9
2964.07	1.8	-1.826669	0.06399	0.003499	0	0.000555	-0.212787	0.047461	2.954566E+9
3266.89	2	-1.436799	0.053074	0.002251	0	0.001643	-0.212787	0.047463	2.954567E+9
3565.29	2.2	-1.052281	0.040491	0.003286	0	0.002043	-0.212787	0.047459	2.954568E+9
3858.83	2.4	-0.676275	0.028523	0.002938	0	0.003134	-0.212787	0.047367	2.954569E+9
4147.09	2.6	-0.310778	0.017636	0.005342	0	0.002614	-0.212787	0.047536	2.95457E+9
4429.62	2.8	0.046944	0.006317	0.003136	0	0.004085	-0.212787	0.047535	2.954571E+9
4705.98	3	0.398945	-0.003384	0.008513	0	0.002985	-0.212787	0.047197	2.954572E+9
4975.74	3.2	0.743626	-0.018195	0.003307	0	0.005185	-0.212787	0.047294	2.954573E+9
5238.46	3.4	1.07555	-0.027828	0.005773	0	0.004938	-0.212787	0.047404	2.954574E+9
5493.71	3.6	1.383926	-0.036934	0.008516	0	0.005468	-0.212787	0.047047	2.954575E+9
5741.05	3.8	1.659636	-0.044377	0.006368	0	0.004328	-0.212787	0.047421	2.954576E+9
5980.04	4	1.896204	-0.053714	0.007605	0	0.004439	-0.212787	0.047201	2.954577E+9
6210.24	4.2	2.094033	-0.058909	0.007453	0	0.007223	-0.212787	0.047318	2.954578E+9
6431.22	4.4	2.260174	-0.063616	0.01011	0	0.005208	-0.212787	0.047117	2.954579E+9
6642.54	4.6	2.394658	-0.068223	0.00484	0	0.004798	-0.212787	0.047309	2.95458E+9
6843.76	4.8	2.502249	-0.072057	0.008614	0	0.007891	-0.212787	0.047304	2.954581E+9
7034.46	5	2.586871	-0.073629	0.006044	0	0.004817	-0.212787	0.047262	2.954582E+9
7214.18	5.2	2.653582	-0.075627	0.005112	0	0.007406	-0.212787	0.047138	2.954583E+9
7382.49	5.4	2.70578	-0.077573	0.00588	0	0.007972	-0.212787	0.04706	2.954584E+9
7538.96	5.6	2.746914	-0.077141	0.008443	0	0.008576	-0.212787	0.047272	2.954585E+9
7683.15	5.8	2.780227	-0.07988	0.00755	0	0.006984	-0.212787	0.047213	2.954586E+9
7814.63	6	2.808433	-0.079795	0.008352	0	0.007839	-0.212787	0.047136	2.954587E+9
7932.95	6.2	2.831756	-0.08065	0.006943	0	0.00518	-0.212787	0.047206	2.954588E+9
8037.67	6.4	2.850161	-0.082911	0.002552	0	0.005165	-0.212787	0.047349	2.954589E+9
8128.37	6.6	2.862097	-0.081572	0.005964	0	0.007852	-0.212787	0.04715	2.95459E+9
8204.61	6.8	2.864699	-0.08204	0.008483	0	0.004981	-0.212787	0.047036	2.954591E+9
8265.94	7	2.867838	-0.081995	0.005511	0	0.008132	-0.212787	0.047195	2.954592E+9
