20/05/2022	14:36

CoTb

Field	Kepco	Channel A	Channel B	Agilent	0	RF out	Monitor+	Monitor-	Time
7034.46	5	4.596168	-0.238148	0.020361	0	0.020953	-0.212787	0.075175	3.034359E+9
6940.45	4.9	4.613264	-0.240738	0.021488	0	0.021599	-0.212787	0.075149	3.034359E+9
6843.76	4.8	4.626717	-0.242154	0.02085	0	0.02083	-0.212787	0.075081	3.03436E+9
6744.44	4.7	4.629339	-0.242226	0.021127	0	0.020964	-0.212787	0.075137	3.03436E+9
6642.54	4.6	4.629072	-0.24577	0.021188	0	0.021745	-0.212787	0.075122	3.03436E+9
6538.11	4.5	4.632357	-0.246446	0.021119	0	0.021185	-0.212787	0.075195	3.034361E+9
6431.22	4.4	4.630278	-0.242524	0.02091	0	0.021393	-0.212787	0.075161	3.034361E+9
6321.91	4.3	4.63159	-0.246153	0.021693	0	0.021174	-0.212787	0.075202	3.034361E+9
6210.24	4.2	4.62633	-0.240448	0.021044	0	0.021051	-0.212787	0.075168	3.034362E+9
6096.26	4.1	4.6321	-0.244428	0.020701	0	0.02201	-0.212787	0.075164	3.034362E+9
5980.04	4	4.632513	-0.242658	0.021542	0	0.020771	-0.212787	0.07513	3.034362E+9
5861.61	3.9	4.626473	-0.245734	0.021648	0	0.022368	-0.212787	0.075147	3.034362E+9
5741.05	3.8	4.629115	-0.243964	0.020931	0	0.020762	-0.212787	0.075086	3.034363E+9
5618.4	3.7	4.630447	-0.243541	0.021492	0	0.020976	-0.212787	0.075149	3.034363E+9
5493.71	3.6	4.633546	-0.242752	0.021214	0	0.021123	-0.212787	0.075093	3.034363E+9
5367.05	3.5	4.630385	-0.238353	0.021626	0	0.02104	-0.212787	0.075244	3.034364E+9
5238.46	3.4	4.630599	-0.242583	0.021525	0	0.021131	-0.212787	0.07523	3.034364E+9
5108.01	3.3	4.632419	-0.243457	0.021442	0	0.02146	-0.212787	0.075122	3.034364E+9
4975.74	3.2	4.630671	-0.248294	0.021283	0	0.021149	-0.212787	0.075143	3.034365E+9
4841.71	3.1	4.631701	-0.242667	0.021161	0	0.020998	-0.212787	0.075229	3.034365E+9
4705.98	3	4.628598	-0.23374	0.021172	0	0.021506	-0.212787	0.075121	3.034365E+9
4568.59	2.9	4.625944	-0.243515	0.021558	0	0.020708	-0.212787	0.075088	3.034365E+9
4429.62	2.8	4.628553	-0.246098	0.020731	0	0.020673	-0.212787	0.075133	3.034366E+9
4289.09	2.7	4.628946	-0.240851	0.020958	0	0.020827	-0.212787	0.075192	3.034366E+9
4147.09	2.6	4.628179	-0.247225	0.020899	0	0.020711	-0.212787	0.075174	3.034366E+9
4003.65	2.5	4.628273	-0.246572	0.020389	0	0.020909	-0.212787	0.075088	3.034367E+9
3858.83	2.4	4.625551	-0.244051	0.020643	0	0.020654	-0.212787	0.075178	3.034367E+9
3712.69	2.3	4.625882	-0.242557	0.020744	0	0.0218	-0.212787	0.075038	3.034367E+9
3565.29	2.2	4.629365	-0.242979	0.020994	0	0.020898	-0.212787	0.075074	3.034368E+9
3416.67	2.1	4.628224	-0.242648	0.020606	0	0.02082	-0.212787	0.075153	3.034368E+9
3266.89	2	4.623387	-0.243545	0.021294	0	0.020514	-0.212787	0.075115	3.034368E+9
3116	1.9	4.621278	-0.243996	0.02074	0	0.020591	-0.212787	0.075133	3.034368E+9
2964.07	1.8	4.618852	-0.247927	0.020635	0	0.020967	-0.212787	0.075132	3.034369E+9
2811.14	1.7	4.621002	-0.242632	0.020589	0	0.020691	-0.212787	0.075031	3.034369E+9
2657.27	1.6	4.622061	-0.243619	0.020199	0	0.021141	-0.212787	0.075139	3.034369E+9
2502.52	1.5	4.615135	-0.243389	0.020441	0	0.02102	-0.212787	0.075151	3.03437E+9
2346.93	1.4	4.612802	-0.243151	0.020679	0	0.021888	-0.212787	0.075149	3.03437E+9
2190.57	1.3	4.618137	-0.242453	0.02084	0	0.020815	-0.212787	0.075076	3.03437E+9
2033.48	1.2	4.612793	-0.248067	0.021824	0	0.020368	-0.212787	0.075087	3.034371E+9
1875.73	1.1	4.610171	-0.245354	0.020987	0	0.020531	-0.212787	0.075119	3.034371E+9
1717.37	1	4.612282	-0.236089	0.020809	0	0.020452	-0.212787	0.075089	3.034371E+9
1558.44	0.9	4.606188	-0.237979	0.021121	0	0.020347	-0.212787	0.07507	3.034371E+9
1399.02	0.8	4.609164	-0.241865	0.019752	0	0.02126	-0.212787	0.075007	3.034372E+9
1239.14	0.7	4.605769	-0.244535	0.020401	0	0.020866	-0.212787	0.075057	3.034372E+9
1078.87	0.6	4.608693	-0.240617	0.02102	0	0.020966	-0.212787	0.07513	3.034372E+9
918.26	0.5	4.596477	-0.237836	0.021134	0	0.020601	-0.212787	0.0751	3.034373E+9
757.37	0.4	4.597871	-0.239688	0.020024	0	0.020724	-0.212787	0.075084	3.034373E+9
596.24	0.3	4.596045	-0.241488	0.02041	0	0.020278	-0.212787	0.075065	3.034373E+9
434.94	0.2	4.59442	-0.240143	0.020418	0	0.020791	-0.212787	0.075098	3.034374E+9
273.52	0.1	4.59572	-0.237268	0.021186	0	0.020511	-0.212787	0.075091	3.034374E+9
112.03	0	4.592273	-0.239181	0.020199	0	0.021304	-0.212787	0.07508	3.034374E+9
-49.47	-0.1	4.588244	-0.238246	0.020732	0	0.020866	-0.212787	0.075062	3.034374E+9
-210.93	-0.2	4.582241	-0.245377	0.020531	0	0.020813	-0.212787	0.075116	3.034375E+9
-372.3	-0.3	4.585226	-0.24283	0.020114	0	0.020026	-0.212787	0.075107	3.034375E+9
-533.51	-0.4	4.583498	-0.239188	0.020898	0	0.020514	-0.212787	0.075127	3.034375E+9
-694.51	-0.5	4.578176	-0.239737	0.020334	0	0.020494	-0.212787	0.075081	3.034376E+9
-855.25	-0.6	4.571516	-0.243551	0.020192	0	0.021581	-0.212787	0.075073	3.034376E+9
-1015.68	-0.7	4.575054	-0.237901	0.019816	0	0.020613	-0.212787	0.07509	3.034376E+9
-1175.74	-0.8	4.564538	-0.239198	0.020125	0	0.020728	-0.212787	0.075028	3.034377E+9
-1335.37	-0.9	4.558151	-0.238369	0.020976	0	0.020324	-0.212787	0.075195	3.034377E+9
-1494.53	-1	4.555016	-0.242593	0.02079	0	0.020691	-0.212787	0.075089	3.034377E+9
-1653.15	-1.1	4.495949	-0.231794	0.019697	0	0.020055	-0.212787	0.075052	3.034377E+9
-1811.18	-1.2	4.126746	-0.203292	0.018955	0	0.018615	-0.212787	0.075187	3.034378E+9
-1968.57	-1.3	2.658468	-0.114905	0.014858	0	0.01634	-0.212787	0.075185	3.034378E+9
-2125.26	-1.4	0.929276	-0.011034	0.014811	0	0.015209	-0.212787	0.075106	3.034378E+9
-2281.19	-1.5	-0.185443	0.050407	0.013721	0	0.013995	-0.212787	0.075214	3.034379E+9
-2436.33	-1.6	-0.954086	0.094464	0.012834	0	0.013811	-0.212787	0.07515	3.034379E+9
-2590.6	-1.7	-1.539042	0.126123	0.012285	0	0.012438	-0.212787	0.0752	3.034379E+9
-2743.95	-1.8	-2.063292	0.155782	0.012234	0	0.012693	-0.212787	0.075222	3.03438E+9
-2896.33	-1.9	-2.546174	0.182613	0.011966	0	0.011983	-0.212787	0.075243	3.03438E+9
-3047.69	-2	-2.997082	0.211343	0.0109	0	0.009902	-0.212787	0.075276	3.03438E+9
-3197.97	-2.1	-3.448864	0.23846	0.010227	0	0.010421	-0.212787	0.075198	3.03438E+9
-3347.11	-2.2	-3.914711	0.267375	0.010103	0	0.009129	-0.212787	0.075282	3.034381E+9
-3495.06	-2.3	-4.386247	0.289285	0.008401	0	0.009419	-0.212787	0.075289	3.034381E+9
-3641.77	-2.4	-4.870895	0.316142	0.008649	0	0.009561	-0.212787	0.075355	3.034381E+9
-3787.18	-2.5	-5.317689	0.342308	0.008175	0	0.008591	-0.212787	0.075269	3.034382E+9
-3931.24	-2.6	-5.675455	0.360752	0.007736	0	0.007885	-0.212787	0.075241	3.034382E+9
-4073.89	-2.7	-5.89158	0.375115	0.008771	0	0.008237	-0.212787	0.075267	3.034382E+9
-4215.08	-2.8	-5.998794	0.377876	0.008055	0	0.007749	-0.212787	0.075262	3.034383E+9
-4354.75	-2.9	-6.044011	0.381369	0.007765	0	0.007529	-0.212787	0.075351	3.034383E+9
-4492.85	-3	-6.064128	0.383763	0.008246	0	0.007904	-0.212787	0.075326	3.034383E+9
-4629.32	-3.1	-6.068871	0.380829	0.007753	0	0.008137	-0.212787	0.075401	3.034383E+9
-4764.12	-3.2	-6.077188	0.379962	0.007656	0	0.008186	-0.212787	0.075268	3.034384E+9
-4897.18	-3.3	-6.074388	0.387463	0.008392	0	0.007611	-0.212787	0.075302	3.034384E+9
-5028.44	-3.4	-6.074485	0.385186	0.007173	0	0.008208	-0.212787	0.075435	3.034384E+9
-5157.87	-3.5	-6.081175	0.382606	0.007643	0	0.008073	-0.212787	0.075317	3.034385E+9
-5285.39	-3.6	-6.084576	0.380852	0.008178	0	0.00818	-0.212787	0.075208	3.034385E+9
-5410.96	-3.7	-6.086396	0.385664	0.007767	0	0.008115	-0.212787	0.0753	3.034386E+9
-5534.53	-3.8	-6.088962	0.38388	0.008062	0	0.007696	-0.212787	0.075384	3.034386E+9
-5656.02	-3.9	-6.087296	0.383864	0.008434	0	0.008295	-0.212787	0.07539	3.034386E+9
-5775.41	-4	-6.085528	0.380387	0.007377	0	0.008123	-0.212787	0.075325	3.034387E+9
-5892.62	-4.1	-6.08724	0.383467	0.007939	0	0.008668	-0.212787	0.075317	3.034387E+9
-6007.6	-4.2	-6.091175	0.386346	0.007866	0	0.008314	-0.212787	0.075286	3.034387E+9
-6120.3	-4.3	-6.090457	0.388665	0.008964	0	0.008178	-0.212787	0.075449	3.034388E+9
-6230.67	-4.4	-6.09249	0.385673	0.007952	0	0.008368	-0.212787	0.075199	3.034388E+9
-6338.64	-4.5	-6.091201	0.38297	0.00823	0	0.00821	-0.212787	0.075327	3.034388E+9
-6444.17	-4.6	-6.094719	0.381255	0.008456	0	0.007392	-0.212787	0.07535	3.034388E+9
-6547.2	-4.7	-6.091249	0.386096	0.007588	0	0.008029	-0.212787	0.075374	3.034389E+9
-6647.68	-4.8	-6.095801	0.383006	0.009179	0	0.00786	-0.212787	0.075433	3.034389E+9
-6745.55	-4.9	-6.09518	0.382528	0.008083	0	0.007702	-0.212787	0.075391	3.034389E+9
-6840.75	-5	-6.094739	0.38157	0.007997	0	0.008338	-0.212787	0.075412	3.03439E+9
-6745.55	-4.9	-6.09508	0.386557	0.008465	0	0.00883	-0.212787	0.075343	3.03439E+9
-6647.68	-4.8	-6.09739	0.385634	0.007705	0	0.00789	-0.212787	0.075242	3.03439E+9
-6547.2	-4.7	-6.093852	0.383061	0.008497	0	0.008534	-0.212787	0.075448	3.034391E+9
-6444.17	-4.6	-6.09828	0.380855	0.008456	0	0.00854	-0.212787	0.075356	3.034391E+9
-6338.64	-4.5	-6.093809	0.383886	0.007779	0	0.008346	-0.212787	0.075353	3.034391E+9
-6230.67	-4.4	-6.101753	0.392999	0.007557	0	0.008642	-0.212787	0.075296	3.034391E+9
-6120.3	-4.3	-6.096009	0.386667	0.007674	0	0.007108	-0.212787	0.075382	3.034392E+9
-6007.6	-4.2	-6.099709	0.387817	0.008225	0	0.008419	-0.212787	0.075383	3.034392E+9
-5892.62	-4.1	-6.096948	0.383402	0.008461	0	0.008233	-0.212787	0.075332	3.034392E+9
-5775.41	-4	-6.097458	0.382499	0.009371	0	0.007481	-0.212787	0.07539	3.034393E+9
-5656.02	-3.9	-6.100928	0.381654	0.008164	0	0.007731	-0.212787	0.0753	3.034393E+9
-5534.53	-3.8	-6.096824	0.382087	0.008622	0	0.007759	-0.212787	0.075259	3.034393E+9
-5410.96	-3.7	-6.096155	0.382662	0.009172	0	0.008956	-0.212787	0.075428	3.034394E+9
-5285.39	-3.6	-6.099066	0.388665	0.007215	0	0.008565	-0.212787	0.075244	3.034394E+9
-5157.87	-3.5	-6.098757	0.383802	0.008586	0	0.00762	-0.212787	0.075235	3.034394E+9
-5028.44	-3.4	-6.099186	0.386437	0.00885	0	0.009058	-0.212787	0.075409	3.034394E+9
-4897.18	-3.3	-6.098374	0.382561	0.008834	0	0.008826	-0.212787	0.075345	3.034395E+9
-4764.12	-3.2	-6.092637	0.386554	0.00856	0	0.008308	-0.212787	0.075351	3.034395E+9
-4629.32	-3.1	-6.094748	0.384858	0.008785	0	0.008237	-0.212787	0.075259	3.034395E+9
-4492.85	-3	-6.094661	0.38043	0.007882	0	0.008007	-0.212787	0.075383	3.034396E+9
-4354.75	-2.9	-6.095086	0.384978	0.007905	0	0.008783	-0.212787	0.075342	3.034396E+9
-4215.08	-2.8	-6.092013	0.380384	0.008349	0	0.007614	-0.212787	0.075373	3.034396E+9
-4073.89	-2.7	-6.094358	0.383591	0.007821	0	0.008762	-0.212787	0.075324	3.034397E+9
-3931.24	-2.6	-6.091051	0.381723	0.008085	0	0.007653	-0.212787	0.07534	3.034397E+9
-3787.18	-2.5	-6.090106	0.386086	0.008902	0	0.007677	-0.212787	0.075355	3.034397E+9
-3641.77	-2.4	-6.091841	0.383955	0.007973	0	0.008209	-0.212787	0.075386	3.034397E+9
-3495.06	-2.3	-6.091321	0.392567	0.008658	0	0.008695	-0.212787	0.075339	3.034398E+9
-3347.11	-2.2	-6.08752	0.381479	0.009408	0	0.007629	-0.212787	0.07542	3.034398E+9
-3197.97	-2.1	-6.087065	0.378649	0.00745	0	0.008336	-0.212787	0.075236	3.034398E+9
-3047.69	-2	-6.091334	0.377483	0.008032	0	0.007657	-0.212787	0.075372	3.034399E+9
-2896.33	-1.9	-6.08532	0.382983	0.007787	0	0.007935	-0.212787	0.075409	3.034399E+9
-2743.95	-1.8	-6.087422	0.385699	0.008373	0	0.007857	-0.212787	0.075305	3.034399E+9
-2590.6	-1.7	-6.081165	0.378048	0.008158	0	0.007441	-0.212787	0.0754	3.0344E+9
-2436.33	-1.6	-6.079515	0.383029	0.00818	0	0.007062	-0.212787	0.075333	3.0344E+9
-2281.19	-1.5	-6.079086	0.385774	0.007826	0	0.007698	-0.212787	0.07535	3.0344E+9
-2125.26	-1.4	-6.073959	0.384861	0.007274	0	0.007381	-0.212787	0.075416	3.0344E+9
-1968.57	-1.3	-6.080028	0.387106	0.008421	0	0.007809	-0.212787	0.075433	3.034401E+9
-1811.18	-1.2	-6.079313	0.38579	0.008109	0	0.008459	-0.212787	0.075311	3.034401E+9
-1653.15	-1.1	-6.07738	0.385722	0.008674	0	0.008209	-0.212787	0.075401	3.034401E+9
-1494.53	-1	-6.073832	0.383042	0.008249	0	0.007702	-0.212787	0.075413	3.034402E+9
-1335.37	-0.9	-6.072478	0.380511	0.008207	0	0.007985	-0.212787	0.075377	3.034402E+9
-1175.74	-0.8	-6.070067	0.384972	0.008552	0	0.008573	-0.212787	0.075372	3.034402E+9
-1015.68	-0.7	-6.066519	0.391219	0.007638	0	0.007554	-0.212787	0.075356	3.034403E+9
-855.25	-0.6	-6.065135	0.382782	0.007468	0	0.008091	-0.212787	0.075404	3.034403E+9
-694.51	-0.5	-6.061289	0.386931	0.008653	0	0.00854	-0.212787	0.075388	3.034403E+9
-533.51	-0.4	-6.062559	0.384484	0.008533	0	0.007802	-0.212787	0.075338	3.034403E+9
-372.3	-0.3	-6.061292	0.38503	0.007221	0	0.007872	-0.212787	0.07541	3.034404E+9
-210.93	-0.2	-6.057598	0.384627	0.00812	0	0.008415	-0.212787	0.075278	3.034404E+9
-49.47	-0.1	-6.053849	0.378159	0.009066	0	0.008035	-0.212787	0.075353	3.034404E+9
112.03	0	-6.04598	0.37274	0.007803	0	0.009085	-0.212787	0.075347	3.034405E+9
273.52	0.1	-6.041565	0.379754	0.007801	0	0.008322	-0.212787	0.07532	3.034405E+9
434.94	0.2	-6.041617	0.382398	0.007391	0	0.00784	-0.212787	0.075318	3.034405E+9
596.24	0.3	-6.034232	0.379692	0.007313	0	0.00834	-0.212787	0.075278	3.034406E+9
757.37	0.4	-6.031387	0.377574	0.008921	0	0.008169	-0.212787	0.075335	3.034406E+9
918.26	0.5	-6.024525	0.380573	0.007426	0	0.008131	-0.212787	0.075393	3.034406E+9
1078.87	0.6	-5.995744	0.372798	0.008154	0	0.008798	-0.212787	0.075431	3.034406E+9
1239.14	0.7	-5.842867	0.361616	0.008855	0	0.009048	-0.212787	0.075337	3.034407E+9
1399.02	0.8	-4.931469	0.302936	0.011934	0	0.011719	-0.212787	0.075298	3.034407E+9
1558.44	0.9	-3.091554	0.198234	0.013581	0	0.014072	-0.212787	0.075225	3.034407E+9
1717.37	1	-1.714205	0.120587	0.013772	0	0.013931	-0.212787	0.075306	3.034408E+9
1875.73	1.1	-0.82174	0.070267	0.014864	0	0.015182	-0.212787	0.075158	3.034408E+9
2033.48	1.2	-0.168052	0.03515	0.014595	0	0.015746	-0.212787	0.075254	3.034408E+9
2190.57	1.3	0.376557	0.005099	0.015627	0	0.016635	-0.212787	0.075222	3.034409E+9
2346.93	1.4	0.865872	-0.029959	0.017746	0	0.016951	-0.212787	0.075127	3.034409E+9
2502.52	1.5	1.329479	-0.045306	0.017362	0	0.017515	-0.212787	0.075218	3.034409E+9
2657.27	1.6	1.78245	-0.080172	0.01775	0	0.018285	-0.212787	0.075214	3.034409E+9
2811.14	1.7	2.232088	-0.108983	0.018827	0	0.019	-0.212787	0.075155	3.03441E+9
2964.07	1.8	2.708925	-0.134677	0.018857	0	0.018923	-0.212787	0.075124	3.03441E+9
3116	1.9	3.19112	-0.168621	0.019339	0	0.019485	-0.212787	0.075222	3.03441E+9
3266.89	2	3.660518	-0.193562	0.02002	0	0.020654	-0.212787	0.075228	3.034411E+9
3416.67	2.1	4.060051	-0.215849	0.019716	0	0.020697	-0.212787	0.075197	3.034411E+9
3565.29	2.2	4.341435	-0.228217	0.020133	0	0.020571	-0.212787	0.075185	3.034411E+9
3712.69	2.3	4.491979	-0.236517	0.021087	0	0.021292	-0.212787	0.075132	3.034412E+9
3858.83	2.4	4.561377	-0.240409	0.021041	0	0.021615	-0.212787	0.075123	3.034412E+9
4003.65	2.5	4.587731	-0.239224	0.021407	0	0.021636	-0.212787	0.075215	3.034412E+9
4147.09	2.6	4.599453	-0.240052	0.021119	0	0.020469	-0.212787	0.075077	3.034412E+9
4289.09	2.7	4.612156	-0.241407	0.021153	0	0.020932	-0.212787	0.075211	3.034413E+9
4429.62	2.8	4.613663	-0.236829	0.020654	0	0.021483	-0.212787	0.075113	3.034413E+9
4568.59	2.9	4.6157	-0.240504	0.020402	0	0.020897	-0.212787	0.07514	3.034413E+9
4705.98	3	4.615258	-0.23871	0.021359	0	0.020553	-0.212787	0.075128	3.034414E+9
4841.71	3.1	4.61582	-0.237131	0.020772	0	0.020441	-0.212787	0.075203	3.034414E+9
4975.74	3.2	4.624774	-0.235247	0.021292	0	0.021403	-0.212787	0.07529	3.034414E+9
5108.01	3.3	4.62431	-0.239964	0.022464	0	0.02052	-0.212787	0.07515	3.034415E+9
5238.46	3.4	4.620479	-0.247164	0.021438	0	0.020912	-0.212787	0.07523	3.034415E+9
5367.05	3.5	4.622058	-0.243665	0.020842	0	0.021145	-0.212787	0.075285	3.034415E+9
5493.71	3.6	4.623095	-0.238759	0.021412	0	0.021175	-0.212787	0.075174	3.034415E+9
5618.4	3.7	4.625197	-0.23962	0.021527	0	0.021134	-0.212787	0.075211	3.034416E+9
5741.05	3.8	4.624501	-0.24178	0.022193	0	0.021394	-0.212787	0.075208	3.034416E+9
5861.61	3.9	4.625291	-0.242317	0.022282	0	0.020905	-0.212787	0.075229	3.034416E+9
5980.04	4	4.624342	-0.247576	0.02155	0	0.020816	-0.212787	0.075174	3.034417E+9
6096.26	4.1	4.622572	-0.244561	0.020523	0	0.020621	-0.212787	0.075205	3.034417E+9
6210.24	4.2	4.626558	-0.241332	0.021087	0	0.021747	-0.212787	0.075267	3.034417E+9
6321.91	4.3	4.626126	-0.242557	0.021379	0	0.02179	-0.212787	0.075194	3.034418E+9
6431.22	4.4	4.626113	-0.248528	0.021556	0	0.021131	-0.212787	0.075217	3.034418E+9
6538.11	4.5	4.628783	-0.243564	0.021689	0	0.02173	-0.212787	0.075234	3.034418E+9
6642.54	4.6	4.624492	-0.240946	0.021447	0	0.021162	-0.212787	0.075185	3.034418E+9
6744.44	4.7	4.621071	-0.243519	0.021917	0	0.021585	-0.212787	0.07512	3.034419E+9
6843.76	4.8	4.625564	-0.236563	0.021553	0	0.021246	-0.212787	0.075221	3.034419E+9
6940.45	4.9	4.62532	-0.24409	0.021754	0	0.021464	-0.212787	0.075184	3.034419E+9
7034.46	5	4.623043	-0.244955	0.0213	0	0.021528	-0.212787	0.075193	3.03442E+9
