05/05/2022	13:48

Co88Tb12_20210514_CVMH1

Field	Kepco	Channel A	Channel B	Agilent	0	RF out	Monitor+	Monitor-	Time
5980.04	4	-0.036216	0.027285	0.026616	0	0.026499	-0.212787	0.093504	1.735193E+9
5679.98	3.75	-0.038919	0.028321	0.026353	0	0.026722	-0.212787	0.093552	1.735194E+9
5367.05	3.5	-0.043906	0.03083	0.026437	0	0.026759	-0.212787	0.093524	1.735195E+9
5042.1	3.25	-0.045803	0.032171	0.027263	0	0.026613	-0.212787	0.093512	1.735196E+9
4705.98	3	-0.049802	0.027834	0.02725	0	0.027093	-0.212787	0.093531	1.735197E+9
4359.54	2.75	-0.046076	0.026899	0.027247	0	0.027372	-0.212787	0.093418	1.735198E+9
4003.65	2.5	-0.050293	0.02814	0.027977	0	0.027535	-0.212787	0.093571	1.735199E+9
3639.15	2.25	-0.055069	0.027798	0.027888	0	0.027276	-0.212787	0.093334	1.7352E+9
3266.89	2	-0.054627	0.025605	0.027501	0	0.028489	-0.212787	0.093658	1.735201E+9
2887.73	1.75	-0.054724	0.026177	0.028101	0	0.028039	-0.212787	0.093359	1.735202E+9
2502.52	1.5	-0.057785	0.025034	0.027675	0	0.028031	-0.212787	0.093369	1.735203E+9
2471.46	1.48	-0.055978	0.022285	0.027503	0	0.028245	-0.212787	0.093623	1.735204E+9
2440.38	1.46	-0.056833	0.029744	0.027832	0	0.028522	-0.212787	0.093757	1.735205E+9
2409.26	1.44	-0.0568	0.028588	0.027577	0	0.028345	-0.212787	0.093609	1.735206E+9
2378.11	1.42	-0.05555	0.027249	0.027239	0	0.027375	-0.212787	0.093673	1.735207E+9
2346.93	1.4	-0.0563	0.025391	0.02733	0	0.027417	-0.212787	0.093579	1.735208E+9
2315.72	1.38	-0.051895	0.028529	0.027683	0	0.027523	-0.212787	0.093358	1.735209E+9
2284.48	1.36	-0.056105	0.026759	0.02847	0	0.027491	-0.212787	0.093513	1.73521E+9
2253.2	1.34	-0.055137	0.026736	0.027911	0	0.027203	-0.212787	0.093497	1.735211E+9
2221.9	1.32	-0.055215	0.025748	0.027735	0	0.02691	-0.212787	0.093424	1.735212E+9
2190.57	1.3	-0.055611	0.027223	0.027733	0	0.027619	-0.212787	0.093462	1.735213E+9
2159.21	1.28	-0.054292	0.030229	0.028065	0	0.027232	-0.212787	0.093466	1.735214E+9
2127.82	1.26	-0.05476	0.024875	0.027782	0	0.028055	-0.212787	0.093639	1.735215E+9
2096.4	1.24	-0.055228	0.022688	0.027493	0	0.028048	-0.212787	0.093797	1.735216E+9
2064.96	1.22	-0.055202	0.026652	0.02838	0	0.028306	-0.212787	0.093758	1.735217E+9
2033.48	1.2	-0.051476	0.02439	0.027569	0	0.027452	-0.212787	0.093784	1.735218E+9
2001.99	1.18	-0.05705	0.025336	0.027764	0	0.027712	-0.212787	0.09369	1.735219E+9
1970.46	1.16	-0.054321	0.030625	0.027408	0	0.027931	-0.212787	0.093456	1.73522E+9
1938.91	1.14	-0.056164	0.029049	0.028081	0	0.027359	-0.212787	0.093372	1.735221E+9
1907.33	1.12	-0.053639	0.026294	0.027781	0	0.028338	-0.212787	0.093606	1.735222E+9
1875.73	1.1	-0.058051	0.03044	0.027734	0	0.02747	-0.212787	0.093688	1.735223E+9
1844.11	1.08	-0.054906	0.031421	0.028479	0	0.028399	-0.212787	0.093552	1.735224E+9
1812.46	1.06	-0.056969	0.030618	0.027972	0	0.027313	-0.212787	0.093684	1.735225E+9
1780.78	1.04	-0.055881	0.02979	0.02848	0	0.028825	-0.212787	0.093596	1.735226E+9
1749.09	1.02	-0.052908	0.028484	0.028463	0	0.028285	-0.212787	0.09359	1.735227E+9
1717.37	1	-0.055442	0.026606	0.02868	0	0.028756	-0.212787	0.093502	1.735228E+9
1685.63	0.98	-0.058668	0.025323	0.028912	0	0.027827	-0.212787	0.093859	1.735229E+9
1653.86	0.96	-0.057694	0.027415	0.028748	0	0.027951	-0.212787	0.093576	1.73523E+9
1622.08	0.94	-0.054867	0.027464	0.028724	0	0.028795	-0.212787	0.093639	1.735231E+9
1590.27	0.92	-0.06218	0.02965	0.02896	0	0.028718	-0.212787	0.093534	1.735232E+9
1558.44	0.9	-0.054594	0.029478	0.029307	0	0.030041	-0.212787	0.093699	1.735233E+9
1526.6	0.88	-0.059926	0.028936	0.029031	0	0.028563	-0.212787	0.093806	1.735234E+9
1494.73	0.86	-0.058175	0.029247	0.028447	0	0.028419	-0.212787	0.093678	1.735235E+9
1462.84	0.84	-0.057349	0.027935	0.02851	0	0.028619	-0.212787	0.093343	1.735236E+9
1430.94	0.82	-0.054776	0.03094	0.028999	0	0.028231	-0.212787	0.093556	1.735237E+9
1399.02	0.8	-0.061238	0.029182	0.029748	0	0.029264	-0.212787	0.093543	1.735238E+9
1367.08	0.78	-0.060436	0.030427	0.028979	0	0.028712	-0.212787	0.093591	1.735239E+9
1335.12	0.76	-0.064048	0.02785	0.028259	0	0.028864	-0.212787	0.093716	1.73524E+9
1303.14	0.74	-0.061443	0.02735	0.028565	0	0.028714	-0.212787	0.093464	1.735241E+9
1271.15	0.72	-0.059653	0.026899	0.028058	0	0.028973	-0.212787	0.093328	1.735242E+9
1239.14	0.7	-0.059234	0.029205	0.029351	0	0.029231	-0.212787	0.09339	1.735243E+9
1207.12	0.68	-0.058821	0.030404	0.029163	0	0.028779	-0.212787	0.09332	1.735244E+9
1175.08	0.66	-0.063574	0.028978	0.028506	0	0.028424	-0.212787	0.093315	1.735245E+9
1143.02	0.64	-0.056648	0.02865	0.028809	0	0.028875	-0.212787	0.093618	1.735246E+9
1110.95	0.62	-0.057963	0.030427	0.02826	0	0.028652	-0.212787	0.09336	1.735247E+9
1078.87	0.6	-0.059701	0.026613	0.029094	0	0.029214	-0.212787	0.093609	1.735248E+9
1046.78	0.58	-0.059783	0.026226	0.029514	0	0.028947	-0.212787	0.093601	1.735249E+9
1014.67	0.56	-0.060985	0.025242	0.02824	0	0.029317	-0.212787	0.093313	1.73525E+9
982.54	0.54	-0.056212	0.030271	0.028361	0	0.029315	-0.212787	0.093415	1.735251E+9
950.41	0.52	-0.057944	0.030609	0.028598	0	0.029031	-0.212787	0.093377	1.735252E+9
918.26	0.5	-0.061959	0.029624	0.028342	0	0.02922	-0.212787	0.093325	1.735253E+9
886.1	0.48	-0.060614	0.028026	0.029334	0	0.029438	-0.212787	0.09348	1.735254E+9
853.93	0.46	-0.061001	0.027155	0.029107	0	0.028713	-0.212787	0.093541	1.735255E+9
821.76	0.44	-0.061241	0.025063	0.028806	0	0.028897	-0.212787	0.093716	1.735256E+9
789.57	0.42	-0.060679	0.029137	0.028976	0	0.02884	-0.212787	0.093749	1.735257E+9
757.37	0.4	-0.058639	0.027038	0.028153	0	0.028588	-0.212787	0.093747	1.735258E+9
725.16	0.38	-0.056661	0.028754	0.028682	0	0.029668	-0.212787	0.093391	1.735259E+9
692.94	0.36	-0.064461	0.022172	0.029727	0	0.029231	-0.212787	0.093753	1.73526E+9
660.72	0.34	-0.059445	0.02557	0.028765	0	0.02908	-0.212787	0.093815	1.735261E+9
628.48	0.32	-0.061823	0.029666	0.02871	0	0.029098	-0.212787	0.093784	1.735262E+9
596.24	0.3	-0.064731	0.03044	0.028496	0	0.029428	-0.212787	0.093406	1.735263E+9
563.99	0.28	-0.06155	0.023247	0.02886	0	0.029026	-0.212787	0.093467	1.735264E+9
531.74	0.26	-0.061631	0.025989	0.028938	0	0.029226	-0.212787	0.093686	1.735265E+9
499.48	0.24	-0.062482	0.024849	0.027948	0	0.029122	-0.212787	0.093796	1.735266E+9
467.21	0.22	-0.058538	0.028477	0.028901	0	0.029671	-0.212787	0.093728	1.735267E+9
434.94	0.2	-0.062083	0.027584	0.028863	0	0.029031	-0.212787	0.093287	1.735268E+9
402.66	0.18	-0.059458	0.026259	0.029351	0	0.029339	-0.212787	0.093414	1.735269E+9
370.38	0.16	-0.060653	0.025401	0.029398	0	0.028999	-0.212787	0.093471	1.73527E+9
338.1	0.14	-0.058483	0.030258	0.028924	0	0.029978	-0.212787	0.093327	1.735271E+9
305.81	0.12	-0.063639	0.025934	0.029036	0	0.029744	-0.212787	0.093317	1.735272E+9
273.52	0.1	-0.06179	0.02644	0.02942	0	0.029366	-0.212787	0.093338	1.735273E+9
241.22	0.08	-0.064052	0.026912	0.029014	0	0.029244	-0.212787	0.093776	1.735274E+9
208.93	0.06	-0.064874	0.023266	0.029721	0	0.029376	-0.212787	0.093505	1.735275E+9
176.63	0.04	-0.062229	0.026791	0.028591	0	0.029434	-0.212787	0.093484	1.735276E+9
144.33	0.02	-0.061784	0.027649	0.029281	0	0.029264	-0.212787	0.093636	1.735277E+9
112.03	0	-0.060013	0.030719	0.029148	0	0.029629	-0.212787	0.093512	1.735278E+9
79.73	-0.02	-0.066241	0.026778	0.03065	0	0.029346	-0.212787	0.093833	1.735279E+9
47.42	-0.04	-0.063948	0.023286	0.02981	0	0.029691	-0.212787	0.09332	1.73528E+9
15.12	-0.06	-0.069211	0.022334	0.030516	0	0.029696	-0.212787	0.09348	1.735281E+9
-17.18	-0.08	-0.064474	0.025375	0.029592	0	0.030292	-0.212787	0.093373	1.735282E+9
-49.47	-0.1	-0.062674	0.02415	0.029108	0	0.030157	-0.212787	0.09375	1.735283E+9
-81.77	-0.12	-0.063168	0.026181	0.02959	0	0.029738	-0.212787	0.093425	1.735284E+9
-114.07	-0.14	-0.066336	0.025287	0.029932	0	0.029499	-0.212787	0.093779	1.735285E+9
-146.36	-0.16	-0.063753	0.026697	0.029522	0	0.029612	-0.212787	0.093397	1.735286E+9
-178.65	-0.18	-0.064526	0.022695	0.029764	0	0.029361	-0.212787	0.093359	1.735287E+9
-210.93	-0.2	-0.066017	0.025437	0.029394	0	0.029012	-0.212787	0.093468	1.735288E+9
-243.22	-0.22	-0.064458	0.029033	0.029295	0	0.028668	-0.212787	0.093524	1.735289E+9
-275.49	-0.24	-0.067018	0.026246	0.028726	0	0.029173	-0.212787	0.093499	1.73529E+9
-307.77	-0.26	-0.065543	0.026249	0.029823	0	0.0289	-0.212787	0.093417	1.735291E+9
-340.03	-0.28	-0.060364	0.024118	0.029439	0	0.029727	-0.212787	0.09348	1.735292E+9
-372.3	-0.3	-0.059464	0.023117	0.029324	0	0.029727	-0.212787	0.093503	1.735293E+9
-404.55	-0.32	-0.064958	0.027402	0.030271	0	0.029837	-0.212787	0.093769	1.735294E+9
-436.8	-0.34	-0.063717	0.028367	0.029632	0	0.02916	-0.212787	0.093454	1.735295E+9
-469.04	-0.36	-0.065306	0.022113	0.029825	0	0.029383	-0.212787	0.093618	1.735296E+9
-501.28	-0.38	-0.064422	0.02785	0.030003	0	0.029147	-0.212787	0.093846	1.735297E+9
-533.51	-0.4	-0.067161	0.025898	0.02983	0	0.029387	-0.212787	0.093763	1.735298E+9
-565.73	-0.42	-0.063642	0.023426	0.029619	0	0.029135	-0.212787	0.093757	1.735299E+9
-597.94	-0.44	-0.064519	0.027928	0.029035	0	0.029429	-0.212787	0.093415	1.7353E+9
-630.14	-0.46	-0.0641	0.028328	0.029365	0	0.029451	-0.212787	0.093559	1.735301E+9
-662.33	-0.48	-0.070127	0.027571	0.029515	0	0.029151	-0.212787	0.093467	1.735302E+9
-694.51	-0.5	-0.0645	0.023919	0.029039	0	0.029327	-0.212787	0.093474	1.735303E+9
-726.68	-0.52	-0.067866	0.023468	0.029188	0	0.029259	-0.212787	0.093539	1.735304E+9
-758.84	-0.54	-0.064961	0.027162	0.029869	0	0.029417	-0.212787	0.093579	1.735305E+9
-790.99	-0.56	-0.067814	0.024933	0.029587	0	0.029358	-0.212787	0.093811	1.735306E+9
-823.13	-0.58	-0.06743	0.02952	0.029866	0	0.029766	-0.212787	0.093454	1.735307E+9
-855.25	-0.6	-0.063441	0.025908	0.029564	0	0.030146	-0.212787	0.093477	1.735308E+9
-887.37	-0.62	-0.07001	0.025982	0.030237	0	0.030762	-0.212787	0.093505	1.735309E+9
-919.47	-0.64	-0.071264	0.027698	0.030389	0	0.029367	-0.212787	0.093419	1.73531E+9
-951.55	-0.66	-0.07143	0.025099	0.030628	0	0.029739	-0.212787	0.093361	1.735311E+9
-983.62	-0.68	-0.066803	0.02299	0.030424	0	0.031003	-0.212787	0.093403	1.735312E+9
-1015.68	-0.7	-0.068317	0.02621	0.029861	0	0.030373	-0.212787	0.093855	1.735313E+9
-1047.73	-0.72	-0.068223	0.025856	0.029723	0	0.029616	-0.212787	0.093764	1.735314E+9
-1079.75	-0.74	-0.070741	0.021434	0.029488	0	0.029961	-0.212787	0.09329	1.735315E+9
-1111.76	-0.76	0.32509	0.08706	0.029708	0	0.029022	-0.212787	0.093567	1.735316E+9
-1143.76	-0.78	8.251499	1.312803	0.019896	0	0.0204	-0.212787	0.093422	1.735317E+9
-1175.74	-0.8	9.41061	1.481114	0.019126	0	0.01889	-0.212787	0.093675	1.735318E+9
-1207.7	-0.82	10.290147	1.619714	0.01888	0	0.017676	-0.212787	0.093587	1.735319E+9
-1239.65	-0.84	10.597161	1.703241	0.017389	0	0.017046	-0.212787	0.093583	1.73532E+9
-1271.57	-0.86	10.597161	1.7535	0.017618	0	0.016565	-0.212787	0.093637	1.735321E+9
-1303.48	-0.88	10.597161	1.788272	0.017187	0	0.016608	-0.212787	0.093991	1.735322E+9
-1335.37	-0.9	10.597161	1.818765	0.016327	0	0.016905	-0.212787	0.093977	1.735323E+9
-1367.24	-0.92	10.597161	1.843892	0.015802	0	0.015993	-0.212787	0.093796	1.735324E+9
-1399.1	-0.94	10.597161	1.867231	0.016759	0	0.015798	-0.212787	0.093762	1.735325E+9
-1430.93	-0.96	10.597161	1.887461	0.015715	0	0.01621	-0.212787	0.094018	1.735326E+9
-1462.74	-0.98	10.597161	1.903202	0.016892	0	0.015921	-0.212787	0.093632	1.735327E+9
-1494.53	-1	10.597161	1.912932	0.016644	0	0.016091	-0.212787	0.094087	1.735328E+9
-1526.3	-1.02	10.597161	1.929078	0.016116	0	0.016708	-0.212787	0.093967	1.735329E+9
-1558.04	-1.04	10.597161	1.92965	0.015918	0	0.0163	-0.212787	0.094098	1.73533E+9
-1589.77	-1.06	10.597161	1.934078	0.016169	0	0.016564	-0.212787	0.094154	1.735331E+9
-1621.47	-1.08	10.597161	1.939137	0.015787	0	0.016738	-0.212787	0.094114	1.735332E+9
-1653.15	-1.1	10.597161	1.935891	0.016171	0	0.016044	-0.212787	0.093889	1.735333E+9
-1684.8	-1.12	10.597161	1.934952	0.015468	0	0.016557	-0.212787	0.094072	1.735334E+9
-1716.43	-1.14	10.597161	1.939432	0.016183	0	0.016108	-0.212787	0.09371	1.735335E+9
-1748.04	-1.16	10.597161	1.941557	0.014381	0	0.01515	-0.212787	0.094073	1.735336E+9
-1779.62	-1.18	10.597161	1.941541	0.015239	0	0.015604	-0.212787	0.093678	1.735337E+9
-1811.18	-1.2	10.597161	1.942538	0.015216	0	0.014704	-0.212787	0.09355	1.735338E+9
-1842.71	-1.22	10.597161	1.948165	0.014335	0	0.014616	-0.212787	0.09383	1.735339E+9
-1874.21	-1.24	10.597161	1.942844	0.015423	0	0.015723	-0.212787	0.093604	1.73534E+9
-1905.69	-1.26	10.597161	1.94516	0.015462	0	0.015784	-0.212787	0.093908	1.735341E+9
-1937.14	-1.28	10.597161	1.947837	0.015309	0	0.015819	-0.212787	0.093573	1.735342E+9
-1968.57	-1.3	10.597161	1.947343	0.015303	0	0.015453	-0.212787	0.094085	1.735343E+9
-1999.96	-1.32	10.597161	1.943506	0.015678	0	0.01647	-0.212787	0.093641	1.735344E+9
-2031.33	-1.34	10.597161	1.943415	0.015695	0	0.016735	-0.212787	0.093627	1.735345E+9
-2062.67	-1.36	10.597161	1.942902	0.016298	0	0.016319	-0.212787	0.093558	1.735346E+9
-2093.98	-1.38	10.597161	1.945959	0.015657	0	0.016235	-0.212787	0.094067	1.735347E+9
-2125.26	-1.4	10.597161	1.945495	0.015975	0	0.016004	-0.212787	0.094097	1.735348E+9
-2156.51	-1.42	10.597161	1.945472	0.01526	0	0.016125	-0.212787	0.094131	1.735349E+9
-2187.73	-1.44	10.597161	1.946827	0.015143	0	0.016072	-0.212787	0.093627	1.73535E+9
-2218.91	-1.46	10.597161	1.949591	0.014959	0	0.015048	-0.212787	0.093641	1.735351E+9
-2250.07	-1.48	10.597161	1.949517	0.015347	0	0.01532	-0.212787	0.09359	1.735352E+9
-2281.19	-1.5	10.597161	1.945254	0.015666	0	0.016386	-0.212787	0.093524	1.735353E+9
-2667.39	-1.75	10.597161	1.944913	0.015658	0	0.016082	-0.212787	0.09402	1.735354E+9
-3047.69	-2	10.597161	1.951495	0.015989	0	0.016071	-0.212787	0.093657	1.735355E+9
-3421.24	-2.25	10.597161	1.945781	0.016751	0	0.015717	-0.212787	0.093563	1.735356E+9
-3787.18	-2.5	10.597161	1.946261	0.017461	0	0.015846	-0.212787	0.093521	1.735357E+9
-4144.67	-2.75	10.597161	1.946661	0.016223	0	0.016757	-0.212787	0.093519	1.735358E+9
-4492.85	-3	10.597161	1.950517	0.017328	0	0.016622	-0.212787	0.093708	1.735359E+9
-4830.87	-3.25	10.597161	1.950537	0.017008	0	0.016347	-0.212787	0.093674	1.73536E+9
-5157.87	-3.5	10.597161	1.947886	0.016363	0	0.016406	-0.212787	0.093998	1.735361E+9
-5473	-3.75	10.597161	1.947132	0.016562	0	0.01598	-0.212787	0.093827	1.735362E+9
-5775.41	-4	10.597161	1.948259	0.016909	0	0.015576	-0.212787	0.094034	1.735363E+9
-5473	-3.75	10.597161	1.94862	0.016497	0	0.01578	-0.212787	0.093625	1.735364E+9
-5157.87	-3.5	10.597161	1.947756	0.016365	0	0.015617	-0.212787	0.094011	1.735365E+9
-4830.87	-3.25	10.597161	1.947876	0.016808	0	0.016461	-0.212787	0.093865	1.735366E+9
-4492.85	-3	10.597161	1.951898	0.016477	0	0.016579	-0.212787	0.094081	1.735367E+9
-4144.67	-2.75	10.597161	1.951788	0.016982	0	0.01627	-0.212787	0.093756	1.735368E+9
-3787.18	-2.5	10.597161	1.951388	0.016294	0	0.017072	-0.212787	0.093675	1.735369E+9
-3421.24	-2.25	10.597161	1.950871	0.016386	0	0.016998	-0.212787	0.094077	1.73537E+9
-3047.69	-2	10.597161	1.95259	0.017037	0	0.017179	-0.212787	0.093677	1.735371E+9
-2667.39	-1.75	10.597161	1.94899	0.017794	0	0.016639	-0.212787	0.093755	1.735372E+9
-2281.19	-1.5	10.597161	1.954049	0.016561	0	0.01701	-0.212787	0.094067	1.735373E+9
-2250.07	-1.48	10.597161	1.952145	0.017169	0	0.016346	-0.212787	0.093706	1.735374E+9
-2218.91	-1.46	10.597161	1.952213	0.016259	0	0.016788	-0.212787	0.093757	1.735375E+9
-2187.73	-1.44	10.597161	1.949959	0.017122	0	0.017077	-0.212787	0.093862	1.735376E+9
-2156.51	-1.42	10.597161	1.953077	0.01685	0	0.016517	-0.212787	0.093644	1.735377E+9
-2125.26	-1.4	10.597161	1.954085	0.017316	0	0.016672	-0.212787	0.093666	1.735378E+9
-2093.98	-1.38	10.597161	1.95402	0.016811	0	0.017066	-0.212787	0.093613	1.735379E+9
-2062.67	-1.36	10.597161	1.951866	0.016959	0	0.016741	-0.212787	0.093585	1.73538E+9
-2031.33	-1.34	10.597161	1.956385	0.016634	0	0.016787	-0.212787	0.094062	1.735381E+9
-1999.96	-1.32	10.597161	1.954072	0.016433	0	0.017721	-0.212787	0.093595	1.735382E+9
-1968.57	-1.3	10.597161	1.953656	0.016436	0	0.017143	-0.212787	0.093598	1.735383E+9
-1937.14	-1.28	10.597161	1.952749	0.016347	0	0.016616	-0.212787	0.093588	1.735384E+9
-1905.69	-1.26	10.597161	1.95489	0.016641	0	0.017138	-0.212787	0.093658	1.735385E+9
-1874.21	-1.24	10.597161	1.9535	0.016341	0	0.016689	-0.212787	0.093649	1.735386E+9
-1842.71	-1.22	10.597161	1.957434	0.017126	0	0.016646	-0.212787	0.093581	1.735387E+9
-1811.18	-1.2	10.597161	1.954341	0.016909	0	0.016204	-0.212787	0.093508	1.735388E+9
-1779.62	-1.18	10.597161	1.960027	0.016196	0	0.016868	-0.212787	0.093542	1.735389E+9
-1748.04	-1.16	10.597161	1.959533	0.016817	0	0.017105	-0.212787	0.093625	1.73539E+9
-1716.43	-1.14	10.597161	1.957441	0.016437	0	0.016437	-0.212787	0.093558	1.735391E+9
-1684.8	-1.12	10.597161	1.954777	0.015749	0	0.016926	-0.212787	0.093606	1.735392E+9
-1653.15	-1.1	10.597161	1.958253	0.015905	0	0.016249	-0.212787	0.093474	1.735393E+9
-1621.47	-1.08	10.597161	1.960088	0.015335	0	0.016544	-0.212787	0.093679	1.735394E+9
-1589.77	-1.06	10.597161	1.958691	0.016159	0	0.016501	-0.212787	0.093646	1.735395E+9
-1558.04	-1.04	10.597161	1.962259	0.017031	0	0.017099	-0.212787	0.093624	1.735396E+9
-1526.3	-1.02	10.597161	1.959724	0.016643	0	0.016385	-0.212787	0.093572	1.735397E+9
-1494.53	-1	10.597161	1.96219	0.016957	0	0.016953	-0.212787	0.093574	1.735398E+9
-1462.74	-0.98	10.597161	1.962207	0.017326	0	0.017398	-0.212787	0.093612	1.735399E+9
-1430.93	-0.96	10.597161	1.96055	0.016959	0	0.01663	-0.212787	0.093596	1.7354E+9
-1399.1	-0.94	10.597161	1.962635	0.017206	0	0.016745	-0.212787	0.093827	1.735401E+9
-1367.24	-0.92	10.597161	1.957876	0.016762	0	0.016964	-0.212787	0.093541	1.735402E+9
-1335.37	-0.9	10.597161	1.959026	0.016136	0	0.016726	-0.212787	0.093473	1.735403E+9
-1303.48	-0.88	10.597161	1.957044	0.01749	0	0.0175	-0.212787	0.093627	1.735404E+9
-1271.57	-0.86	10.597161	1.960377	0.017504	0	0.017274	-0.212787	0.094144	1.735405E+9
-1239.65	-0.84	10.597161	1.964016	0.016666	0	0.017129	-0.212787	0.093584	1.735406E+9
-1207.7	-0.82	10.597161	1.964848	0.017163	0	0.017691	-0.212787	0.093485	1.735407E+9
-1175.74	-0.8	10.597161	1.965693	0.017832	0	0.017344	-0.212787	0.093561	1.735408E+9
-1143.76	-0.78	10.597161	1.963763	0.017218	0	0.016961	-0.212787	0.093888	1.735409E+9
-1111.76	-0.76	10.597161	1.967278	0.017273	0	0.017964	-0.212787	0.093496	1.73541E+9
-1079.75	-0.74	10.597161	1.964068	0.017063	0	0.01829	-0.212787	0.093484	1.735411E+9
-1047.73	-0.72	10.597161	1.961521	0.018499	0	0.018196	-0.212787	0.093567	1.735412E+9
-1015.68	-0.7	10.597161	1.962863	0.018271	0	0.018006	-0.212787	0.093994	1.735413E+9
-983.62	-0.68	10.597161	1.964591	0.017402	0	0.017748	-0.212787	0.094046	1.735414E+9
-951.55	-0.66	10.597161	1.964146	0.018546	0	0.017313	-0.212787	0.093588	1.735415E+9
-919.47	-0.64	10.597161	1.966352	0.018482	0	0.0177	-0.212787	0.093537	1.735416E+9
-887.37	-0.62	10.597161	1.968529	0.018711	0	0.017003	-0.212787	0.093563	1.735417E+9
-855.25	-0.6	10.597161	1.965049	0.018106	0	0.018605	-0.212787	0.093556	1.735418E+9
-823.13	-0.58	10.597161	1.966323	0.018087	0	0.017383	-0.212787	0.093772	1.735419E+9
-790.99	-0.56	10.597161	1.96399	0.01708	0	0.017845	-0.212787	0.093827	1.73542E+9
-758.84	-0.54	10.597161	1.967226	0.018209	0	0.017552	-0.212787	0.093882	1.735421E+9
-726.68	-0.52	10.597161	1.965845	0.017907	0	0.017453	-0.212787	0.094071	1.735422E+9
-694.51	-0.5	10.597161	1.966183	0.017285	0	0.01728	-0.212787	0.093588	1.735423E+9
-662.33	-0.48	10.597161	1.967509	0.017969	0	0.017715	-0.212787	0.093765	1.735424E+9
-630.14	-0.46	10.597161	1.964845	0.017973	0	0.016954	-0.212787	0.09345	1.735425E+9
-597.94	-0.44	10.597161	1.966017	0.017977	0	0.018165	-0.212787	0.093549	1.735426E+9
-565.73	-0.42	10.597161	1.969689	0.017757	0	0.018293	-0.212787	0.093545	1.735427E+9
-533.51	-0.4	10.597161	1.974214	0.017997	0	0.017502	-0.212787	0.093934	1.735428E+9
-501.28	-0.38	10.597161	1.967128	0.017525	0	0.01719	-0.212787	0.093815	1.735429E+9
-469.04	-0.36	10.597161	1.964172	0.018337	0	0.017854	-0.212787	0.093584	1.73543E+9
-436.8	-0.34	10.597161	1.96567	0.017344	0	0.018255	-0.212787	0.094166	1.735431E+9
-404.55	-0.32	10.597161	1.968974	0.017581	0	0.018123	-0.212787	0.093537	1.735432E+9
-372.3	-0.3	10.597161	1.965075	0.018746	0	0.018484	-0.212787	0.093655	1.735433E+9
-340.03	-0.28	10.597161	1.968925	0.01808	0	0.017766	-0.212787	0.094054	1.735434E+9
-307.77	-0.26	10.597161	1.970345	0.017786	0	0.018558	-0.212787	0.093689	1.735435E+9
-275.49	-0.24	10.597161	1.9717	0.018733	0	0.01735	-0.212787	0.093615	1.735436E+9
-243.22	-0.22	10.597161	1.972018	0.017024	0	0.014554	-0.212787	0.093877	1.735437E+9
-210.93	-0.2	10.597161	1.972512	0.018679	0	0.017469	-0.212787	0.093503	1.735438E+9
-178.65	-0.18	10.597161	1.970605	0.018975	0	0.017782	-0.212787	0.093499	1.735439E+9
-146.36	-0.16	10.597161	1.974546	0.018513	0	0.018397	-0.212787	0.093711	1.73544E+9
-114.07	-0.14	10.597161	1.975787	0.017793	0	0.017914	-0.212787	0.09365	1.735441E+9
-81.77	-0.12	10.597161	1.971404	0.018398	0	0.017879	-0.212787	0.094179	1.735442E+9
-49.47	-0.1	10.597161	1.972271	0.017555	0	0.017744	-0.212787	0.093568	1.735443E+9
-17.18	-0.08	10.597161	1.976531	0.017804	0	0.017594	-0.212787	0.093452	1.735444E+9
15.12	-0.06	10.597161	1.972398	0.017242	0	0.018172	-0.212787	0.093507	1.735445E+9
47.42	-0.04	10.597161	1.976082	0.018896	0	0.018388	-0.212787	0.093519	1.735446E+9
79.73	-0.02	10.597161	1.975244	0.017903	0	0.017893	-0.212787	0.093965	1.735447E+9
112.03	0	10.597161	1.978668	0.017785	0	0.018245	-0.212787	0.093568	1.735448E+9
144.33	0.02	10.597161	1.973555	0.018064	0	0.01851	-0.212787	0.09359	1.735449E+9
176.63	0.04	10.597161	1.977375	0.018159	0	0.019009	-0.212787	0.094172	1.73545E+9
208.93	0.06	10.597161	1.977057	0.019077	0	0.018507	-0.212787	0.093578	1.735451E+9
241.22	0.08	10.597161	1.977404	0.018068	0	0.019087	-0.212787	0.093749	1.735452E+9
273.52	0.1	10.597161	1.972645	0.017821	0	0.018421	-0.212787	0.093562	1.735453E+9
305.81	0.12	10.597161	1.978766	0.017652	0	0.01839	-0.212787	0.09397	1.735454E+9
338.1	0.14	10.597161	1.976137	0.01888	0	0.018515	-0.212787	0.093581	1.735455E+9
370.38	0.16	10.597161	1.976238	0.01839	0	0.019206	-0.212787	0.0935	1.735456E+9
402.66	0.18	10.597161	1.978834	0.018252	0	0.019581	-0.212787	0.093566	1.735457E+9
434.94	0.2	10.597161	1.978473	0.018701	0	0.019437	-0.212787	0.093883	1.735458E+9
467.21	0.22	10.597161	1.976176	0.018896	0	0.018674	-0.212787	0.093765	1.735459E+9
499.48	0.24	10.597161	1.978525	0.019195	0	0.019341	-0.212787	0.093556	1.73546E+9
531.74	0.26	10.597161	1.97785	0.018907	0	0.019284	-0.212787	0.093487	1.735461E+9
563.99	0.28	10.597161	1.975728	0.019486	0	0.01981	-0.212787	0.093565	1.735462E+9
596.24	0.3	10.597161	1.991758	0.019032	0	0.018985	-0.212787	0.093539	1.735463E+9
628.48	0.32	4.602861	0.749058	0.028755	0	0.02897	-0.212787	0.093275	1.735464E+9
660.72	0.34	2.952631	0.498416	0.030369	0	0.030818	-0.212787	0.093824	1.735465E+9
692.94	0.36	2.081408	0.360521	0.030979	0	0.031622	-0.212787	0.093381	1.735466E+9
725.16	0.38	1.586021	0.28214	0.031711	0	0.032191	-0.212787	0.093322	1.735467E+9
757.37	0.4	1.239088	0.231099	0.031865	0	0.031541	-0.212787	0.093332	1.735468E+9
789.57	0.42	0.96727	0.184897	0.032034	0	0.032278	-0.212787	0.093298	1.735469E+9
821.76	0.44	0.761995	0.155476	0.032155	0	0.032766	-0.212787	0.093254	1.73547E+9
853.93	0.46	0.591215	0.128313	0.033029	0	0.032281	-0.212787	0.093349	1.735471E+9
886.1	0.48	0.450458	0.107248	0.031674	0	0.033124	-0.212787	0.093861	1.735472E+9
918.26	0.5	0.300717	0.080682	0.032711	0	0.033318	-0.212787	0.09366	1.735473E+9
950.41	0.52	0.184748	0.064373	0.032981	0	0.033117	-0.212787	0.093276	1.735474E+9
982.54	0.54	0.117725	0.04991	0.033024	0	0.033141	-0.212787	0.093306	1.735475E+9
1014.67	0.56	0.054357	0.040709	0.033841	0	0.033549	-0.212787	0.093314	1.735476E+9
1046.78	0.58	0.008384	0.034527	0.033583	0	0.03316	-0.212787	0.093482	1.735477E+9
1078.87	0.6	-0.016194	0.035375	0.033517	0	0.033807	-0.212787	0.093338	1.735478E+9
1110.95	0.62	-0.034449	0.028516	0.033729	0	0.033379	-0.212787	0.093298	1.735479E+9
1143.02	0.64	-0.044601	0.027639	0.03369	0	0.03391	-0.212787	0.093921	1.73548E+9
1175.08	0.66	-0.052541	0.022435	0.034406	0	0.034027	-0.212787	0.093359	1.735481E+9
1207.12	0.68	-0.056908	0.026233	0.033338	0	0.033834	-0.212787	0.093318	1.735482E+9
1239.14	0.7	-0.057798	0.024053	0.034087	0	0.033443	-0.212787	0.093279	1.735483E+9
1271.15	0.72	-0.059048	0.023601	0.034055	0	0.033196	-0.212787	0.093292	1.735484E+9
1303.14	0.74	-0.06782	0.02671	0.033768	0	0.034006	-0.212787	0.093368	1.735485E+9
1335.12	0.76	-0.062703	0.021502	0.033822	0	0.033845	-0.212787	0.094039	1.735486E+9
1367.08	0.78	-0.064467	0.027334	0.033682	0	0.033815	-0.212787	0.093979	1.735487E+9
1399.02	0.8	-0.060585	0.024403	0.033726	0	0.033829	-0.212787	0.093314	1.735488E+9
1430.94	0.82	-0.060527	0.02929	0.033548	0	0.034038	-0.212787	0.093539	1.735489E+9
1462.84	0.84	-0.060124	0.026301	0.033788	0	0.033898	-0.212787	0.093324	1.73549E+9
1494.73	0.86	-0.063389	0.026236	0.03369	0	0.033275	-0.212787	0.093311	1.735491E+9
1526.6	0.88	-0.063207	0.026002	0.03319	0	0.03422	-0.212787	0.093301	1.735492E+9
1558.44	0.9	-0.060605	0.02801	0.033399	0	0.033378	-0.212787	0.093441	1.735493E+9
1590.27	0.92	-0.065692	0.023929	0.034417	0	0.033649	-0.212787	0.093883	1.735494E+9
1622.08	0.94	-0.060546	0.024543	0.03389	0	0.033512	-0.212787	0.093334	1.735495E+9
1653.86	0.96	-0.06116	0.02582	0.033973	0	0.032665	-0.212787	0.093265	1.735496E+9
1685.63	0.98	-0.059854	0.028464	0.033361	0	0.033118	-0.212787	0.093816	1.735497E+9
1717.37	1	-0.058116	0.023036	0.033068	0	0.032873	-0.212787	0.09335	1.735498E+9
1749.09	1.02	-0.058906	0.024767	0.033305	0	0.033246	-0.212787	0.093371	1.735499E+9
1780.78	1.04	-0.05372	0.028809	0.033607	0	0.032987	-0.212787	0.093351	1.7355E+9
1812.46	1.06	-0.060423	0.026616	0.033159	0	0.032815	-0.212787	0.093379	1.735501E+9
1844.11	1.08	-0.059113	0.024403	0.033665	0	0.033098	-0.212787	0.093811	1.735502E+9
1875.73	1.1	-0.059048	0.026756	0.032676	0	0.03279	-0.212787	0.093442	1.735503E+9
1907.33	1.12	-0.062089	0.023	0.032658	0	0.032791	-0.212787	0.093798	1.735504E+9
1938.91	1.14	-0.060601	0.029686	0.032834	0	0.032781	-0.212787	0.093301	1.735505E+9
1970.46	1.16	-0.063616	0.027327	0.032017	0	0.03261	-0.212787	0.093261	1.735506E+9
2001.99	1.18	-0.060959	0.026577	0.03285	0	0.033173	-0.212787	0.093237	1.735507E+9
2033.48	1.2	-0.061443	0.023445	0.033467	0	0.033548	-0.212787	0.093371	1.735508E+9
2064.96	1.22	-0.058867	0.024836	0.032896	0	0.0333	-0.212787	0.093406	1.735509E+9
2096.4	1.24	-0.058051	0.023127	0.032799	0	0.033402	-0.212787	0.093871	1.73551E+9
2127.82	1.26	-0.061937	0.025628	0.033113	0	0.033724	-0.212787	0.093551	1.735511E+9
2159.21	1.28	-0.059711	0.022932	0.032948	0	0.033538	-0.212787	0.093858	1.735512E+9
2190.57	1.3	-0.058811	0.026947	0.033595	0	0.033242	-0.212787	0.093339	1.735513E+9
2221.9	1.32	-0.058038	0.023552	0.033184	0	0.033327	-0.212787	0.094045	1.735514E+9
2253.2	1.34	-0.057141	0.022997	0.032882	0	0.033661	-0.212787	0.093937	1.735515E+9
2284.48	1.36	-0.062859	0.021145	0.034457	0	0.033306	-0.212787	0.09387	1.735516E+9
2315.72	1.38	-0.061982	0.023084	0.033486	0	0.033781	-0.212787	0.093702	1.735517E+9
2346.93	1.4	-0.063665	0.024836	0.033527	0	0.033567	-0.212787	0.093785	1.735518E+9
2378.11	1.42	-0.064913	0.027162	0.033349	0	0.033334	-0.212787	0.093611	1.735519E+9
2409.26	1.44	-0.060004	0.025476	0.033152	0	0.033969	-0.212787	0.093539	1.73552E+9
2440.38	1.46	-0.063035	0.022363	0.03342	0	0.034131	-0.212787	0.09322	1.735521E+9
2471.46	1.48	-0.062096	0.026138	0.033641	0	0.033658	-0.212787	0.093705	1.735522E+9
2502.52	1.5	-0.060783	0.023208	0.034483	0	0.034254	-0.212787	0.093156	1.735523E+9
2887.73	1.75	-0.065124	0.024965	0.034419	0	0.03346	-0.212787	0.09324	1.735524E+9
3266.89	2	-0.058766	0.022162	0.033273	0	0.033529	-0.212787	0.093764	1.735525E+9
3639.15	2.25	-0.062463	0.019699	0.033517	0	0.034164	-0.212787	0.093889	1.735526E+9
4003.65	2.5	-0.058824	0.025872	0.033528	0	0.033829	-0.212787	0.093649	1.735527E+9
4359.54	2.75	-0.059191	0.023952	0.033399	0	0.033951	-0.212787	0.093895	1.735528E+9
4705.98	3	-0.054289	0.026544	0.033555	0	0.033652	-0.212787	0.093405	1.735529E+9
5042.1	3.25	-0.053847	0.026652	0.033928	0	0.033578	-0.212787	0.093259	1.73553E+9
5367.05	3.5	-0.054776	0.02735	0.033872	0	0.034066	-0.212787	0.093322	1.735531E+9
5679.98	3.75	-0.049237	0.025891	0.033434	0	0.03409	-0.212787	0.093166	1.735532E+9
5980.04	4	-0.051268	0.02567	0.034062	0	0.034767	-0.212787	0.093636	1.735533E+9
