19/05/2022	18:23

Si\Pt3\(Co88Tb12)150\Pt3-20220426_APRD3

Field	Kepco	Channel A	Channel B	Agilent	0	RF out	Monitor+	Monitor-	Time
8265.94	7	-1.991201	0.635756	-0.002506	0	-0.003035	-0.212787	0.04452	2.961423E+9
8204.61	6.8	-2.067174	0.560088	-0.003311	0	-0.003265	-0.212787	0.04448	2.961424E+9
8128.37	6.6	-2.061401	0.666987	-0.002729	0	-0.002566	-0.212787	0.044523	2.961425E+9
8037.67	6.4	-2.157471	0.699618	-0.003421	0	-0.003558	-0.212787	0.044474	2.961426E+9
7932.95	6.2	-2.23786	0.690875	-0.002525	0	-0.003039	-0.212787	0.044494	2.961427E+9
7814.63	6	-2.253165	0.697444	-0.003618	0	-0.003119	-0.212787	0.044561	2.961428E+9
7683.15	5.8	-2.357627	0.648963	-0.003511	0	-0.003558	-0.212787	0.044547	2.961429E+9
7538.96	5.6	-2.417366	0.672919	-0.002831	0	-0.003422	-0.212787	0.044517	2.96143E+9
7382.49	5.4	-2.448129	0.670323	-0.002696	0	-0.002988	-0.212787	0.044463	2.961431E+9
7214.18	5.2	-2.578464	0.602186	-0.002604	0	-0.003234	-0.212787	0.044478	2.961432E+9
7034.46	5	-2.727799	0.618515	-0.002512	0	-0.001867	-0.212787	0.044459	2.961433E+9
6843.76	4.8	-2.763717	0.646107	-0.003089	0	-0.003202	-0.212787	0.044584	2.961434E+9
6642.54	4.6	-2.892344	0.649271	-0.003272	0	-0.00308	-0.212787	0.044539	2.961435E+9
6431.22	4.4	-2.927327	0.640162	-0.003713	0	-0.002718	-0.212787	0.044574	2.961436E+9
6210.24	4.2	-3.146108	0.665194	-0.003739	0	-0.002572	-0.212787	0.04448	2.961437E+9
5980.04	4	-3.247689	0.658205	-0.003137	0	-0.00262	-0.212787	0.044518	2.961438E+9
5741.05	3.8	-3.431256	0.678942	-0.003198	0	-0.002715	-0.212787	0.044499	2.961439E+9
5493.71	3.6	-3.569723	0.664212	-0.003653	0	-0.003276	-0.212787	0.044584	2.96144E+9
5238.46	3.4	-3.754369	0.752122	-0.003859	0	-0.003425	-0.212787	0.044567	2.961441E+9
4975.74	3.2	-3.858084	0.647075	-0.003331	0	-0.003129	-0.212787	0.044527	2.961442E+9
4705.98	3	-4.000086	0.732577	-0.003914	0	-0.003055	-0.212787	0.044549	2.961443E+9
4429.62	2.8	-4.166234	0.70144	-0.00331	0	-0.003455	-0.212787	0.044431	2.961444E+9
4147.09	2.6	-4.404791	0.669888	-0.003176	0	-0.003201	-0.212787	0.044539	2.961445E+9
3858.83	2.4	-4.485683	0.689098	-0.003591	0	-0.002548	-0.212787	0.044547	2.961446E+9
3565.29	2.2	-4.601266	0.756404	-0.003236	0	-0.002527	-0.212787	0.044485	2.961447E+9
3266.89	2	-4.755724	0.71722	-0.004034	0	-0.002671	-0.212787	0.044487	2.961448E+9
2964.07	1.8	-4.933376	0.767346	-0.003006	0	-0.004205	-0.212787	0.044453	2.961449E+9
2657.27	1.6	-5.030503	0.70223	-0.004099	0	-0.00341	-0.212787	0.044513	2.96145E+9
2346.93	1.4	-5.190939	0.723857	-0.003827	0	-0.003498	-0.212787	0.044504	2.961451E+9
2033.48	1.2	-5.372665	0.759263	-0.002166	0	-0.003733	-0.212787	0.044473	2.961452E+9
1717.37	1	-5.483206	0.784944	-0.003584	0	-0.003213	-0.212787	0.044536	2.961453E+9
1399.02	0.8	-5.733018	0.787732	-0.003218	0	-0.00398	-0.212787	0.044517	2.961454E+9
1078.87	0.6	-5.902944	0.717236	-0.003128	0	-0.003062	-0.212787	0.044572	2.961455E+9
757.37	0.4	-5.926914	0.775299	-0.00333	0	-0.00376	-0.212787	0.044603	2.961456E+9
434.94	0.2	-6.131444	0.777982	-0.002898	0	-0.004093	-0.212787	0.044586	2.961457E+9
112.03	0	-6.25307	0.770068	-0.002777	0	-0.003162	-0.212787	0.044534	2.961458E+9
-210.93	-0.2	-6.346039	0.820662	-0.002642	0	-0.003399	-0.212787	0.044568	2.961459E+9
-533.51	-0.4	-6.528876	0.695986	-0.00258	0	-0.004517	-0.212787	0.044628	2.96146E+9
-855.25	-0.6	-6.724651	0.804086	-0.003143	0	-0.003207	-0.212787	0.044614	2.961461E+9
-1175.74	-0.8	-6.862229	0.788278	-0.004065	0	-0.00298	-0.212787	0.044576	2.961462E+9
-1494.53	-1	-6.962141	0.813173	-0.00404	0	-0.003811	-0.212787	0.044601	2.961463E+9
-1811.18	-1.2	-7.033102	0.807267	-0.004145	0	-0.003529	-0.212787	0.044623	2.961464E+9
-2125.26	-1.4	-7.07339	0.824583	-0.004361	0	-0.003723	-0.212787	0.044547	2.961465E+9
-2436.33	-1.6	-7.186911	0.843387	-0.004039	0	-0.004164	-0.212787	0.044602	2.961466E+9
-2743.95	-1.8	-7.273399	0.815382	-0.003545	0	-0.003922	-0.212787	0.044531	2.961467E+9
-3047.69	-2	-7.262856	0.77385	-0.003534	0	-0.004248	-0.212787	0.044537	2.961468E+9
-3347.11	-2.2	-7.375711	0.802608	-0.003298	0	-0.004099	-0.212787	0.044604	2.961469E+9
-3641.77	-2.4	-7.37294	0.778482	-0.003775	0	-0.003542	-0.212787	0.044622	2.96147E+9
-3931.24	-2.6	-7.409736	0.739903	-0.004111	0	-0.004721	-0.212787	0.044608	2.961471E+9
-4215.08	-2.8	-7.40432	0.816052	-0.00343	0	-0.004119	-0.212787	0.044574	2.961472E+9
-4492.85	-3	-7.432439	0.779873	-0.003558	0	-0.004684	-0.212787	0.044556	2.961473E+9
-4764.12	-3.2	-7.335373	0.812689	-0.003304	0	-0.003315	-0.212787	0.044562	2.961474E+9
-5028.44	-3.4	-7.262008	0.75232	-0.003413	0	-0.003529	-0.212787	0.044594	2.961475E+9
-5285.39	-3.6	-7.255865	0.711739	-0.003223	0	-0.003639	-0.212787	0.044563	2.961476E+9
-5534.53	-3.8	-7.279835	0.749838	-0.00378	0	-0.004035	-0.212787	0.044508	2.961477E+9
-5775.41	-4	-7.16439	0.762005	-0.00312	0	-0.003426	-0.212787	0.044546	2.961478E+9
-6007.6	-4.2	-7.149403	0.735413	-0.002287	0	-0.004005	-0.212787	0.044558	2.961479E+9
-6230.67	-4.4	-7.07916	0.803934	-0.003445	0	-0.003639	-0.212787	0.044665	2.96148E+9
-6444.17	-4.6	-7.063715	0.832932	-0.002887	0	-0.00416	-0.212787	0.044635	2.961481E+9
-6647.68	-4.8	-6.9401	0.801861	-0.002947	0	-0.004218	-0.212787	0.044608	2.961482E+9
-6840.75	-5	-7.020603	0.818329	-0.003388	0	-0.004284	-0.212787	0.044576	2.961483E+9
-7022.95	-5.2	-6.84017	0.824658	-0.003242	0	-0.003962	-0.212787	0.044546	2.961484E+9
-7193.84	-5.4	-6.849741	0.798027	-0.00297	0	-0.00364	-0.212787	0.044581	2.961485E+9
-7352.98	-5.6	-6.800907	0.774292	-0.002925	0	-0.003959	-0.212787	0.044564	2.961486E+9
-7499.94	-5.8	-6.882099	0.726466	-0.004329	0	-0.003353	-0.212787	0.04452	2.961487E+9
-7634.28	-6	-6.767321	0.752453	-0.004309	0	-0.003758	-0.212787	0.044622	2.961488E+9
-7755.56	-6.2	-6.844335	0.777648	-0.00511	0	-0.004156	-0.212787	0.044473	2.961489E+9
-7863.34	-6.4	-6.956907	0.830733	-0.003737	0	-0.003237	-0.212787	0.044443	2.96149E+9
-7957.2	-6.6	-6.942524	0.781663	-0.003574	0	-0.00446	-0.212787	0.044523	2.961491E+9
-8036.69	-6.8	-6.920117	0.704579	-0.003715	0	-0.004056	-0.212787	0.044585	2.961492E+9
-8101.38	-7	-6.989223	0.823128	-0.003828	0	-0.003924	-0.212787	0.044522	2.961493E+9
-8036.69	-6.8	-6.99473	0.795035	-0.004398	0	-0.004189	-0.212787	0.044607	2.961494E+9
-7957.2	-6.6	-7.005071	0.77139	-0.004868	0	-0.004588	-0.212787	0.044506	2.961495E+9
-7863.34	-6.4	-7.074709	0.799954	-0.004013	0	-0.003511	-0.212787	0.044564	2.961496E+9
-7755.56	-6.2	-6.953271	0.760234	-0.0041	0	-0.004476	-0.212787	0.044599	2.961497E+9
-7634.28	-6	-7.099995	0.795626	-0.003583	0	-0.004476	-0.212787	0.044535	2.961498E+9
-7499.94	-5.8	-6.966159	0.749107	-0.004253	0	-0.004493	-0.212787	0.044584	2.961499E+9
-7352.98	-5.6	-7.058257	0.781842	-0.004355	0	-0.003952	-0.212787	0.044576	2.9615E+9
-7193.84	-5.4	-7.09774	0.748795	-0.004076	0	-0.004666	-0.212787	0.044531	2.961501E+9
-7022.95	-5.2	-7.080184	0.762222	-0.003979	0	-0.003788	-0.212787	0.044606	2.961502E+9
-6840.75	-5	-7.210433	0.780929	-0.003605	0	-0.00417	-0.212787	0.044557	2.961503E+9
-6647.68	-4.8	-7.241462	0.845314	-0.003411	0	-0.004291	-0.212787	0.044693	2.961504E+9
-6444.17	-4.6	-7.297807	0.847799	-0.004291	0	-0.004086	-0.212787	0.044587	2.961505E+9
-6230.67	-4.4	-7.302034	0.807663	-0.00429	0	-0.00391	-0.212787	0.044606	2.961506E+9
-6007.6	-4.2	-7.256141	0.831532	-0.003753	0	NaN	NaN	NaN	2.961507E+9
-5775.41	-4	NaN	NaN	NaN	0	NaN	NaN	NaN	2.961523E+9
-5534.53	-3.8	NaN	NaN	NaN	0	NaN	NaN	NaN	2.961526E+9
-5285.39	-3.6	NaN	NaN	NaN	0	NaN	NaN	NaN	2.961529E+9
-5028.44	-3.4	NaN	NaN	NaN	0	NaN	NaN	NaN	2.961533E+9
-4764.12	-3.2	NaN	NaN	NaN	0	NaN	NaN	NaN	2.961535E+9
-4492.85	-3	NaN	NaN	NaN	0	NaN	NaN	NaN	2.961542E+9
-4215.08	-2.8	NaN	NaN	NaN	0	NaN	NaN	NaN	2.961549E+9
-3931.24	-2.6	NaN	NaN	NaN	0	NaN	NaN	NaN	2.961554E+9
-3641.77	-2.4	NaN	NaN	NaN	0	NaN	NaN	NaN	2.961568E+9
-3347.11	-2.2	NaN	NaN	NaN	0	NaN	NaN	NaN	2.961591E+9
-3047.69	-2	NaN	NaN	NaN	0	NaN	NaN	NaN	2.961624E+9
-2743.95	-1.8	NaN	NaN	NaN	0	NaN	NaN	NaN	2.961632E+9
-2436.33	-1.6	NaN	NaN	NaN	0	NaN	NaN	NaN	2.961637E+9
