06/05/2022	11:31

Co88Tb12_35_20210602_CVMH5

Field	Kepco	Channel A	Channel B	Agilent	0	RF out	Monitor+	Monitor-	Time
8265.94	7	-7.740387	-1.477257	0.013264	0	0.012732	-0.212787	0.067901	1.813572E+9
8204.61	6.8	-7.736579	-1.480083	0.012828	0	0.013007	-0.212787	0.068207	1.813573E+9
8128.37	6.6	-7.736417	-1.479349	0.013332	0	0.012292	-0.212787	0.068103	1.813574E+9
8037.67	6.4	-7.740341	-1.480843	0.013711	0	0.012627	-0.212787	0.068033	1.813575E+9
7932.95	6.2	-7.742213	-1.484021	0.012942	0	0.012499	-0.212787	0.068185	1.813576E+9
7814.63	6	-7.741797	-1.495271	0.013391	0	0.012751	-0.212787	0.068194	1.813577E+9
7683.15	5.8	-7.745212	-1.485255	0.013442	0	0.013062	-0.212787	0.067859	1.813578E+9
7538.96	5.6	-7.747492	-1.467676	0.013211	0	0.012708	-0.212787	0.068106	1.813579E+9
7382.49	5.4	-7.748317	-1.478897	0.013686	0	0.013098	-0.212787	0.068269	1.81358E+9
7214.18	5.2	-7.744896	-1.480506	0.013764	0	0.012961	-0.212787	0.068116	1.813581E+9
7034.46	5	-7.750004	-1.483774	0.013305	0	0.012682	-0.212787	0.068178	1.813582E+9
6843.76	4.8	-7.75003	-1.481367	0.013364	0	0.01269	-0.212787	0.0679	1.813583E+9
6642.54	4.6	-7.7549	-1.471646	0.013172	0	0.0126	-0.212787	0.068241	1.813584E+9
6431.22	4.4	-7.755592	-1.46943	0.013273	0	0.012742	-0.212787	0.067934	1.813585E+9
6210.24	4.2	-7.756969	-1.476968	0.012947	0	0.012679	-0.212787	0.068206	1.813586E+9
5980.04	4	-7.757817	-1.481981	0.013265	0	0.0126	-0.212787	0.068227	1.813587E+9
5741.05	3.8	-7.755683	-1.4825	0.013347	0	0.012875	-0.212787	0.068266	1.813588E+9
5493.71	3.6	-7.759503	-1.487754	0.012998	0	0.013136	-0.212787	0.067989	1.813589E+9
5238.46	3.4	-7.762258	-1.485252	0.013238	0	0.01267	-0.212787	0.068195	1.81359E+9
4975.74	3.2	-7.763503	-1.485317	0.012879	0	0.012908	-0.212787	0.068184	1.813591E+9
4705.98	3	-7.763158	-1.482929	0.013366	0	0.013149	-0.212787	0.068205	1.813592E+9
4429.62	2.8	-7.760816	-1.485376	0.013203	0	0.012461	-0.212787	0.067952	1.813593E+9
4147.09	2.6	-7.763551	-1.483098	0.013274	0	0.012935	-0.212787	0.068199	1.813594E+9
3858.83	2.4	-7.761761	-1.480415	0.013118	0	0.012924	-0.212787	0.06782	1.813595E+9
3565.29	2.2	-7.763876	-1.476428	0.012917	0	0.012379	-0.212787	0.067876	1.813596E+9
3266.89	2	-7.761452	-1.476376	0.012768	0	0.012657	-0.212787	0.068205	1.813597E+9
2964.07	1.8	-7.757824	-1.47444	0.012953	0	0.012564	-0.212787	0.068146	1.813598E+9
2657.27	1.6	-7.758772	-1.472169	0.012685	0	0.012587	-0.212787	0.068255	1.813599E+9
2346.93	1.4	-7.752947	-1.473576	0.013007	0	0.012221	-0.212787	0.068144	1.8136E+9
2033.48	1.2	-7.751443	-1.475314	0.013321	0	0.012486	-0.212787	0.068156	1.813601E+9
1717.37	1	-7.73756	-1.475707	0.01312	0	0.012303	-0.212787	0.068177	1.813602E+9
1399.02	0.8	-7.70567	-1.47061	0.01264	0	0.012222	-0.212787	0.06794	1.813603E+9
1078.87	0.6	-7.549631	-1.4255	0.012875	0	0.012239	-0.212787	0.068238	1.813604E+9
757.37	0.4	-7.195787	-1.332286	0.01246	0	0.011822	-0.212787	0.067826	1.813605E+9
434.94	0.2	-6.729898	-1.227574	0.01157	0	0.011135	-0.212787	0.068038	1.813606E+9
112.03	0	-6.197093	-1.138813	0.010625	0	0.010389	-0.212787	0.067844	1.813607E+9
-210.93	-0.2	-5.548686	-1.044689	0.010241	0	0.010113	-0.212787	0.068292	1.813608E+9
-533.51	-0.4	-4.646096	-0.914178	0.009751	0	0.009444	-0.212787	0.068265	1.813609E+9
-855.25	-0.6	-3.661372	-0.721372	0.00872	0	0.008418	-0.212787	0.068184	1.81361E+9
-1175.74	-0.8	-2.71275	-0.539231	0.007775	0	0.008194	-0.212787	0.068183	1.813611E+9
-1494.53	-1	-1.796325	-0.35735	0.005932	0	0.006377	-0.212787	0.068275	1.813612E+9
-1811.18	-1.2	-0.904708	-0.176944	0.007308	0	0.007215	-0.212787	0.068163	1.813613E+9
-2125.26	-1.4	-0.028273	-0.00738	0.007282	0	0.006571	-0.212787	0.068396	1.813614E+9
-2436.33	-1.6	0.841113	0.16828	0.006754	0	0.006811	-0.212787	0.067985	1.813615E+9
-2743.95	-1.8	1.701734	0.333796	0.005573	0	0.005813	-0.212787	0.068037	1.813616E+9
-3047.69	-2	2.560741	0.504612	0.004993	0	0.005206	-0.212787	0.068316	1.813617E+9
-3347.11	-2.2	3.417043	0.672338	0.004922	0	0.004884	-0.212787	0.068074	1.813618E+9
-3641.77	-2.4	4.292228	0.844865	0.004216	0	0.004463	-0.212787	0.068016	1.813619E+9
-3931.24	-2.6	5.17277	1.014355	0.00421	0	0.003772	-0.212787	0.068377	1.81362E+9
-4215.08	-2.8	6.057628	1.190895	0.004063	0	0.003243	-0.212787	0.068333	1.813621E+9
-4492.85	-3	6.940897	1.359969	0.002665	0	0.003006	-0.212787	0.06813	1.813622E+9
-4764.12	-3.2	7.823101	1.529823	0.002383	0	0.002043	-0.212787	0.068349	1.813623E+9
-5028.44	-3.4	8.685064	1.697205	0.002374	0	0.001903	-0.212787	0.068173	1.813624E+9
-5285.39	-3.6	9.504343	1.854886	0.000912	0	0.001354	-0.212787	0.068126	1.813625E+9
-5534.53	-3.8	10.24396	1.993275	0.000742	0	0.000918	-0.212787	0.068428	1.813626E+9
-5775.41	-4	10.597161	2.108351	0.001193	0	0.000641	-0.212787	0.068205	1.813627E+9
-6007.6	-4.2	10.597161	2.178366	0.000762	0	0.000256	-0.212787	0.068465	1.813628E+9
-6230.67	-4.4	10.597161	2.214415	0.000999	0	0.000376	-0.212787	0.068136	1.813629E+9
-6444.17	-4.6	10.597161	2.230181	0.000868	0	3.4E-5	-0.212787	0.068239	1.81363E+9
-6647.68	-4.8	10.597161	2.230574	0.000847	0	0.000471	-0.212787	0.068437	1.813631E+9
-6840.75	-5	10.597161	2.231039	0.000947	0	0.000389	-0.212787	0.068389	1.813632E+9
-7022.95	-5.2	10.597161	2.229694	0.000967	0	-7.3E-5	-0.212787	0.068095	1.813633E+9
-7193.84	-5.4	10.597161	2.232884	0.000848	0	0.000291	-0.212787	0.068492	1.813634E+9
-7352.98	-5.6	10.597161	2.231087	0.000883	0	0.000528	-0.212787	0.06816	1.813635E+9
-7499.94	-5.8	10.597161	2.232816	0.000689	0	0.000305	-0.212787	0.068418	1.813636E+9
-7634.28	-6	10.597161	2.233751	0.000584	0	0.000335	-0.212787	0.06813	1.813637E+9
-7755.56	-6.2	10.597161	2.229733	0.000693	0	0.000306	-0.212787	0.068536	1.813638E+9
-7863.34	-6.4	10.597161	2.230685	0.000428	0	0.000314	-0.212787	0.068402	1.813639E+9
-7957.2	-6.6	10.597161	2.229807	0.000471	0	0.000441	-0.212787	0.068202	1.81364E+9
-8036.69	-6.8	10.597161	2.228846	0.000889	0	-1.6E-5	-0.212787	0.068471	1.813641E+9
-8101.38	-7	10.597161	2.231672	-0.000197	0	0.000401	-0.212787	0.068521	1.813642E+9
-8036.69	-6.8	10.597161	2.232874	-0.000218	0	0.000346	-0.212787	0.068424	1.813643E+9
-7957.2	-6.6	10.597161	2.232793	0.000189	0	0.000565	-0.212787	0.068104	1.813644E+9
-7863.34	-6.4	10.597161	2.22921	0.000956	0	0.000226	-0.212787	0.068404	1.813645E+9
-7755.56	-6.2	10.597161	2.233719	0.000745	0	0.000815	-0.212787	0.068538	1.813646E+9
-7634.28	-6	10.597161	2.235827	-0.000134	0	0.000531	-0.212787	0.068415	1.813647E+9
-7499.94	-5.8	10.597161	2.237312	0.00016	0	0.000525	-0.212787	0.068232	1.813648E+9
-7352.98	-5.6	10.597161	2.234473	-0.000359	0	0.000446	-0.212787	0.068505	1.813649E+9
-7193.84	-5.4	10.597161	2.23498	0.000428	0	0.000633	-0.212787	0.068115	1.81365E+9
-7022.95	-5.2	10.597161	2.234427	0.000586	0	0.000387	-0.212787	0.068064	1.813651E+9
-6840.75	-5	10.597161	2.23151	0.000438	0	0.00038	-0.212787	0.068475	1.813652E+9
-6647.68	-4.8	10.597161	2.236575	0.000284	0	0.000413	-0.212787	0.068086	1.813653E+9
-6444.17	-4.6	10.597161	2.234882	-0.00014	0	0.000289	-0.212787	0.068493	1.813654E+9
-6230.67	-4.4	10.597161	2.238755	3.6E-5	0	4E-6	-0.212787	0.068529	1.813655E+9
-6007.6	-4.2	10.597161	2.233495	0.000233	0	0.000494	-0.212787	0.068446	1.813656E+9
-5775.41	-4	10.597161	2.233894	4E-6	0	0.000383	-0.212787	0.068406	1.813657E+9
-5534.53	-3.8	10.597161	2.236013	0.000197	0	0.000351	-0.212787	0.068475	1.813658E+9
-5285.39	-3.6	10.597161	2.235408	0.000441	0	0.000481	-0.212787	0.068117	1.813659E+9
-5028.44	-3.4	10.597161	2.236188	4.2E-5	0	0.000495	-0.212787	0.06836	1.81366E+9
-4764.12	-3.2	10.597161	2.238413	-5E-5	0	0.00049	-0.212787	0.068556	1.813661E+9
-4492.85	-3	10.597161	2.233989	-4E-6	0	0.000207	-0.212787	0.068101	1.813662E+9
-4215.08	-2.8	10.597161	2.236536	0.000299	0	0.00034	-0.212787	0.068515	1.813663E+9
-3931.24	-2.6	10.597161	2.23189	0.000608	0	0.000619	-0.212787	0.068478	1.813664E+9
-3641.77	-2.4	10.597161	2.233371	0.000576	0	0.000603	-0.212787	0.068507	1.813665E+9
-3347.11	-2.2	10.597161	2.228979	0.000669	0	0.00076	-0.212787	0.068545	1.813666E+9
-3047.69	-2	10.597161	2.231217	0.000598	0	0.000618	-0.212787	0.068472	1.813667E+9
-2743.95	-1.8	10.597161	2.228791	0.000237	0	0.000966	-0.212787	0.068494	1.813668E+9
-2436.33	-1.6	10.597161	2.222972	0.000447	0	0.000885	-0.212787	0.068108	1.813669E+9
-2125.26	-1.4	10.597161	2.217335	0.000645	0	0.000662	-0.212787	0.068218	1.81367E+9
-1811.18	-1.2	10.597161	2.189035	0.000794	0	0.000665	-0.212787	0.068459	1.813671E+9
-1494.53	-1	10.597161	2.072744	0.001016	0	0.000928	-0.212787	0.068284	1.813672E+9
-1175.74	-0.8	9.524158	1.855067	0.001442	0	0.001429	-0.212787	0.068485	1.813673E+9
-855.25	-0.6	8.295277	1.62308	0.002245	0	0.002128	-0.212787	0.068168	1.813674E+9
-533.51	-0.4	7.135611	1.406603	0.002962	0	0.002884	-0.212787	0.06842	1.813675E+9
-210.93	-0.2	6.033749	1.180395	0.002826	0	0.003861	-0.212787	0.068197	1.813676E+9
112.03	0	5.001388	0.982423	0.00372	0	0.004161	-0.212787	0.068454	1.813677E+9
434.94	0.2	4.024691	0.790094	0.004527	0	0.004796	-0.212787	0.068029	1.813678E+9
757.37	0.4	3.084293	0.604967	0.005539	0	0.005413	-0.212787	0.068311	1.813679E+9
1078.87	0.6	2.172287	0.428694	0.005042	0	0.005881	-0.212787	0.068481	1.81368E+9
1399.02	0.8	1.282804	0.256085	0.006398	0	0.006424	-0.212787	0.068456	1.813681E+9
1717.37	1	0.412492	0.077352	0.006766	0	0.007025	-0.212787	0.068459	1.813682E+9
2033.48	1.2	-0.452394	-0.091449	0.00722	0	0.007296	-0.212787	0.068265	1.813683E+9
2346.93	1.4	-1.310541	-0.262985	0.00783	0	0.007769	-0.212787	0.068396	1.813684E+9
2657.27	1.6	-2.174066	-0.433661	0.008263	0	0.008445	-0.212787	0.068441	1.813685E+9
2964.07	1.8	-3.041058	-0.606767	0.008592	0	0.008866	-0.212787	0.06798	1.813686E+9
3266.89	2	-3.91193	-0.775883	0.009645	0	0.009647	-0.212787	0.067936	1.813687E+9
3565.29	2.2	-4.79127	-0.947296	0.00962	0	0.010072	-0.212787	0.068321	1.813688E+9
3858.83	2.4	-5.583299	-1.131987	0.00998	0	0.010648	-0.212787	0.068063	1.813689E+9
4147.09	2.6	-6.138546	-1.271617	0.010989	0	0.010967	-0.212787	0.068336	1.81369E+9
4429.62	2.8	-6.558535	-1.353452	0.011533	0	0.011449	-0.212787	0.068333	1.813691E+9
4705.98	3	-6.892671	-1.413613	0.011572	0	0.012183	-0.212787	0.068065	1.813692E+9
4975.74	3.2	-7.173139	-1.456692	0.012164	0	0.012385	-0.212787	0.068331	1.813693E+9
5238.46	3.4	-7.403904	-1.492932	0.012685	0	0.013159	-0.212787	0.068061	1.813694E+9
5493.71	3.6	-7.564969	-1.523789	0.013264	0	0.013576	-0.212787	0.068225	1.813695E+9
5741.05	3.8	-7.664962	-1.513913	0.013649	0	0.013538	-0.212787	0.068156	1.813696E+9
5980.04	4	-7.711255	-1.491594	0.01349	0	0.013477	-0.212787	0.068345	1.813697E+9
6210.24	4.2	-7.729981	-1.47266	0.013557	0	0.013862	-0.212787	0.067884	1.813698E+9
6431.22	4.4	-7.73093	-1.476396	0.013259	0	0.01346	-0.212787	0.068296	1.813699E+9
6642.54	4.6	-7.727548	-1.481604	0.013752	0	0.013807	-0.212787	0.068008	1.8137E+9
6843.76	4.8	-7.73295	-1.45895	0.013427	0	0.01341	-0.212787	0.068213	1.813701E+9
7034.46	5	-7.73387	-1.472556	0.013213	0	0.013332	-0.212787	0.068202	1.813702E+9
7214.18	5.2	-7.731661	-1.477819	0.013368	0	0.01315	-0.212787	0.068098	1.813703E+9
7382.49	5.4	-7.731807	-1.477669	0.013401	0	0.013501	-0.212787	0.06836	1.813704E+9
7538.96	5.6	-7.733051	-1.463332	0.013427	0	0.013269	-0.212787	0.068006	1.813705E+9
7683.15	5.8	-7.732122	-1.47112	0.013106	0	0.012916	-0.212787	0.068373	1.813706E+9
7814.63	6	-7.725173	-1.480002	0.013243	0	0.013371	-0.212787	0.06822	1.813707E+9
7932.95	6.2	-7.723548	-1.480678	0.012644	0	0.013267	-0.212787	0.068136	1.813708E+9
8037.67	6.4	-7.723548	-1.475132	0.013186	0	0.013021	-0.212787	0.068348	1.813709E+9
8128.37	6.6	-7.723909	-1.475077	0.012486	0	0.013056	-0.212787	0.068393	1.81371E+9
8204.61	6.8	-7.720442	-1.479183	0.013344	0	0.01338	-0.212787	0.068255	1.813711E+9
8265.94	7	-7.72052	-1.48213	0.013869	0	0.013406	-0.212787	0.067917	1.813712E+9
