19/05/2022	11:32

Si\Pt3\(Co88Tb12)75\Pt3-20220518_APEJ1

Field	Kepco	Channel A	Channel B	Agilent	0	RF out	Monitor+	Monitor-	Time
8265.94	7	3.970494	0.039302	0.007815	0	0.008166	-0.212787	0.066801	2.936866E+9
8204.61	6.8	3.967866	0.040277	0.008031	0	0.008473	-0.212787	0.066862	2.936867E+9
8128.37	6.6	3.96975	0.037467	0.008364	0	0.007933	-0.212787	0.066816	2.936868E+9
8037.67	6.4	3.973886	0.036967	0.008646	0	0.007936	-0.212787	0.066935	2.936869E+9
7932.95	6.2	3.977405	0.036281	0.007967	0	0.007638	-0.212787	0.066764	2.93687E+9
7814.63	6	3.976196	0.036619	0.008046	0	0.008938	-0.212787	0.066743	2.936871E+9
7683.15	5.8	3.977798	0.036521	0.008104	0	0.008315	-0.212787	0.066919	2.936872E+9
7538.96	5.6	3.981362	0.032691	0.008216	0	0.008187	-0.212787	0.066837	2.936873E+9
7382.49	5.4	3.979315	0.03659	0.008058	0	0.007779	-0.212787	0.066814	2.936874E+9
7214.18	5.2	3.979799	0.041141	0.008759	0	0.008251	-0.212787	0.066839	2.936875E+9
7034.46	5	3.981436	0.039302	0.008029	0	0.007478	-0.212787	0.066773	2.936876E+9
6843.76	4.8	3.986206	0.037041	0.007761	0	0.008463	-0.212787	0.066852	2.936877E+9
6642.54	4.6	3.984734	0.038961	0.007406	0	0.008094	-0.212787	0.066829	2.936878E+9
6431.22	4.4	3.982703	0.041067	0.007576	0	0.007708	-0.212787	0.06681	2.936879E+9
6210.24	4.2	3.985312	0.039273	0.007877	0	0.008224	-0.212787	0.0668	2.93688E+9
5980.04	4	3.986807	0.036794	0.007896	0	0.007693	-0.212787	0.066854	2.936881E+9
5741.05	3.8	3.986235	0.040326	0.007857	0	0.007556	-0.212787	0.066882	2.936882E+9
5493.71	3.6	3.986176	0.03823	0.007454	0	0.007463	-0.212787	0.066868	2.936883E+9
5238.46	3.4	3.994753	0.03992	0.007228	0	0.008419	-0.212787	0.06671	2.936884E+9
4975.74	3.2	3.988714	0.041651	0.007289	0	0.007661	-0.212787	0.066837	2.936885E+9
4705.98	3	3.991712	0.035693	0.008602	0	0.007563	-0.212787	0.066909	2.936886E+9
4429.62	2.8	3.992164	0.039481	0.007485	0	0.007971	-0.212787	0.066816	2.936887E+9
4147.09	2.6	3.990978	0.039478	0.007979	0	0.008366	-0.212787	0.066907	2.936888E+9
3858.83	2.4	3.989705	0.039065	0.008132	0	0.008201	-0.212787	0.066763	2.936889E+9
3565.29	2.2	3.994048	0.038217	0.007621	0	0.007809	-0.212787	0.066866	2.93689E+9
3266.89	2	3.990101	0.038204	0.007971	0	0.008106	-0.212787	0.066856	2.936891E+9
2964.07	1.8	3.992616	0.041235	0.007317	0	0.007754	-0.212787	0.066854	2.936892E+9
2657.27	1.6	3.993594	0.039039	0.00792	0	0.008219	-0.212787	0.066821	2.936893E+9
2346.93	1.4	3.994877	0.034959	0.007855	0	0.00799	-0.212787	0.066832	2.936894E+9
2033.48	1.2	3.995335	0.035072	0.008774	0	0.007902	-0.212787	0.066924	2.936895E+9
1717.37	1	3.993148	0.034926	0.008801	0	0.007902	-0.212787	0.06689	2.936896E+9
1399.02	0.8	3.989042	0.037051	0.007975	0	0.007745	-0.212787	0.066783	2.936897E+9
1078.87	0.6	3.991592	0.039907	0.007984	0	0.00755	-0.212787	0.066955	2.936898E+9
757.37	0.4	3.9854	0.034072	0.008096	0	0.007601	-0.212787	0.066848	2.936899E+9
434.94	0.2	3.980751	0.036057	0.008049	0	0.007856	-0.212787	0.066847	2.9369E+9
112.03	0	3.967086	0.038156	0.007721	0	0.008336	-0.212787	0.066812	2.936901E+9
-210.93	-0.2	3.929364	0.036684	0.008184	0	0.007846	-0.212787	0.066819	2.936902E+9
-533.51	-0.4	3.837572	0.035976	0.007822	0	0.007521	-0.212787	0.066949	2.936903E+9
-855.25	-0.6	3.616887	0.038952	0.007603	0	0.007669	-0.212787	0.066883	2.936904E+9
-1175.74	-0.8	3.219654	0.03324	0.007014	0	0.007355	-0.212787	0.066936	2.936905E+9
-1494.53	-1	2.668689	0.03183	0.006227	0	0.005388	-0.212787	0.066956	2.936906E+9
-1811.18	-1.2	2.066126	0.029049	0.005624	0	0.005868	-0.212787	0.066815	2.936907E+9
-2125.26	-1.4	1.497887	0.026957	0.004703	0	0.004988	-0.212787	0.066929	2.936908E+9
-2436.33	-1.6	0.965064	0.026229	0.004107	0	0.004088	-0.212787	0.066932	2.936909E+9
-2743.95	-1.8	0.488654	0.028058	0.003709	0	0.003439	-0.212787	0.067034	2.93691E+9
-3047.69	-2	0.055267	0.023101	0.00329	0	0.002383	-0.212787	0.066904	2.936911E+9
-3347.11	-2.2	-0.378253	0.023776	0.002705	0	0.002517	-0.212787	0.067008	2.936912E+9
-3641.77	-2.4	-0.788904	0.0189	0.001239	0	0.001872	-0.212787	0.066923	2.936913E+9
-3931.24	-2.6	-1.199267	0.02543	0.001349	0	0.001173	-0.212787	0.066993	2.936914E+9
-4215.08	-2.8	-1.618943	0.02172	0.001457	0	0.001034	-0.212787	0.066974	2.936915E+9
-4492.85	-3	-2.032068	0.01645	0.000984	0	0.000429	-0.212787	0.067042	2.936916E+9
-4764.12	-3.2	-2.426777	0.016002	0.000558	0	-0.000333	-0.212787	0.066904	2.936917E+9
-5028.44	-3.4	-2.79448	0.012753	-0.000136	0	-0.00036	-0.212787	0.067061	2.936918E+9
-5285.39	-3.6	-3.09478	0.014998	0.00021	0	-0.00068	-0.212787	0.067024	2.936919E+9
-5534.53	-3.8	-3.312977	0.010362	-0.001011	0	-0.001412	-0.212787	0.06705	2.93692E+9
-5775.41	-4	-3.443955	0.008998	-0.000474	0	-0.000435	-0.212787	0.066999	2.936921E+9
-6007.6	-4.2	-3.525585	0.017503	-0.000572	0	-0.001373	-0.212787	0.067025	2.936922E+9
-6230.67	-4.4	-3.604908	0.011496	-0.001268	0	-0.001515	-0.212787	0.066926	2.936923E+9
-6444.17	-4.6	-3.678061	0.011954	-0.001207	0	-0.001321	-0.212787	0.067029	2.936924E+9
-6647.68	-4.8	-3.755214	0.010388	-0.00152	0	-0.001584	-0.212787	0.066964	2.936925E+9
-6840.75	-5	-3.835359	0.010953	-0.001146	0	-0.001092	-0.212787	0.067031	2.936926E+9
-7022.95	-5.2	-3.913727	0.011899	-0.001215	0	-0.001286	-0.212787	0.067053	2.936927E+9
-7193.84	-5.4	-3.992247	0.006077	-0.001804	0	-0.001536	-0.212787	0.067028	2.936928E+9
-7352.98	-5.6	-4.069403	0.012217	-0.001572	0	-0.001425	-0.212787	0.067058	2.936929E+9
-7499.94	-5.8	-4.144902	0.011415	-0.002208	0	-0.001297	-0.212787	0.066925	2.93693E+9
-7634.28	-6	-4.204339	0.007844	-0.000791	0	-0.001583	-0.212787	0.06697	2.936931E+9
-7755.56	-6.2	-4.267983	0.006948	-0.001795	0	-0.001727	-0.212787	0.067004	2.936932E+9
-7863.34	-6.4	-4.320117	0.010359	-0.001376	0	-0.001325	-0.212787	0.067016	2.936933E+9
-7957.2	-6.6	-4.370048	0.008988	-0.001908	0	-0.001932	-0.212787	0.067056	2.936934E+9
-8036.69	-6.8	-4.403212	0.010797	-0.001196	0	-0.001942	-0.212787	0.066953	2.936935E+9
-8101.38	-7	-4.436532	0.010304	-0.000828	0	-0.001961	-0.212787	0.066982	2.936936E+9
-8036.69	-6.8	-4.438848	0.009043	-0.001911	0	-0.00241	-0.212787	0.066955	2.936937E+9
-7957.2	-6.6	-4.445843	0.006801	-0.002339	0	-0.00176	-0.212787	0.066931	2.936938E+9
-7863.34	-6.4	-4.444137	0.006009	-0.002046	0	-0.002371	-0.212787	0.066994	2.936939E+9
-7755.56	-6.2	-4.445872	0.008143	-0.001801	0	-0.001613	-0.212787	0.066928	2.93694E+9
-7634.28	-6	-4.445898	0.009547	-0.001863	0	-0.001676	-0.212787	0.066949	2.936941E+9
-7499.94	-5.8	-4.445843	0.008566	-0.002105	0	-0.001971	-0.212787	0.066929	2.936942E+9
-7352.98	-5.6	-4.448958	0.007282	-0.002245	0	-0.002818	-0.212787	0.066948	2.936943E+9
-7193.84	-5.4	-4.448565	0.009433	-0.002137	0	-0.002516	-0.212787	0.066877	2.936944E+9
-7022.95	-5.2	-4.447649	0.006408	-0.002244	0	-0.002112	-0.212787	0.066995	2.936945E+9
-6840.75	-5	-4.451177	0.011269	-0.002562	0	-0.001811	-0.212787	0.066969	2.936946E+9
-6647.68	-4.8	-4.452912	0.011295	-0.002135	0	-0.002501	-0.212787	0.066919	2.936947E+9
-6444.17	-4.6	-4.453767	0.011291	-0.002647	0	-0.002536	-0.212787	0.066875	2.936948E+9
-6230.67	-4.4	-4.453247	0.008579	-0.001932	0	-0.002212	-0.212787	0.066904	2.936949E+9
-6007.6	-4.2	-4.45337	0.014283	-0.002173	0	-0.001792	-0.212787	0.06685	2.93695E+9
-5775.41	-4	-4.452812	0.0103	-0.001772	0	-0.002393	-0.212787	0.066957	2.936951E+9
-5534.53	-3.8	-4.458195	0.009426	-0.002111	0	-0.002202	-0.212787	0.066977	2.936952E+9
-5285.39	-3.6	-4.45376	0.011243	-0.002093	0	-0.00239	-0.212787	0.066911	2.936953E+9
-5028.44	-3.4	-4.458062	0.01084	-0.002614	0	-0.001898	-0.212787	0.066985	2.936954E+9
-4764.12	-3.2	-4.459384	0.013159	-0.001771	0	-0.002593	-0.212787	0.067037	2.936955E+9
-4492.85	-3	-4.456083	0.007282	-0.002238	0	-0.001808	-0.212787	0.066944	2.936956E+9
-4215.08	-2.8	-4.458224	0.008647	-0.002832	0	-0.001474	-0.212787	0.066961	2.936957E+9
-3931.24	-2.6	-4.457685	0.007779	-0.002672	0	-0.002449	-0.212787	0.06703	2.936958E+9
-3641.77	-2.4	-4.464225	0.011353	-0.002583	0	-0.002594	-0.212787	0.066951	2.936959E+9
-3347.11	-2.2	-4.457701	0.00995	-0.002013	0	-0.001808	-0.212787	0.067014	2.93696E+9
-3047.69	-2	-4.461115	0.007458	-0.001882	0	-0.002791	-0.212787	0.067053	2.936961E+9
-2743.95	-1.8	-4.457698	0.013448	-0.002018	0	-0.002248	-0.212787	0.066989	2.936962E+9
-2436.33	-1.6	-4.457269	0.009868	-0.002403	0	-0.001903	-0.212787	0.066974	2.936963E+9
-2125.26	-1.4	-4.460297	0.006912	-0.002534	0	-0.001796	-0.212787	0.067122	2.936964E+9
-1811.18	-1.2	-4.45326	0.009937	-0.002444	0	-0.002389	-0.212787	0.066925	2.936965E+9
-1494.53	-1	-4.454706	0.007471	-0.002935	0	-0.001686	-0.212787	0.067018	2.936966E+9
-1175.74	-0.8	-4.4498	0.008679	-0.002168	0	-0.003221	-0.212787	0.067027	2.936967E+9
-855.25	-0.6	-4.439352	0.00852	-0.002741	0	-0.002659	-0.212787	0.067022	2.936968E+9
-533.51	-0.4	-4.424839	0.006538	-0.002928	0	-0.002593	-0.212787	0.066914	2.936969E+9
-210.93	-0.2	-4.377199	0.009576	-0.002415	0	-0.002571	-0.212787	0.066984	2.93697E+9
112.03	0	-4.244027	0.010859	-0.001769	0	-0.002531	-0.212787	0.066996	2.936971E+9
434.94	0.2	-3.981987	0.011749	-0.001709	0	-0.00156	-0.212787	0.067051	2.936972E+9
757.37	0.4	-3.548879	0.010944	-0.001504	0	-0.000803	-0.212787	0.066964	2.936973E+9
1078.87	0.6	-2.999018	0.014387	-0.000489	0	-0.000423	-0.212787	0.067016	2.936974E+9
1399.02	0.8	-2.414624	0.015729	0.000237	0	-0.00083	-0.212787	0.067035	2.936975E+9
1717.37	1	-1.859852	0.018218	0.000261	0	0.001093	-0.212787	0.066922	2.936976E+9
2033.48	1.2	-1.346889	0.01645	0.001462	0	0.002433	-0.212787	0.067043	2.936977E+9
2346.93	1.4	-0.88027	0.018442	0.002118	0	0.002299	-0.212787	0.066973	2.936978E+9
2657.27	1.6	-0.444317	0.021096	0.001886	0	0.002065	-0.212787	0.066905	2.936979E+9
2964.07	1.8	-0.02285	0.023253	0.002213	0	0.0032	-0.212787	0.066937	2.93698E+9
3266.89	2	0.395949	0.022805	0.003567	0	0.00303	-0.212787	0.066904	2.936981E+9
3565.29	2.2	0.810915	0.026168	0.004381	0	0.003949	-0.212787	0.066925	2.936982E+9
3858.83	2.4	1.226011	0.02671	0.004204	0	0.004361	-0.212787	0.066903	2.936983E+9
4147.09	2.6	1.636533	0.030758	0.004611	0	0.005089	-0.212787	0.066951	2.936984E+9
4429.62	2.8	2.032095	0.031304	0.005291	0	0.004974	-0.212787	0.066927	2.936985E+9
4705.98	3	2.389379	0.034852	0.005443	0	0.006065	-0.212787	0.066926	2.936986E+9
4975.74	3.2	2.671843	0.034504	0.006262	0	0.006828	-0.212787	0.066914	2.936987E+9
5238.46	3.4	2.868455	0.034465	0.006425	0	0.006261	-0.212787	0.066816	2.936988E+9
5493.71	3.6	2.991387	0.035722	0.007072	0	0.00684	-0.212787	0.066773	2.936989E+9
5741.05	3.8	3.069166	0.034842	0.007011	0	0.007109	-0.212787	0.066837	2.93699E+9
5980.04	4	3.140572	0.036989	0.006332	0	0.006584	-0.212787	0.066757	2.936991E+9
6210.24	4.2	3.214872	0.033919	0.00688	0	0.007625	-0.212787	0.066738	2.936992E+9
6431.22	4.4	3.291411	0.037025	0.007121	0	0.007316	-0.212787	0.066834	2.936993E+9
6642.54	4.6	3.376858	0.033714	0.007696	0	0.00704	-0.212787	0.066729	2.936994E+9
6843.76	4.8	3.457425	0.038403	0.006647	0	0.00743	-0.212787	0.066792	2.936995E+9
7034.46	5	3.533668	0.03978	0.007685	0	0.007916	-0.212787	0.06687	2.936996E+9
7214.18	5.2	3.609408	0.038549	0.007937	0	0.007977	-0.212787	0.066819	2.936997E+9
7382.49	5.4	3.678965	0.030856	0.007828	0	0.007749	-0.212787	0.066708	2.936998E+9
7538.96	5.6	3.743405	0.038997	0.007516	0	0.008016	-0.212787	0.066813	2.936999E+9
7683.15	5.8	3.80396	0.037451	0.008261	0	0.008176	-0.212787	0.066737	2.937E+9
7814.63	6	3.857728	0.036703	0.008053	0	0.008528	-0.212787	0.066757	2.937001E+9
7932.95	6.2	3.904553	0.040258	0.007659	0	0.008463	-0.212787	0.066806	2.937002E+9
8037.67	6.4	3.940813	0.042369	0.008316	0	0.008697	-0.212787	0.06675	2.937003E+9
8128.37	6.6	3.966612	0.036609	0.007407	0	0.008378	-0.212787	0.066769	2.937004E+9
8204.61	6.8	3.967519	0.038292	0.007624	0	0.008926	-0.212787	0.066751	2.937005E+9
8265.94	7	3.971414	0.034381	0.00802	0	0.008042	-0.212787	0.066771	2.937006E+9
