06/05/2022	11:20

Co88Tb12_35_20210602_CVMH5

Field	Kepco	Channel A	Channel B	Agilent	0	RF out	Monitor+	Monitor-	Time
8265.94	7	-1.454983	-0.672513	-0.000692	0	-0.001238	-0.212787	0.040483	1.812939E+9
8204.61	6.8	-1.470285	-0.651785	-0.000884	0	-0.001038	-0.212787	0.040412	1.81294E+9
8128.37	6.6	-1.444938	-0.687578	-0.001281	0	-0.00094	-0.212787	0.040444	1.812941E+9
8037.67	6.4	-1.414519	-0.665213	-0.000485	0	-0.000695	-0.212787	0.040482	1.812942E+9
7932.95	6.2	-1.399935	-0.667032	-0.000585	0	-0.00126	-0.212787	0.040434	1.812943E+9
7814.63	6	-1.400946	-0.674901	-0.001169	0	-0.001361	-0.212787	0.040515	1.812944E+9
7683.15	5.8	-1.414133	-0.679342	-0.001374	0	-0.001003	-0.212787	0.04044	1.812945E+9
7538.96	5.6	-1.41652	-0.674384	-0.001201	0	-0.00069	-0.212787	0.040494	1.812946E+9
7382.49	5.4	-1.388454	-0.685729	-0.000929	0	-0.001095	-0.212787	0.040549	1.812947E+9
7214.18	5.2	-1.377304	-0.666684	-0.000601	0	-0.00114	-0.212787	0.040535	1.812948E+9
7034.46	5	-1.354407	-0.673656	-0.001315	0	-0.001437	-0.212787	0.040469	1.812949E+9
6843.76	4.8	-1.327136	-0.649947	-0.001034	0	-0.001306	-0.212787	0.040513	1.81295E+9
6642.54	4.6	-1.305308	-0.666756	-0.000293	0	-0.00102	-0.212787	0.040444	1.812951E+9
6431.22	4.4	-1.324459	-0.64932	-0.002188	0	-0.000948	-0.212787	0.040514	1.812952E+9
6210.24	4.2	-1.312257	-0.667584	-0.001443	0	-0.001554	-0.212787	0.040561	1.812953E+9
5980.04	4	-1.300516	-0.677799	-0.001682	0	-0.001123	-0.212787	0.040533	1.812954E+9
5741.05	3.8	-1.293527	-0.649339	-0.001985	0	-0.000758	-0.212787	0.04052	1.812955E+9
5493.71	3.6	-1.276871	-0.663819	-0.001936	0	-0.00147	-0.212787	0.040528	1.812956E+9
5238.46	3.4	-1.269165	-0.663367	-0.001214	0	-0.001656	-0.212787	0.040496	1.812957E+9
4975.74	3.2	-1.213412	-0.629242	-0.002085	0	-0.001577	-0.212787	0.040548	1.812958E+9
4705.98	3	-1.181437	-0.634112	-0.002408	0	-0.001123	-0.212787	0.040513	1.812959E+9
4429.62	2.8	-1.158322	-0.635658	-0.001701	0	-0.001879	-0.212787	0.040578	1.81296E+9
4147.09	2.6	-1.117988	-0.645668	-0.001655	0	-0.00149	-0.212787	0.040613	1.812961E+9
3858.83	2.4	-1.047957	-0.599321	-0.001643	0	-0.001842	-0.212787	0.040592	1.812962E+9
3565.29	2.2	-0.977945	-0.586416	-0.001963	0	-0.0018	-0.212787	0.040616	1.812963E+9
3266.89	2	-0.911998	-0.592394	-0.001846	0	-0.001947	-0.212787	0.040567	1.812964E+9
2964.07	1.8	-0.831135	-0.579773	-0.00189	0	-0.001551	-0.212787	0.040597	1.812965E+9
2657.27	1.6	-0.777618	-0.579529	-0.001298	0	-0.002059	-0.212787	0.040556	1.812966E+9
2346.93	1.4	-0.721069	-0.554188	-0.001967	0	-0.001562	-0.212787	0.040523	1.812967E+9
2033.48	1.2	-0.615954	-0.544098	-0.002111	0	-0.001729	-0.212787	0.040501	1.812968E+9
1717.37	1	-0.517493	-0.515105	-0.002208	0	-0.00166	-0.212787	0.040569	1.812969E+9
1399.02	0.8	-0.463654	-0.497786	-0.001685	0	-0.001793	-0.212787	0.040596	1.81297E+9
1078.87	0.6	-0.376541	-0.475281	-0.001164	0	-0.002172	-0.212787	0.040555	1.812971E+9
757.37	0.4	-0.292286	-0.466191	-0.002318	0	-0.001826	-0.212787	0.040606	1.812972E+9
434.94	0.2	-0.169267	-0.43705	-0.001758	0	-0.001722	-0.212787	0.040585	1.812973E+9
112.03	0	-0.035345	-0.404675	-0.001348	0	-0.00218	-0.212787	0.040642	1.812974E+9
-210.93	-0.2	0.054071	-0.397739	-0.001666	0	-0.001754	-0.212787	0.040555	1.812975E+9
-533.51	-0.4	0.214663	-0.353945	-0.001229	0	-0.002465	-0.212787	0.040624	1.812976E+9
-855.25	-0.6	0.388217	-0.339599	-0.00196	0	-0.002168	-0.212787	0.040579	1.812977E+9
-1175.74	-0.8	0.551268	-0.299827	-0.001692	0	-0.002483	-0.212787	0.040656	1.812978E+9
-1494.53	-1	0.73552	-0.283225	-0.001785	0	-0.001975	-0.212787	0.040566	1.812979E+9
-1811.18	-1.2	0.900871	-0.221102	-0.002208	0	-0.002417	-0.212787	0.04056	1.81298E+9
-2125.26	-1.4	1.034995	-0.205842	-0.002203	0	-0.00255	-0.212787	0.040499	1.812981E+9
-2436.33	-1.6	1.153154	-0.179118	-0.002108	0	-0.002394	-0.212787	0.040513	1.812982E+9
-2743.95	-1.8	1.263067	-0.153221	-0.001688	0	-0.002205	-0.212787	0.040575	1.812983E+9
-3047.69	-2	1.388159	-0.124366	-0.001691	0	-0.001469	-0.212787	0.040639	1.812984E+9
-3347.11	-2.2	1.471946	-0.114827	-0.001649	0	-0.002348	-0.212787	0.0406	1.812985E+9
-3641.77	-2.4	1.585556	-0.10946	-0.001418	0	-0.002458	-0.212787	0.040603	1.812986E+9
-3931.24	-2.6	1.678134	-0.090526	-0.001331	0	-0.002776	-0.212787	0.040582	1.812987E+9
-4215.08	-2.8	1.782843	-0.077788	-0.002281	0	-0.002302	-0.212787	0.040573	1.812988E+9
-4492.85	-3	1.899855	-0.057801	-0.00165	0	-0.002436	-0.212787	0.040592	1.812989E+9
-4764.12	-3.2	2.000471	-0.034452	-0.002723	0	-0.002071	-0.212787	0.040526	1.81299E+9
-5028.44	-3.4	2.091135	-0.006792	-0.002504	0	-0.002173	-0.212787	0.040565	1.812991E+9
-5285.39	-3.6	2.140719	0.006093	-0.002612	0	-0.001763	-0.212787	0.040517	1.812992E+9
-5534.53	-3.8	2.182157	0.01082	-0.002491	0	-0.002374	-0.212787	0.040548	1.812993E+9
-5775.41	-4	2.225496	0.032763	-0.00253	0	-0.002399	-0.212787	0.040548	1.812994E+9
-6007.6	-4.2	2.273182	0.033149	-0.002777	0	-0.00248	-0.212787	0.040524	1.812995E+9
-6230.67	-4.4	2.292048	0.008566	-0.002565	0	-0.003001	-0.212787	0.040604	1.812996E+9
-6444.17	-4.6	2.301869	0.055189	-0.002759	0	-0.001733	-0.212787	0.040525	1.812997E+9
-6647.68	-4.8	2.328243	0.027899	-0.001969	0	-0.002275	-0.212787	0.040491	1.812998E+9
-6840.75	-5	2.313734	0.039462	-0.001861	0	-0.002129	-0.212787	0.040482	1.812999E+9
-7022.95	-5.2	2.336969	0.030381	-0.002367	0	-0.002074	-0.212787	0.04047	1.813E+9
-7193.84	-5.4	2.31529	0.040375	-0.002498	0	-0.002574	-0.212787	0.040515	1.813001E+9
-7352.98	-5.6	2.349627	0.021912	-0.002832	0	-0.001982	-0.212787	0.040493	1.813002E+9
-7499.94	-5.8	2.33772	0.025073	-0.001971	0	-0.002002	-0.212787	0.040541	1.813003E+9
-7634.28	-6	2.347119	0.039618	-0.001495	0	-0.002544	-0.212787	0.040505	1.813004E+9
-7755.56	-6.2	2.378369	0.043058	-0.002699	0	-0.002625	-0.212787	0.040504	1.813005E+9
-7863.34	-6.4	2.391676	0.031128	-0.001698	0	-0.002195	-0.212787	0.040513	1.813006E+9
-7957.2	-6.6	2.390181	0.038253	-0.001203	0	-0.002215	-0.212787	0.040489	1.813007E+9
-8036.69	-6.8	2.391923	0.040466	-0.002003	0	-0.002242	-0.212787	0.040526	1.813008E+9
-8101.38	-7	2.40201	0.035329	-0.001885	0	-0.002861	-0.212787	0.040468	1.813009E+9
-8036.69	-6.8	2.382638	0.038136	-0.002333	0	-0.002439	-0.212787	0.040512	1.81301E+9
-7957.2	-6.6	2.388278	0.017376	-0.002624	0	-0.001931	-0.212787	0.040502	1.813011E+9
-7863.34	-6.4	2.366585	0.051294	-0.002327	0	-0.002349	-0.212787	0.040466	1.813012E+9
-7755.56	-6.2	2.369464	0.043013	-0.002265	0	-0.002482	-0.212787	0.040505	1.813013E+9
-7634.28	-6	2.357726	0.030895	-0.002216	0	-0.002907	-0.212787	0.040526	1.813014E+9
-7499.94	-5.8	2.345475	0.024858	-0.002045	0	-0.002269	-0.212787	0.040508	1.813015E+9
-7352.98	-5.6	2.356638	0.045862	-0.002093	0	-0.002191	-0.212787	0.04051	1.813016E+9
-7193.84	-5.4	2.324078	0.056089	-0.002295	0	-0.002568	-0.212787	0.040534	1.813017E+9
-7022.95	-5.2	2.322704	0.038104	-0.002927	0	-0.002652	-0.212787	0.040479	1.813018E+9
-6840.75	-5	2.301184	0.044663	-0.002944	0	-0.002535	-0.212787	0.040491	1.813019E+9
-6647.68	-4.8	2.297552	0.04682	-0.003404	0	-0.002025	-0.212787	0.040514	1.81302E+9
-6444.17	-4.6	2.296242	0.03453	-0.002648	0	-0.002303	-0.212787	0.040509	1.813021E+9
-6230.67	-4.4	2.289257	0.022311	-0.002743	0	-0.002185	-0.212787	0.040594	1.813022E+9
-6007.6	-4.2	2.277013	0.007389	-0.002691	0	-0.002981	-0.212787	0.040586	1.813023E+9
-5775.41	-4	2.271493	0.013962	-0.002782	0	-0.002297	-0.212787	0.040601	1.813024E+9
-5534.53	-3.8	2.237725	0.004089	-0.003332	0	-0.002158	-0.212787	0.040524	1.813025E+9
-5285.39	-3.6	2.193742	0.014342	-0.002677	0	-0.002437	-0.212787	0.04051	1.813026E+9
-5028.44	-3.4	2.179789	-0.022314	-0.00277	0	-0.0029	-0.212787	0.04056	1.813027E+9
-4764.12	-3.2	2.111135	-0.025371	-0.003206	0	-0.0026	-0.212787	0.04051	1.813028E+9
-4492.85	-3	2.077276	-0.017935	-0.002992	0	-0.002894	-0.212787	0.040536	1.813029E+9
-4215.08	-2.8	2.026211	-0.037844	-0.003266	0	-0.00251	-0.212787	0.040583	1.81303E+9
-3931.24	-2.6	1.939442	-0.046677	-0.003377	0	-0.002759	-0.212787	0.040523	1.813031E+9
-3641.77	-2.4	1.894414	-0.046664	-0.00285	0	-0.00348	-0.212787	0.040562	1.813032E+9
-3347.11	-2.2	1.815763	-0.05234	-0.003651	0	-0.002904	-0.212787	0.040594	1.813033E+9
-3047.69	-2	1.751671	-0.088681	-0.002185	0	-0.002936	-0.212787	0.040631	1.813034E+9
-2743.95	-1.8	1.680301	-0.092631	-0.002298	0	-0.002501	-0.212787	0.040629	1.813035E+9
-2436.33	-1.6	1.614546	-0.142773	-0.002337	0	-0.002958	-0.212787	0.040608	1.813036E+9
-2125.26	-1.4	1.539703	-0.14432	-0.002678	0	-0.002777	-0.212787	0.040625	1.813037E+9
-1811.18	-1.2	1.471234	-0.137666	-0.003136	0	-0.003102	-0.212787	0.040569	1.813038E+9
-1494.53	-1	1.36865	-0.1474	-0.002772	0	-0.002938	-0.212787	0.040642	1.813039E+9
-1175.74	-0.8	1.287238	-0.166343	-0.00272	0	-0.002953	-0.212787	0.040603	1.81304E+9
-855.25	-0.6	1.183241	-0.197996	-0.002555	0	-0.003027	-0.212787	0.040648	1.813041E+9
-533.51	-0.4	1.078444	-0.212012	-0.003033	0	-0.003145	-0.212787	0.040675	1.813042E+9
-210.93	-0.2	0.966767	-0.229198	-0.003462	0	-0.002847	-0.212787	0.040605	1.813043E+9
112.03	0	0.829268	-0.280344	-0.002863	0	-0.003064	-0.212787	0.040597	1.813044E+9
434.94	0.2	0.627017	-0.287848	-0.002419	0	-0.003463	-0.212787	0.040602	1.813045E+9
757.37	0.4	0.456335	-0.341694	-0.00273	0	-0.003472	-0.212787	0.040693	1.813046E+9
1078.87	0.6	0.277985	-0.365079	-0.003216	0	-0.002627	-0.212787	0.040679	1.813047E+9
1399.02	0.8	0.119184	-0.413077	-0.002726	0	-0.002788	-0.212787	0.040622	1.813048E+9
1717.37	1	-0.02121	-0.42975	-0.002657	0	-0.002802	-0.212787	0.040668	1.813049E+9
2033.48	1.2	-0.174157	-0.454281	-0.002966	0	-0.003286	-0.212787	0.040585	1.81305E+9
2346.93	1.4	-0.31522	-0.486532	-0.003468	0	-0.003164	-0.212787	0.040646	1.813051E+9
2657.27	1.6	-0.422449	-0.513663	-0.002896	0	-0.00309	-0.212787	0.040628	1.813052E+9
2964.07	1.8	-0.57525	-0.527558	-0.003422	0	-0.002582	-0.212787	0.040615	1.813053E+9
3266.89	2	-0.6994	-0.560338	-0.003091	0	-0.002355	-0.212787	0.040651	1.813054E+9
3565.29	2.2	-0.803491	-0.586517	-0.002776	0	-0.002909	-0.212787	0.040592	1.813055E+9
3858.83	2.4	-0.908506	-0.611955	-0.002769	0	-0.003087	-0.212787	0.040626	1.813056E+9
4147.09	2.6	-1.034218	-0.627147	-0.003019	0	-0.002745	-0.212787	0.040594	1.813057E+9
4429.62	2.8	-1.13405	-0.659349	-0.002819	0	-0.002623	-0.212787	0.040568	1.813058E+9
4705.98	3	-1.248252	-0.666314	-0.00301	0	-0.003039	-0.212787	0.040548	1.813059E+9
4975.74	3.2	-1.300788	-0.68234	-0.003378	0	-0.003106	-0.212787	0.040563	1.81306E+9
5238.46	3.4	-1.335817	-0.687815	-0.002952	0	-0.002692	-0.212787	0.040597	1.813061E+9
5493.71	3.6	-1.383519	-0.704361	-0.002675	0	-0.002458	-0.212787	0.040575	1.813062E+9
5741.05	3.8	-1.406472	-0.711342	-0.002684	0	-0.002518	-0.212787	0.040528	1.813063E+9
5980.04	4	-1.423756	-0.68518	-0.001946	0	-0.002435	-0.212787	0.04059	1.813064E+9
6210.24	4.2	-1.399299	-0.684303	-0.002522	0	-0.002672	-0.212787	0.040598	1.813065E+9
6431.22	4.4	-1.432677	-0.72542	-0.002444	0	-0.002832	-0.212787	0.040554	1.813066E+9
6642.54	4.6	-1.458433	-0.708402	-0.002511	0	-0.002301	-0.212787	0.040561	1.813067E+9
6843.76	4.8	-1.442079	-0.709533	-0.002036	0	-0.002904	-0.212787	0.040599	1.813068E+9
7034.46	5	-1.457439	-0.695654	-0.002414	0	-0.002987	-0.212787	0.04049	1.813069E+9
7214.18	5.2	-1.439597	-0.716008	-0.002594	0	-0.002832	-0.212787	0.040483	1.81307E+9
7382.49	5.4	-1.483819	-0.698659	-0.002487	0	-0.002152	-0.212787	0.040531	1.813071E+9
7538.96	5.6	-1.48393	-0.704484	-0.002321	0	-0.00297	-0.212787	0.040529	1.813072E+9
7683.15	5.8	-1.487461	-0.726644	-0.002857	0	-0.002867	-0.212787	0.04051	1.813073E+9
7814.63	6	-1.479927	-0.725988	-0.002907	0	-0.002469	-0.212787	0.040493	1.813074E+9
7932.95	6.2	-1.494544	-0.734074	-0.002874	0	-0.002977	-0.212787	0.040462	1.813075E+9
8037.67	6.4	-1.48468	-0.734003	-0.002166	0	-0.002351	-0.212787	0.040487	1.813076E+9
8128.37	6.6	-1.496672	-0.714136	-0.002368	0	-0.002888	-0.212787	0.04053	1.813077E+9
8204.61	6.8	-1.513705	-0.736787	-0.002928	0	-0.002877	-0.212787	0.040553	1.813078E+9
8265.94	7	-1.500502	-0.724253	-0.002857	0	-0.002608	-0.212787	0.040476	1.813079E+9
