04/05/2022	15:33

Co88Tb12_20210526_CVEJ1

Field	Kepco	Channel A	Channel B	Agilent	0	RF out	Monitor+	Monitor-	Time
7034.46	5	0.011707	-0.008747	-0.014437	0	-0.014013	-0.212787	0.105945	1.655238E+9
6794.43	4.75	0.009241	-0.007792	-0.013012	0	-0.013387	-0.212787	0.10644	1.655239E+9
6538.11	4.5	0.007737	-0.009962	-0.014466	0	-0.013904	-0.212787	0.106522	1.65524E+9
6266.37	4.25	0.006837	-0.010089	-0.012997	0	-0.013862	-0.212787	0.105683	1.655241E+9
5980.04	4	0.00596	-0.009556	-0.013451	0	-0.013885	-0.212787	0.105866	1.655242E+9
5679.98	3.75	0.005538	-0.010083	-0.013762	0	-0.013301	-0.212787	0.105751	1.655243E+9
5367.05	3.5	0.004608	-0.00917	-0.014017	0	-0.014185	-0.212787	0.106374	1.655244E+9
5042.1	3.25	0.002383	-0.009469	-0.014064	0	-0.013602	-0.212787	0.106476	1.655245E+9
4705.98	3	0.001412	-0.010135	-0.014943	0	-0.013414	-0.212787	0.105866	1.655246E+9
4359.54	2.75	0.001688	-0.010014	-0.014311	0	-0.013845	-0.212787	0.106425	1.655247E+9
4003.65	2.5	0.000911	-0.010479	-0.014077	0	-0.014284	-0.212787	0.105937	1.655248E+9
3639.15	2.25	0.00057	-0.01057	-0.013756	0	-0.014648	-0.212787	0.106353	1.655249E+9
3266.89	2	-0.000921	-0.010534	-0.014248	0	-0.014388	-0.212787	0.106334	1.65525E+9
2887.73	1.75	-0.000885	-0.010625	-0.014634	0	-0.014559	-0.212787	0.106371	1.655251E+9
2502.52	1.5	-0.001431	-0.010849	-0.015116	0	-0.01452	-0.212787	0.105842	1.655252E+9
2424.82	1.45	-0.000694	-0.010947	-0.014349	0	-0.014642	-0.212787	0.105672	1.655253E+9
2346.93	1.4	-0.001837	-0.010589	-0.014935	0	-0.014412	-0.212787	0.106	1.655254E+9
2268.84	1.35	-0.000957	-0.010599	-0.014482	0	-0.013677	-0.212787	0.106427	1.655255E+9
2190.57	1.3	-0.001005	-0.013201	-0.014834	0	-0.01449	-0.212787	0.105862	1.655256E+9
2112.11	1.25	-0.00198	-0.010719	-0.014692	0	-0.014538	-0.212787	0.106347	1.655257E+9
2033.48	1.2	-0.001083	-0.010768	-0.014384	0	-0.014771	-0.212787	0.106323	1.655258E+9
1954.69	1.15	-0.001204	-0.01326	-0.015177	0	-0.014644	-0.212787	0.106194	1.655259E+9
1875.73	1.1	-0.000248	-0.011044	-0.014666	0	-0.014039	-0.212787	0.105875	1.65526E+9
1796.62	1.05	2.444167E-5	-0.011145	-0.014101	0	-0.014445	-0.212787	0.106139	1.655261E+9
1717.37	1	-0.001093	-0.009771	-0.014162	0	-0.015383	-0.212787	0.105943	1.655262E+9
1637.97	0.95	-0.001379	-0.01019	-0.014699	0	-0.014245	-0.212787	0.106276	1.655263E+9
1558.44	0.9	-0.001844	-0.011135	-0.014666	0	-0.014212	-0.212787	0.105841	1.655264E+9
1478.79	0.85	-0.001022	-0.010775	-0.014572	0	-0.014705	-0.212787	0.10629	1.655265E+9
1399.02	0.8	-0.00159	-0.011054	-0.014532	0	-0.014488	-0.212787	0.106008	1.655266E+9
1319.13	0.75	-0.001187	-0.010651	-0.014598	0	-0.015193	-0.212787	0.105597	1.655267E+9
1239.14	0.7	-0.000999	-0.012721	-0.014829	0	-0.014829	-0.212787	0.105795	1.655268E+9
1159.05	0.65	-0.000541	-0.010401	-0.014533	0	-0.013957	-0.212787	0.106235	1.655269E+9
1078.87	0.6	-0.001577	-0.012929	-0.014438	0	-0.014597	-0.212787	0.106128	1.65527E+9
998.61	0.55	-0.000879	-0.012763	-0.015448	0	-0.014666	-0.212787	0.105752	1.655271E+9
918.26	0.5	-0.001714	-0.010226	-0.015122	0	-0.014585	-0.212787	0.105726	1.655272E+9
837.85	0.45	-0.0016	-0.01056	-0.014847	0	-0.013935	-0.212787	0.106199	1.655273E+9
757.37	0.4	-0.00121	-0.010544	-0.014789	0	-0.015344	-0.212787	0.106035	1.655274E+9
676.83	0.35	-0.000846	-0.01057	-0.015548	0	-0.01497	-0.212787	0.105493	1.655275E+9
596.24	0.3	-0.00174	-0.010609	-0.013895	0	-0.014781	-0.212787	0.106116	1.655276E+9
515.61	0.25	-0.000778	-0.009657	-0.015567	0	-0.014672	-0.212787	0.105974	1.655277E+9
434.94	0.2	-0.000843	-0.010726	-0.014932	0	-0.01448	-0.212787	0.105948	1.655278E+9
354.24	0.15	-0.001684	-0.010625	-0.014951	0	-0.015698	-0.212787	0.105607	1.655279E+9
273.52	0.1	-0.001077	-0.012753	-0.015517	0	-0.014717	-0.212787	0.106051	1.65528E+9
192.78	0.05	-0.00069	-0.0107	-0.014769	0	-0.014321	-0.212787	0.106131	1.655281E+9
112.03	0	-0.001457	-0.01068	-0.013699	0	-0.0153	-0.212787	0.105499	1.655282E+9
31.27	-0.05	-0.001379	-0.010128	-0.014507	0	-0.015138	-0.212787	0.105506	1.655283E+9
-49.47	-0.1	-0.001801	-0.01057	-0.015226	0	-0.015118	-0.212787	0.106077	1.655284E+9
-130.21	-0.15	-0.001438	-0.010622	-0.015117	0	-0.015214	-0.212787	0.106174	1.655285E+9
-210.93	-0.2	-0.002081	-0.009641	-0.014437	0	-0.016118	-0.212787	0.105564	1.655286E+9
-291.63	-0.25	-0.001343	-0.013052	-0.016165	0	-0.015535	-0.212787	0.105434	1.655287E+9
-372.3	-0.3	-0.002113	-0.012695	-0.015262	0	-0.015792	-0.212787	0.105963	1.655288E+9
-452.92	-0.35	-0.002172	-0.009663	-0.01518	0	-0.015236	-0.212787	0.105686	1.655289E+9
-533.51	-0.4	-0.002529	-0.01044	-0.014431	0	-0.014812	-0.212787	0.10552	1.65529E+9
-614.04	-0.45	-0.002562	-0.010541	-0.014924	0	-0.015671	-0.212787	0.10615	1.655291E+9
-694.51	-0.5	-0.002438	-0.009878	-0.01518	0	-0.014807	-0.212787	0.105488	1.655292E+9
-774.92	-0.55	-0.002906	-0.010079	-0.015049	0	-0.01456	-0.212787	0.106057	1.655293E+9
-855.25	-0.6	-0.002883	-0.010963	-0.014742	0	-0.014373	-0.212787	0.105258	1.655294E+9
-935.51	-0.65	-0.002841	-0.010596	-0.014872	0	-0.015324	-0.212787	0.10601	1.655295E+9
-1015.68	-0.7	-0.002026	-0.010128	-0.015495	0	-0.015552	-0.212787	0.10581	1.655296E+9
-1095.76	-0.75	-0.002383	-0.013263	-0.014993	0	-0.014696	-0.212787	0.105972	1.655297E+9
-1175.74	-0.8	-0.002506	-0.010892	-0.015555	0	-0.015421	-0.212787	0.105463	1.655298E+9
-1255.61	-0.85	-0.002822	-0.010083	-0.014754	0	-0.015797	-0.212787	0.105558	1.655299E+9
-1335.37	-0.9	4.659059	0.928298	-0.029187	0	-0.029246	-0.212787	0.105591	1.6553E+9
-1415.01	-0.95	5.170284	1.02851	-0.03019	0	-0.030236	-0.212787	0.105893	1.655301E+9
-1494.53	-1	5.353382	1.064397	-0.029699	0	-0.030326	-0.212787	0.105578	1.655302E+9
-1573.91	-1.05	5.41073	1.075673	-0.030284	0	-0.031203	-0.212787	0.105502	1.655303E+9
-1653.15	-1.1	5.415655	1.077476	-0.03057	0	-0.03097	-0.212787	0.106246	1.655304E+9
-1732.24	-1.15	5.416458	1.077869	-0.031206	0	-0.030856	-0.212787	0.106182	1.655305E+9
-1811.18	-1.2	5.416705	1.076541	-0.030482	0	-0.030821	-0.212787	0.105757	1.655306E+9
-1889.96	-1.25	5.415948	1.076992	-0.030789	0	-0.031218	-0.212787	0.105998	1.655307E+9
-1968.57	-1.3	5.415535	1.076966	-0.03044	0	-0.032023	-0.212787	0.10561	1.655308E+9
-2047	-1.35	5.414262	1.077964	-0.031027	0	-0.031523	-0.212787	0.105796	1.655309E+9
-2125.26	-1.4	5.414463	1.078259	-0.031528	0	-0.030624	-0.212787	0.105483	1.65531E+9
-2203.32	-1.45	5.413212	1.076115	-0.030829	0	-0.030905	-0.212787	0.105373	1.655311E+9
-2281.19	-1.5	5.413651	1.077025	-0.031362	0	-0.031322	-0.212787	0.105633	1.655312E+9
-2667.39	-1.75	5.412845	1.0754	-0.032034	0	-0.031166	-0.212787	0.105773	1.655313E+9
-3047.69	-2	5.412891	1.075442	-0.031235	0	-0.031092	-0.212787	0.106077	1.655314E+9
-3421.24	-2.25	5.411318	1.075319	-0.031336	0	-0.031488	-0.212787	0.105461	1.655315E+9
-3787.18	-2.5	5.410396	1.074607	-0.031599	0	-0.031209	-0.212787	0.105915	1.655316E+9
-4144.67	-2.75	5.409986	1.07465	-0.031446	0	-0.030934	-0.212787	0.105596	1.655317E+9
-4492.85	-3	5.407316	1.075491	-0.031986	0	-0.03146	-0.212787	0.106056	1.655318E+9
-4830.87	-3.25	5.405857	1.07594	-0.031001	0	-0.030504	-0.212787	0.10566	1.655319E+9
-5157.87	-3.5	5.405828	1.074591	-0.031594	0	-0.031439	-0.212787	0.105511	1.65532E+9
-5473	-3.75	5.403089	1.074208	-0.032042	0	-0.030589	-0.212787	0.105891	1.655321E+9
-5775.41	-4	5.400029	1.07515	-0.03154	0	-0.031662	-0.212787	0.105434	1.655322E+9
-6064.24	-4.25	5.399587	1.073279	-0.032134	0	-0.031366	-0.212787	0.105904	1.655323E+9
-6338.64	-4.5	5.397894	1.072785	-0.031658	0	-0.031676	-0.212787	0.105833	1.655324E+9
-6597.76	-4.75	5.395769	1.073753	-0.031397	0	-0.031167	-0.212787	0.105537	1.655325E+9
-6840.75	-5	5.395266	1.073207	-0.031096	0	-0.030655	-0.212787	0.10534	1.655326E+9
-6597.76	-4.75	5.396156	1.072431	-0.031612	0	-0.030894	-0.212787	0.105881	1.655327E+9
-6338.64	-4.5	5.397618	1.073721	-0.03106	0	-0.030955	-0.212787	0.105412	1.655328E+9
-6064.24	-4.25	5.399392	1.074162	-0.031895	0	-0.031073	-0.212787	0.105443	1.655329E+9
-5775.41	-4	5.401058	1.073662	-0.03094	0	-0.031013	-0.212787	0.105283	1.65533E+9
-5473	-3.75	5.400695	1.073698	-0.031348	0	-0.031485	-0.212787	0.105572	1.655331E+9
-5157.87	-3.5	5.403333	1.074611	-0.031302	0	-0.031512	-0.212787	0.105489	1.655332E+9
-4830.87	-3.25	5.403333	1.074679	-0.030914	0	-0.031726	-0.212787	0.105755	1.655333E+9
-4492.85	-3	5.405262	1.075706	-0.031109	0	-0.031514	-0.212787	0.105302	1.655334E+9
-4144.67	-2.75	5.40511	1.076599	-0.031102	0	-0.031359	-0.212787	0.105752	1.655335E+9
-3787.18	-2.5	5.405971	1.07476	-0.031532	0	-0.031175	-0.212787	0.10607	1.655336E+9
-3421.24	-2.25	5.407897	1.074247	-0.03111	0	-0.031433	-0.212787	0.106012	1.655337E+9
-3047.69	-2	5.407491	1.07491	-0.030992	0	-0.031033	-0.212787	0.105266	1.655338E+9
-2667.39	-1.75	5.408157	1.075647	-0.032053	0	-0.031555	-0.212787	0.106003	1.655339E+9
-2281.19	-1.5	5.408333	1.074227	-0.031932	0	-0.031642	-0.212787	0.105995	1.65534E+9
-2203.32	-1.45	5.408515	1.074637	-0.03183	0	-0.031443	-0.212787	0.105799	1.655341E+9
-2125.26	-1.4	5.408524	1.074312	-0.032659	0	-0.03126	-0.212787	0.105794	1.655342E+9
-2047	-1.35	5.407608	1.074741	-0.031389	0	-0.032421	-0.212787	0.105318	1.655343E+9
-1968.57	-1.3	5.40817	1.074757	-0.03186	0	-0.032407	-0.212787	0.105618	1.655344E+9
-1889.96	-1.25	5.407702	1.074806	-0.031883	0	-0.031739	-0.212787	0.105406	1.655345E+9
-1811.18	-1.2	5.40638	1.073769	-0.030626	0	-0.03218	-0.212787	0.10568	1.655346E+9
-1732.24	-1.15	5.407221	1.073893	-0.031478	0	-0.032105	-0.212787	0.10589	1.655347E+9
-1653.15	-1.1	5.405841	1.074318	-0.031852	0	-0.032496	-0.212787	0.105674	1.655348E+9
-1573.91	-1.05	5.406302	1.074419	-0.031751	0	-0.031456	-0.212787	0.105252	1.655349E+9
-1494.53	-1	5.405425	1.07528	-0.031934	0	-0.032409	-0.212787	0.105899	1.65535E+9
-1415.01	-0.95	5.406253	1.073451	-0.032082	0	-0.032036	-0.212787	0.105901	1.655351E+9
-1335.37	-0.9	5.405604	1.075283	-0.032621	0	-0.032074	-0.212787	0.105334	1.655352E+9
-1255.61	-0.85	5.40524	1.073867	-0.032844	0	-0.031861	-0.212787	0.105699	1.655353E+9
-1175.74	-0.8	5.405571	1.074403	-0.032357	0	-0.031969	-0.212787	0.105505	1.655354E+9
-1095.76	-0.75	5.405552	1.074234	-0.032306	0	-0.032498	-0.212787	0.105173	1.655355E+9
-1015.68	-0.7	5.406097	1.073483	-0.0323	0	-0.031848	-0.212787	0.105754	1.655356E+9
-935.51	-0.65	5.404782	1.076128	-0.032	0	-0.032311	-0.212787	0.105236	1.655357E+9
-855.25	-0.6	5.405714	1.074292	-0.032525	0	-0.031519	-0.212787	0.105341	1.655358E+9
-774.92	-0.55	5.405379	1.075183	-0.032057	0	-0.032728	-0.212787	0.105554	1.655359E+9
-694.51	-0.5	5.405119	1.07592	-0.032303	0	-0.032281	-0.212787	0.105672	1.65536E+9
-614.04	-0.45	5.405756	1.074955	-0.033248	0	-0.031866	-0.212787	0.105215	1.655361E+9
-533.51	-0.4	5.405451	1.07503	-0.031806	0	-0.03169	-0.212787	0.10567	1.655362E+9
-452.92	-0.35	5.405548	1.073964	-0.032574	0	-0.032578	-0.212787	0.10559	1.655363E+9
-372.3	-0.3	5.405945	1.07475	-0.032901	0	-0.032499	-0.212787	0.105944	1.655364E+9
-291.63	-0.25	5.405428	1.074575	-0.032736	0	-0.032334	-0.212787	0.10518	1.655365E+9
-210.93	-0.2	5.405613	1.075657	-0.032067	0	-0.031842	-0.212787	0.105746	1.655366E+9
-130.21	-0.15	5.404869	1.075491	-0.032313	0	-0.032699	-0.212787	0.105652	1.655367E+9
-49.47	-0.1	5.40445	1.073444	-0.032613	0	-0.032119	-0.212787	0.105226	1.655368E+9
31.27	-0.05	5.404564	1.07592	-0.032369	0	-0.03173	-0.212787	0.105237	1.655369E+9
112.03	0	5.403677	1.075069	-0.032297	0	-0.032407	-0.212787	0.105764	1.65537E+9
192.78	0.05	5.403953	1.075147	-0.032003	0	-0.032281	-0.212787	0.105244	1.655371E+9
273.52	0.1	5.404122	1.073987	-0.032603	0	-0.031837	-0.212787	0.105515	1.655372E+9
354.24	0.15	5.402212	1.075176	-0.03273	0	-0.032092	-0.212787	0.105026	1.655373E+9
434.94	0.2	5.403017	1.074676	-0.032575	0	-0.032673	-0.212787	0.105619	1.655374E+9
515.61	0.25	5.402261	1.075442	-0.032029	0	-0.031753	-0.212787	0.105709	1.655375E+9
596.24	0.3	5.402228	1.074182	-0.032996	0	-0.033001	-0.212787	0.105085	1.655376E+9
676.83	0.35	5.401331	1.075023	-0.033237	0	-0.032376	-0.212787	0.10535	1.655377E+9
757.37	0.4	5.40125	1.07591	-0.032931	0	-0.032324	-0.212787	0.105079	1.655378E+9
837.85	0.45	0.626952	0.113765	-0.018947	0	-0.018785	-0.212787	0.104858	1.655379E+9
918.26	0.5	0.226865	0.035342	-0.017929	0	-0.017662	-0.212787	0.10541	1.65538E+9
998.61	0.55	0.046924	0.000424	-0.01752	0	-0.017335	-0.212787	0.104805	1.655381E+9
1078.87	0.6	0.018819	-0.005736	-0.017156	0	-0.016626	-0.212787	0.104982	1.655382E+9
1159.05	0.65	0.013338	-0.006096	-0.017578	0	-0.017079	-0.212787	0.104709	1.655383E+9
1239.14	0.7	0.012727	-0.006632	-0.017397	0	-0.016577	-0.212787	0.104891	1.655384E+9
1319.13	0.75	0.013663	-0.007016	-0.016583	0	-0.016931	-0.212787	0.105397	1.655385E+9
1399.02	0.8	0.013052	-0.008127	-0.01768	0	-0.017689	-0.212787	0.104816	1.655386E+9
1478.79	0.85	0.013998	-0.006567	-0.017606	0	-0.016271	-0.212787	0.104719	1.655387E+9
1558.44	0.9	0.013939	-0.006197	-0.017277	0	-0.016458	-0.212787	0.105257	1.655388E+9
1637.97	0.95	0.014839	-0.007558	-0.016677	0	-0.016918	-0.212787	0.105293	1.655389E+9
1717.37	1	0.014378	-0.006736	-0.017405	0	-0.016727	-0.212787	0.105036	1.65539E+9
1796.62	1.05	0.01402	-0.006658	-0.017832	0	-0.017145	-0.212787	0.104773	1.655391E+9
1875.73	1.1	0.014218	-0.006944	-0.017687	0	-0.016758	-0.212787	0.104735	1.655392E+9
1954.69	1.15	0.015957	-0.007022	-0.016891	0	-0.017101	-0.212787	0.104601	1.655393E+9
2033.48	1.2	0.013981	-0.006314	-0.01748	0	-0.017459	-0.212787	0.105347	1.655394E+9
2112.11	1.25	0.015476	-0.00687	-0.017763	0	-0.017339	-0.212787	0.104884	1.655395E+9
2190.57	1.3	0.014482	-0.006795	-0.017409	0	-0.017514	-0.212787	0.105257	1.655396E+9
2268.84	1.35	0.016363	-0.006528	-0.017105	0	-0.01717	-0.212787	0.104779	1.655397E+9
2346.93	1.4	0.016012	-0.006113	-0.017163	0	-0.017366	-0.212787	0.104684	1.655398E+9
2424.82	1.45	0.015482	-0.00634	-0.017546	0	-0.016994	-0.212787	0.10468	1.655399E+9
2502.52	1.5	0.01622	-0.006476	-0.017168	0	-0.017024	-0.212787	0.105122	1.6554E+9
2887.73	1.75	0.016294	-0.005999	-0.017134	0	-0.016836	-0.212787	0.104625	1.655401E+9
3266.89	2	0.017626	-0.005258	-0.017173	0	-0.017484	-0.212787	0.104779	1.655402E+9
3639.15	2.25	0.017737	-0.006145	-0.017078	0	-0.017016	-0.212787	0.105244	1.655403E+9
4003.65	2.5	0.018949	-0.006584	-0.017074	0	-0.016745	-0.212787	0.105049	1.655404E+9
4359.54	2.75	0.020739	-0.006506	-0.017451	0	-0.016373	-0.212787	0.105128	1.655405E+9
4705.98	3	0.019901	-0.005752	-0.017443	0	-0.01758	-0.212787	0.104512	1.655406E+9
5042.1	3.25	0.02159	-0.00543	-0.016698	0	-0.017161	-0.212787	0.104525	1.655407E+9
5367.05	3.5	0.022129	-0.006145	-0.01686	0	-0.016638	-0.212787	0.105142	1.655408E+9
5679.98	3.75	0.02261	-0.004833	-0.017483	0	-0.017121	-0.212787	0.104705	1.655409E+9
5980.04	4	0.023523	-0.005771	-0.017266	0	-0.01643	-0.212787	0.104457	1.65541E+9
6266.37	4.25	0.02465	-0.003829	-0.017432	0	-0.017232	-0.212787	0.104479	1.655411E+9
6538.11	4.5	0.025852	-0.00453	-0.016941	0	-0.016914	-0.212787	0.105143	1.655412E+9
6794.43	4.75	0.025391	-0.003998	-0.017527	0	-0.016899	-0.212787	0.104859	1.655413E+9
7034.46	5	0.027243	-0.002961	-0.017228	0	-0.016611	-0.212787	0.105037	1.655414E+9
