19/05/2022	17:23

Si\Pt3\(Co88Tb12)75\Pt3-20220426_APRD1

Field	Kepco	Channel A	Channel B	Agilent	0	RF out	Monitor+	Monitor-	Time
8265.94	7	5.163446	-0.113472	0.044437	0	0.044863	-0.212787	0.07473	2.957919E+9
8204.61	6.8	5.161344	-0.113547	0.044964	0	0.044617	-0.212787	0.074758	2.95792E+9
8128.37	6.6	5.162516	-0.125688	0.044343	0	0.044278	-0.212787	0.07488	2.957921E+9
8037.67	6.4	5.161974	-0.119564	0.044595	0	0.045513	-0.212787	0.074593	2.957922E+9
7932.95	6.2	5.1702	-0.118644	0.044185	0	0.045463	-0.212787	0.074723	2.957923E+9
7814.63	6	5.16968	-0.123492	0.045258	0	0.044647	-0.212787	0.074665	2.957924E+9
7683.15	5.8	5.167078	-0.116991	0.044937	0	0.045561	-0.212787	0.074631	2.957925E+9
7538.96	5.6	5.169358	-0.123216	0.044897	0	0.044208	-0.212787	0.07478	2.957926E+9
7382.49	5.4	5.180174	-0.122699	0.04391	0	0.045003	-0.212787	0.074732	2.957927E+9
7214.18	5.2	5.174332	-0.11702	0.045353	0	0.044017	-0.212787	0.074866	2.957928E+9
7034.46	5	5.173689	-0.115042	0.044198	0	0.044875	-0.212787	0.074898	2.957929E+9
6843.76	4.8	5.177126	-0.116806	0.044814	0	0.045732	-0.212787	0.074658	2.95793E+9
6642.54	4.6	5.176938	-0.117014	0.043963	0	0.045729	-0.212787	0.0749	2.957931E+9
6431.22	4.4	5.17774	-0.123102	0.045265	0	0.045632	-0.212787	0.074772	2.957932E+9
6210.24	4.2	5.176126	-0.116965	0.044931	0	0.046192	-0.212787	0.074806	2.957933E+9
5980.04	4	5.179355	-0.118635	0.045956	0	0.044968	-0.212787	0.074659	2.957934E+9
5741.05	3.8	5.184647	-0.120422	0.046165	0	0.044734	-0.212787	0.074853	2.957935E+9
5493.71	3.6	5.179173	-0.118784	0.045531	0	0.045202	-0.212787	0.074893	2.957936E+9
5238.46	3.4	5.184836	-0.121396	0.045975	0	0.045619	-0.212787	0.07465	2.957937E+9
4975.74	3.2	5.188868	-0.120597	0.045525	0	0.044699	-0.212787	0.074743	2.957938E+9
4705.98	3	5.188582	-0.119989	0.04441	0	0.044397	-0.212787	0.074606	2.957939E+9
4429.62	2.8	5.190008	-0.125847	0.04594	0	0.045481	-0.212787	0.074628	2.95794E+9
4147.09	2.6	5.183211	-0.122078	0.044888	0	0.045012	-0.212787	0.074739	2.957941E+9
3858.83	2.4	5.182139	-0.116055	0.044952	0	0.045086	-0.212787	0.074487	2.957942E+9
3565.29	2.2	5.186928	-0.122991	0.043818	0	0.045405	-0.212787	0.074631	2.957943E+9
3266.89	2	5.189202	-0.1151	0.045004	0	0.044922	-0.212787	0.074907	2.957944E+9
2964.07	1.8	5.187747	-0.122215	0.045117	0	0.045718	-0.212787	0.074855	2.957945E+9
2657.27	1.6	5.19095	-0.113924	0.044289	0	0.044692	-0.212787	0.074741	2.957946E+9
2346.93	1.4	5.189085	-0.120503	0.044884	0	0.044536	-0.212787	0.074868	2.957947E+9
2033.48	1.2	5.186779	-0.116019	0.045206	0	0.045558	-0.212787	0.07492	2.957948E+9
1717.37	1	5.185102	-0.119837	0.044867	0	0.045011	-0.212787	0.074786	2.957949E+9
1399.02	0.8	5.187227	-0.119103	0.044799	0	0.046031	-0.212787	0.074652	2.95795E+9
1078.87	0.6	5.180544	-0.117868	0.045624	0	0.045743	-0.212787	0.074576	2.957951E+9
757.37	0.4	5.182393	-0.11922	0.044383	0	0.045606	-0.212787	0.074658	2.957952E+9
434.94	0.2	5.180638	-0.122741	0.044582	0	0.044708	-0.212787	0.074769	2.957953E+9
112.03	0	5.181957	-0.121325	0.045427	0	0.045923	-0.212787	0.07469	2.957954E+9
-210.93	-0.2	5.183826	-0.125318	0.045125	0	0.046077	-0.212787	0.074882	2.957955E+9
-533.51	-0.4	5.180164	-0.118826	0.044501	0	0.044703	-0.212787	0.074842	2.957956E+9
-855.25	-0.6	5.174943	-0.116695	0.045155	0	0.045961	-0.212787	0.074674	2.957957E+9
-1175.74	-0.8	5.173293	-0.120041	0.045245	0	0.046215	-0.212787	0.074885	2.957958E+9
-1494.53	-1	5.171522	-0.117475	0.044711	0	0.04518	-0.212787	0.074735	2.957959E+9
-1811.18	-1.2	5.163641	-0.115282	0.045287	0	0.045645	-0.212787	0.074516	2.95796E+9
-2125.26	-1.4	0.211775	0.015869	0.038757	0	0.039267	-0.212787	0.07473	2.957961E+9
-2436.33	-1.6	-2.63383	0.091173	0.035799	0	0.035634	-0.212787	0.074766	2.957962E+9
-2743.95	-1.8	-4.129707	0.132371	0.033804	0	0.033889	-0.212787	0.074898	2.957963E+9
-3047.69	-2	-5.038511	0.148436	0.033376	0	0.03246	-0.212787	0.075073	2.957964E+9
-3347.11	-2.2	-5.241231	0.156181	0.033173	0	0.033282	-0.212787	0.074917	2.957965E+9
-3641.77	-2.4	-5.267007	0.157637	0.033391	0	0.032661	-0.212787	0.074978	2.957966E+9
-3931.24	-2.6	-5.272494	0.155103	0.033279	0	0.033016	-0.212787	0.074855	2.957967E+9
-4215.08	-2.8	-5.270074	0.15981	0.03301	0	0.032291	-0.212787	0.074968	2.957968E+9
-4492.85	-3	-5.274538	0.155561	0.033756	0	0.032968	-0.212787	0.074994	2.957969E+9
-4764.12	-3.2	-5.275834	0.153543	0.03297	0	0.032842	-0.212787	0.075044	2.95797E+9
-5028.44	-3.4	-5.270626	0.157838	0.033336	0	0.033454	-0.212787	0.075067	2.957971E+9
-5285.39	-3.6	-5.269739	0.159917	0.032938	0	0.032757	-0.212787	0.075023	2.957972E+9
-5534.53	-3.8	-5.275402	0.160908	0.032575	0	0.033515	-0.212787	0.075087	2.957973E+9
-5775.41	-4	-5.273271	0.15918	0.032723	0	0.032728	-0.212787	0.074849	2.957974E+9
-6007.6	-4.2	-5.277637	0.156532	0.033257	0	0.033027	-0.212787	0.074942	2.957975E+9
-6230.67	-4.4	-5.272462	0.152627	0.033422	0	0.03338	-0.212787	0.074948	2.957976E+9
-6444.17	-4.6	-5.270467	0.158543	0.032888	0	0.032574	-0.212787	0.074722	2.957977E+9
-6647.68	-4.8	-5.273154	0.161217	0.033301	0	0.0326	-0.212787	0.074686	2.957978E+9
-6840.75	-5	-5.269141	0.157354	0.033225	0	0.034267	-0.212787	0.074696	2.957979E+9
-7022.95	-5.2	-5.267712	0.158173	0.03315	0	0.033484	-0.212787	0.074646	2.95798E+9
-7193.84	-5.4	-5.269005	0.160411	0.033656	0	0.03321	-0.212787	0.074704	2.957981E+9
-7352.98	-5.6	-5.268982	0.157192	0.03373	0	0.033303	-0.212787	0.074993	2.957982E+9
-7499.94	-5.8	-5.266393	0.160174	0.033654	0	0.034264	-0.212787	0.074875	2.957983E+9
-7634.28	-6	-5.265012	0.162789	0.033257	0	0.034024	-0.212787	0.075018	2.957984E+9
-7755.56	-6.2	-5.265954	0.156945	0.034182	0	0.033458	-0.212787	0.074943	2.957985E+9
-7863.34	-6.4	-5.263219	0.160388	0.033835	0	0.032872	-0.212787	0.074837	2.957986E+9
-7957.2	-6.6	-5.26292	0.156906	0.033658	0	0.033972	-0.212787	0.075021	2.957987E+9
-8036.69	-6.8	-5.260282	0.161324	0.033889	0	0.033513	-0.212787	0.074801	2.957988E+9
-8101.38	-7	-5.259593	0.15392	0.033843	0	0.034169	-0.212787	0.074689	2.957989E+9
-8036.69	-6.8	-5.262563	0.15906	0.033373	0	0.033934	-0.212787	0.07485	2.95799E+9
-7957.2	-6.6	-5.264167	0.158582	0.033667	0	0.034039	-0.212787	0.074676	2.957991E+9
-7863.34	-6.4	-5.260724	0.154125	0.033643	0	0.034127	-0.212787	0.074743	2.957992E+9
-7755.56	-6.2	-5.265054	0.153413	0.032999	0	0.03393	-0.212787	0.074812	2.957993E+9
-7634.28	-6	-5.262345	0.163904	0.033286	0	0.034357	-0.212787	0.07464	2.957994E+9
-7499.94	-5.8	-5.264908	0.159784	0.033952	0	0.033565	-0.212787	0.074634	2.957995E+9
-7352.98	-5.6	-5.26881	0.155408	0.033916	0	0.033636	-0.212787	0.074764	2.957996E+9
-7193.84	-5.4	-5.27291	0.15455	0.033742	0	0.033557	-0.212787	0.074639	2.957997E+9
-7022.95	-5.2	-5.268583	0.161155	0.033872	0	0.034109	-0.212787	0.074673	2.957998E+9
-6840.75	-5	-5.273501	0.156727	0.033039	0	0.03388	-0.212787	0.074866	2.957999E+9
-6647.68	-4.8	-5.274801	0.160262	0.034074	0	0.033491	-0.212787	0.074592	2.958E+9
-6444.17	-4.6	-5.277289	0.164388	0.033823	0	0.033627	-0.212787	0.074943	2.958001E+9
-6230.67	-4.4	-5.279976	0.162513	0.0337	0	0.033804	-0.212787	0.07496	2.958002E+9
-6007.6	-4.2	-5.275594	0.157659	0.03341	0	0.033728	-0.212787	0.074676	2.958003E+9
-5775.41	-4	-5.274297	0.1598	0.032624	0	0.0336	-0.212787	0.074637	2.958004E+9
-5534.53	-3.8	-5.272575	0.158371	0.034096	0	0.033864	-0.212787	0.07478	2.958005E+9
-5285.39	-3.6	-5.281191	0.158449	0.03423	0	0.033513	-0.212787	0.074526	2.958006E+9
-5028.44	-3.4	-5.281903	0.156734	0.034476	0	0.033055	-0.212787	0.074795	2.958007E+9
-4764.12	-3.2	-5.278245	0.155197	0.034367	0	0.033603	-0.212787	0.074923	2.958008E+9
-4492.85	-3	-5.275931	0.162143	0.0338	0	0.032585	-0.212787	0.074847	2.958009E+9
-4215.08	-2.8	-5.282666	0.156867	0.033165	0	0.033289	-0.212787	0.074859	2.95801E+9
-3931.24	-2.6	-5.278979	0.156919	0.034101	0	0.033035	-0.212787	0.074848	2.958011E+9
-3641.77	-2.4	-5.282198	0.155973	0.032975	0	0.033212	-0.212787	0.074889	2.958012E+9
-3347.11	-2.2	-5.27623	0.157292	0.03316	0	0.033895	-0.212787	0.074838	2.958013E+9
-3047.69	-2	-5.27444	0.156279	0.03381	0	0.032955	-0.212787	0.074684	2.958014E+9
-2743.95	-1.8	-5.285158	0.159781	0.034133	0	0.033283	-0.212787	0.07483	2.958015E+9
-2436.33	-1.6	-5.277611	0.159869	0.033664	0	0.033779	-0.212787	0.074944	2.958016E+9
-2125.26	-1.4	-5.283352	0.157838	0.034456	0	0.033669	-0.212787	0.074695	2.958017E+9
-1811.18	-1.2	-5.277163	0.156971	0.034597	0	0.033834	-0.212787	0.07484	2.958018E+9
-1494.53	-1	-5.271659	0.157832	0.034631	0	0.034128	-0.212787	0.074903	2.958019E+9
-1175.74	-0.8	-5.277627	0.154752	0.033662	0	0.033756	-0.212787	0.074825	2.95802E+9
-855.25	-0.6	-5.272173	0.156867	0.03348	0	0.034291	-0.212787	0.074781	2.958021E+9
-533.51	-0.4	-5.264281	0.158693	0.0336	0	0.033071	-0.212787	0.074858	2.958022E+9
-210.93	-0.2	-5.274037	0.153962	0.033617	0	0.033519	-0.212787	0.074732	2.958023E+9
112.03	0	-5.268878	0.155655	0.034248	0	0.034864	-0.212787	0.074706	2.958024E+9
434.94	0.2	-5.267465	0.155915	0.033402	0	0.03378	-0.212787	0.074636	2.958025E+9
757.37	0.4	-5.263073	0.151604	0.033333	0	0.032974	-0.212787	0.074944	2.958026E+9
1078.87	0.6	-5.266887	0.15546	0.034379	0	0.033524	-0.212787	0.074865	2.958027E+9
1399.02	0.8	-5.244138	0.15557	0.033532	0	0.034032	-0.212787	0.074855	2.958028E+9
1717.37	1	0.733873	0.000164	0.041319	0	0.041119	-0.212787	0.074587	2.958029E+9
2033.48	1.2	2.916739	-0.058782	0.043588	0	0.043242	-0.212787	0.074527	2.95803E+9
2346.93	1.4	4.291517	-0.094626	0.04568	0	0.045489	-0.212787	0.074457	2.958031E+9
2657.27	1.6	5.00859	-0.111669	0.047347	0	0.046337	-0.212787	0.07448	2.958032E+9
2964.07	1.8	5.133037	-0.113875	0.04677	0	0.047017	-0.212787	0.074661	2.958033E+9
3266.89	2	5.155444	-0.11972	0.047254	0	0.046396	-0.212787	0.07457	2.958034E+9
3565.29	2.2	5.15891	-0.115175	0.046946	0	0.046251	-0.212787	0.074391	2.958035E+9
3858.83	2.4	5.153657	-0.115162	0.047334	0	0.046478	-0.212787	0.074491	2.958036E+9
4147.09	2.6	5.158504	-0.116702	0.046291	0	0.047081	-0.212787	0.074664	2.958037E+9
4429.62	2.8	5.162318	-0.115656	0.046038	0	0.046485	-0.212787	0.074633	2.958038E+9
4705.98	3	5.158387	-0.116205	0.045601	0	0.046333	-0.212787	0.074508	2.958039E+9
4975.74	3.2	5.151224	-0.112631	0.046104	0	0.046748	-0.212787	0.074472	2.95804E+9
5238.46	3.4	5.155778	-0.111026	0.046423	0	0.046937	-0.212787	0.074531	2.958041E+9
5493.71	3.6	5.151779	-0.121971	0.04705	0	0.046727	-0.212787	0.074288	2.958042E+9
5741.05	3.8	5.153774	-0.116705	0.047999	0	0.047022	-0.212787	0.074325	2.958043E+9
5980.04	4	5.156149	-0.121767	0.046941	0	0.047107	-0.212787	0.074467	2.958044E+9
6210.24	4.2	5.153433	-0.113814	0.048666	0	0.046773	-0.212787	0.07439	2.958045E+9
6431.22	4.4	5.149362	-0.119271	0.047875	0	0.047009	-0.212787	0.074437	2.958046E+9
6642.54	4.6	5.145434	-0.11729	0.046963	0	0.048175	-0.212787	0.074451	2.958047E+9
6843.76	4.8	5.136662	-0.117079	0.046876	0	0.046783	-0.212787	0.074462	2.958048E+9
7034.46	5	5.145242	-0.115103	0.047137	0	0.047338	-0.212787	0.074454	2.958049E+9
7214.18	5.2	5.140324	-0.118739	0.047156	0	0.047441	-0.212787	0.074318	2.95805E+9
7382.49	5.4	5.135161	-0.119142	0.046889	0	0.047654	-0.212787	0.074507	2.958051E+9
7538.96	5.6	5.140116	-0.118186	0.046958	0	0.047342	-0.212787	0.074393	2.958052E+9
7683.15	5.8	5.132289	-0.120483	0.048618	0	0.047437	-0.212787	0.074462	2.958053E+9
7814.63	6	5.129508	-0.117361	0.048525	0	0.047434	-0.212787	0.074498	2.958054E+9
7932.95	6.2	5.131675	-0.118245	0.047494	0	0.046605	-0.212787	0.074302	2.958055E+9
8037.67	6.4	5.126513	-0.115444	0.048261	0	0.047223	-0.212787	0.074198	2.958056E+9
8128.37	6.6	5.129203	-0.117332	0.047311	0	0.047592	-0.212787	0.074561	2.958057E+9
8204.61	6.8	5.132127	-0.116897	0.047893	0	0.047336	-0.212787	0.074301	2.958058E+9
8265.94	7	5.13176	-0.119496	0.048042	0	0.046526	-0.212787	0.074439	2.958059E+9
