20/05/2022	14:28

CoTb

Field	Kepco	Channel A	Channel B	Agilent	0	RF out	Monitor+	Monitor-	Time
8265.94	7	4.586279	-0.254347	0.017036	0	0.01737	-0.212787	0.074212	3.033635E+9
8237.17	6.9	4.590684	-0.254694	0.017852	0	0.017069	-0.212787	0.074284	3.033635E+9
8204.61	6.8	4.588063	-0.252914	0.016894	0	0.016217	-0.212787	0.074183	3.033636E+9
8168.33	6.7	4.591578	-0.251553	0.017636	0	0.017113	-0.212787	0.074303	3.033637E+9
8128.37	6.6	4.589794	-0.258632	0.01708	0	0.017912	-0.212787	0.074188	3.033638E+9
8084.8	6.5	4.59455	-0.258359	0.018064	0	0.017678	-0.212787	0.074254	3.033639E+9
8037.67	6.4	4.595164	-0.252599	0.017045	0	0.017256	-0.212787	0.074339	3.03364E+9
7987.04	6.3	4.593745	-0.254041	0.018124	0	0.017004	-0.212787	0.074338	3.033641E+9
7932.95	6.2	4.596942	-0.257804	0.016877	0	0.016962	-0.212787	0.074182	3.033642E+9
7875.46	6.1	4.588371	-0.254876	0.01613	0	0.017005	-0.212787	0.074266	3.033643E+9
7814.63	6	4.598387	-0.255273	0.01705	0	0.017029	-0.212787	0.074209	3.033644E+9
7750.51	5.9	4.597101	-0.259798	0.01764	0	0.017403	-0.212787	0.074206	3.033645E+9
7683.15	5.8	4.59585	-0.254854	0.016213	0	0.017394	-0.212787	0.07433	3.033646E+9
7612.62	5.7	4.600548	-0.257953	0.016463	0	0.017344	-0.212787	0.074255	3.033647E+9
7538.96	5.6	4.601324	-0.257167	0.015773	0	0.017087	-0.212787	0.074249	3.033648E+9
7462.23	5.5	4.604073	-0.252258	0.016305	0	0.016108	-0.212787	0.074253	3.033649E+9
7382.49	5.4	4.600177	-0.25627	0.017269	0	0.017028	-0.212787	0.074181	3.03365E+9
7299.79	5.3	4.600441	-0.251413	0.016692	0	0.016618	-0.212787	0.074271	3.033651E+9
7214.18	5.2	4.600869	-0.255861	0.016248	0	0.016972	-0.212787	0.074286	3.033652E+9
7125.71	5.1	4.597452	-0.251368	0.016986	0	0.01674	-0.212787	0.07418	3.033653E+9
7034.46	5	4.60009	-0.251468	0.017872	0	0.016698	-0.212787	0.074144	3.033654E+9
6940.45	4.9	4.598235	-0.254522	0.016045	0	0.018569	-0.212787	0.074203	3.033655E+9
6843.76	4.8	4.601399	-0.2546	0.017185	0	0.015864	-0.212787	0.074166	3.033656E+9
6744.44	4.7	4.596055	-0.257177	0.017078	0	0.016371	-0.212787	0.074258	3.033657E+9
6642.54	4.6	4.604102	-0.259808	0.016542	0	0.016802	-0.212787	0.074316	3.033658E+9
6538.11	4.5	4.605821	-0.255055	0.016319	0	0.016648	-0.212787	0.074299	3.033659E+9
6431.22	4.4	4.607104	-0.25576	0.017078	0	0.016494	-0.212787	0.074337	3.03366E+9
6321.91	4.3	4.603277	-0.253203	0.017094	0	0.016956	-0.212787	0.074237	3.033661E+9
6210.24	4.2	4.605226	-0.25716	0.018242	0	0.01762	-0.212787	0.074239	3.033662E+9
6096.26	4.1	4.599921	-0.25447	0.016732	0	0.016722	-0.212787	0.074259	3.033663E+9
5980.04	4	4.605736	-0.253057	0.017365	0	0.016157	-0.212787	0.074197	3.033664E+9
5861.61	3.9	4.608147	-0.258762	0.01755	0	0.017644	-0.212787	0.074365	3.033665E+9
5741.05	3.8	4.603433	-0.256169	0.016911	0	0.016522	-0.212787	0.074311	3.033666E+9
5618.4	3.7	4.607312	-0.254818	0.016637	0	0.016408	-0.212787	0.074255	3.033667E+9
5493.71	3.6	4.606006	-0.255669	0.015925	0	0.016654	-0.212787	0.07433	3.033668E+9
5367.05	3.5	4.608033	-0.255192	0.017462	0	0.016291	-0.212787	0.074308	3.033669E+9
5238.46	3.4	4.6033	-0.258278	0.016638	0	0.015838	-0.212787	0.074345	3.03367E+9
5108.01	3.3	4.603137	-0.257768	0.016274	0	0.016524	-0.212787	0.07427	3.033671E+9
4975.74	3.2	4.59611	-0.257112	0.016145	0	0.016588	-0.212787	0.074198	3.033672E+9
4841.71	3.1	4.607413	-0.257183	0.016845	0	0.017022	-0.212787	0.07413	3.033673E+9
4705.98	3	4.600853	-0.253138	0.016467	0	0.016414	-0.212787	0.074184	3.033674E+9
4568.59	2.9	4.600015	-0.253444	0.015964	0	0.016524	-0.212787	0.074302	3.033675E+9
4429.62	2.8	4.597172	-0.255247	0.01606	0	0.016476	-0.212787	0.074295	3.033676E+9
4289.09	2.7	4.601506	-0.25192	0.017108	0	0.016336	-0.212787	0.074248	3.033677E+9
4147.09	2.6	4.598023	-0.257056	0.017205	0	0.016161	-0.212787	0.074206	3.033678E+9
4003.65	2.5	4.598475	-0.255741	0.016684	0	0.017231	-0.212787	0.074315	3.033679E+9
3858.83	2.4	4.599297	-0.253431	0.016321	0	0.016226	-0.212787	0.074236	3.03368E+9
3712.69	2.3	4.589336	-0.248772	0.017401	0	0.015778	-0.212787	0.074155	3.033681E+9
3565.29	2.2	4.598452	-0.257004	0.016444	0	0.015508	-0.212787	0.074203	3.033682E+9
3416.67	2.1	4.596805	-0.249928	0.016949	0	0.016671	-0.212787	0.074257	3.033683E+9
3266.89	2	4.595457	-0.257765	0.017589	0	0.015946	-0.212787	0.074223	3.033684E+9
3116	1.9	4.59252	-0.255094	0.016108	0	0.016447	-0.212787	0.074286	3.033685E+9
2964.07	1.8	4.593728	-0.255568	0.016715	0	0.016058	-0.212787	0.074337	3.033686E+9
2811.14	1.7	4.593612	-0.256429	0.01587	0	0.016835	-0.212787	0.074205	3.033687E+9
2657.27	1.6	4.584742	-0.259681	0.016172	0	0.015489	-0.212787	0.074294	3.033688E+9
2502.52	1.5	4.591958	-0.256566	0.015313	0	0.016275	-0.212787	0.074275	3.033689E+9
2346.93	1.4	4.589239	-0.260838	0.015898	0	0.017203	-0.212787	0.074175	3.03369E+9
2190.57	1.3	4.581822	-0.249977	0.016734	0	0.015521	-0.212787	0.074268	3.033691E+9
2033.48	1.2	4.584414	-0.25614	0.01522	0	0.015743	-0.212787	0.074191	3.033692E+9
1875.73	1.1	4.581568	-0.258349	0.014994	0	0.016112	-0.212787	0.074207	3.033693E+9
1717.37	1	4.586393	-0.257086	0.015734	0	0.015352	-0.212787	0.074221	3.033694E+9
1558.44	0.9	4.578472	-0.25562	0.015914	0	0.016427	-0.212787	0.074121	3.033695E+9
1399.02	0.8	4.575009	-0.252865	0.015022	0	0.0161	-0.212787	0.074213	3.033696E+9
1239.14	0.7	4.579863	-0.252729	0.015274	0	0.016873	-0.212787	0.074212	3.033697E+9
1078.87	0.6	4.574401	-0.254899	0.016071	0	0.015716	-0.212787	0.074135	3.033698E+9
918.26	0.5	4.576169	-0.251446	0.015748	0	0.016247	-0.212787	0.07424	3.033699E+9
757.37	0.4	4.568472	-0.25474	0.015758	0	0.016021	-0.212787	0.074203	3.0337E+9
596.24	0.3	4.572852	-0.254113	0.016098	0	0.016774	-0.212787	0.074178	3.033701E+9
434.94	0.2	4.566594	-0.2523	0.015555	0	0.015994	-0.212787	0.074272	3.033702E+9
273.52	0.1	4.565831	-0.252407	0.015729	0	0.016135	-0.212787	0.074311	3.033703E+9
112.03	0	4.559155	-0.252196	0.015405	0	0.016296	-0.212787	0.074145	3.033704E+9
-49.47	-0.1	4.56293	-0.253077	0.015741	0	0.015665	-0.212787	0.074276	3.033705E+9
-210.93	-0.2	4.554018	-0.255364	0.015579	0	0.015531	-0.212787	0.074227	3.033706E+9
-372.3	-0.3	4.550022	-0.251023	0.015233	0	0.015292	-0.212787	0.074263	3.033707E+9
-533.51	-0.4	4.55086	-0.251865	0.015079	0	0.016112	-0.212787	0.07433	3.033708E+9
-694.51	-0.5	4.549203	-0.250988	0.016073	0	0.015358	-0.212787	0.074128	3.033709E+9
-855.25	-0.6	4.537855	-0.254415	0.015496	0	0.015317	-0.212787	0.074232	3.03371E+9
-1015.68	-0.7	4.541468	-0.250019	0.01513	0	0.016045	-0.212787	0.074197	3.033711E+9
-1175.74	-0.8	4.529564	-0.252326	0.015896	0	0.016008	-0.212787	0.074181	3.033712E+9
-1335.37	-0.9	4.480007	-0.249321	0.015417	0	0.016465	-0.212787	0.074221	3.033713E+9
-1494.53	-1	4.205959	-0.229065	0.015285	0	0.015963	-0.212787	0.074247	3.033714E+9
-1653.15	-1.1	2.781445	-0.141419	0.012479	0	0.013684	-0.212787	0.074309	3.033715E+9
-1811.18	-1.2	1.019274	-0.036979	0.011033	0	0.011577	-0.212787	0.074346	3.033716E+9
-1968.57	-1.3	0.001402	0.026899	0.008792	0	0.010086	-0.212787	0.074323	3.033717E+9
-2125.26	-1.4	-0.709783	0.071511	0.009194	0	0.008784	-0.212787	0.074241	3.033718E+9
-2281.19	-1.5	-1.276322	0.10588	0.008396	0	0.009149	-0.212787	0.074369	3.033719E+9
-2436.33	-1.6	-1.765101	0.136909	0.008637	0	0.008249	-0.212787	0.074276	3.03372E+9
-2590.6	-1.7	-2.215069	0.159729	0.007612	0	0.007448	-0.212787	0.074426	3.033721E+9
-2743.95	-1.8	-2.639269	0.189498	0.006278	0	0.007488	-0.212787	0.074336	3.033722E+9
-2896.33	-1.9	-3.058556	0.213191	0.007171	0	0.006654	-0.212787	0.074433	3.033723E+9
-3047.69	-2	-3.478601	0.236446	0.006251	0	0.005617	-0.212787	0.074292	3.033724E+9
-3197.97	-2.1	-3.926241	0.265958	0.004816	0	0.005768	-0.212787	0.07455	3.033725E+9
-3347.11	-2.2	-4.384154	0.293995	0.00501	0	0.005003	-0.212787	0.074366	3.033726E+9
-3495.06	-2.3	-4.840467	0.323868	0.004426	0	0.00491	-0.212787	0.074439	3.033727E+9
-3641.77	-2.4	-5.268089	0.347919	0.00359	0	0.003247	-0.212787	0.074453	3.033728E+9
-3787.18	-2.5	-5.596145	0.366807	0.002364	0	0.004168	-0.212787	0.074367	3.033729E+9
-3931.24	-2.6	-5.799284	0.377074	0.003622	0	0.003944	-0.212787	0.074579	3.03373E+9
-4073.89	-2.7	-5.896372	0.388149	0.00379	0	0.002952	-0.212787	0.074461	3.033731E+9
-4215.08	-2.8	-5.936989	0.388418	0.003379	0	0.003768	-0.212787	0.07432	3.033732E+9
-4354.75	-2.9	-5.943548	0.3844	0.002988	0	0.003182	-0.212787	0.074401	3.033733E+9
-4492.85	-3	-5.952313	0.389322	0.003262	0	0.003762	-0.212787	0.074444	3.033734E+9
-4629.32	-3.1	-5.954942	0.385261	0.003895	0	0.002711	-0.212787	0.074466	3.033735E+9
-4764.12	-3.2	-5.959756	0.381817	0.002802	0	0.003904	-0.212787	0.074455	3.033736E+9
-4897.18	-3.3	-5.95784	0.395007	0.003405	0	0.003646	-0.212787	0.074381	3.033737E+9
-5028.44	-3.4	-5.965854	0.390689	0.003509	0	0.003404	-0.212787	0.074564	3.033738E+9
-5157.87	-3.5	-5.963902	0.387827	0.003153	0	0.003452	-0.212787	0.074444	3.033739E+9
-5285.39	-3.6	-5.963895	0.391391	0.002579	0	0.003833	-0.212787	0.074448	3.03374E+9
-5410.96	-3.7	-5.963392	0.385251	0.00402	0	0.002895	-0.212787	0.07444	3.033741E+9
-5534.53	-3.8	-5.966592	0.386622	0.002629	0	0.00244	-0.212787	0.074461	3.033742E+9
-5656.02	-3.9	-5.975094	0.397834	0.003647	0	0.003291	-0.212787	0.074535	3.033743E+9
-5775.41	-4	-5.968216	0.390579	0.003798	0	0.004153	-0.212787	0.074479	3.033744E+9
-5892.62	-4.1	-5.970858	0.389192	0.003256	0	0.003653	-0.212787	0.074633	3.033745E+9
-6007.6	-4.2	-5.97037	0.391333	0.00307	0	0.003756	-0.212787	0.074417	3.033746E+9
-6120.3	-4.3	-5.966875	0.393467	0.003541	0	0.003824	-0.212787	0.074379	3.033747E+9
-6230.67	-4.4	-5.969487	0.390647	0.00494	0	0.003793	-0.212787	0.074445	3.033748E+9
-6338.64	-4.5	-5.973629	0.3862	0.003792	0	0.003791	-0.212787	0.074591	3.033749E+9
-6444.17	-4.6	-5.970497	0.387064	0.003043	0	0.005321	-0.212787	0.074599	3.03375E+9
-6547.2	-4.7	-5.973944	0.392603	0.004594	0	0.003716	-0.212787	0.074608	3.033751E+9
-6647.68	-4.8	-5.969766	0.383935	0.004567	0	0.003829	-0.212787	0.074587	3.033752E+9
-6745.55	-4.9	-5.972219	0.383747	0.003887	0	0.005047	-0.212787	0.07462	3.033753E+9
-6840.75	-5	-5.974555	0.389387	0.004147	0	0.004147	-0.212787	0.07456	3.033754E+9
-6933.24	-5.1	-5.968005	0.392021	0.004544	0	0.003947	-0.212787	0.074553	3.033755E+9
-7022.95	-5.2	-5.973648	0.390157	0.004507	0	0.003915	-0.212787	0.074555	3.033756E+9
-7109.83	-5.3	-5.969571	0.387681	0.0045	0	0.004422	-0.212787	0.074626	3.033757E+9
-7193.84	-5.4	-5.970695	0.390186	0.003415	0	0.004938	-0.212787	0.074534	3.033758E+9
-7274.9	-5.5	-5.974915	0.392421	0.004643	0	0.003864	-0.212787	0.074559	3.033759E+9
-7352.98	-5.6	-5.973369	0.394026	0.004131	0	0.004105	-0.212787	0.0746	3.03376E+9
-7428.01	-5.7	-5.974724	0.39247	0.004554	0	0.005072	-0.212787	0.07453	3.033761E+9
-7499.94	-5.8	-5.970065	0.392707	0.004822	0	0.004391	-0.212787	0.074592	3.033762E+9
-7568.71	-5.9	-5.972687	0.387733	0.004448	0	0.003102	-0.212787	0.074597	3.033763E+9
-7634.28	-6	-5.972069	0.390118	0.003953	0	0.004595	-0.212787	0.07461	3.033764E+9
-7696.58	-6.1	-5.966572	0.386869	0.004718	0	0.003212	-0.212787	0.074549	3.033765E+9
-7755.56	-6.2	-5.976969	0.387577	0.004052	0	0.004301	-0.212787	0.07457	3.033766E+9
-7811.16	-6.3	-5.975201	0.390368	0.004325	0	0.004416	-0.212787	0.074565	3.033767E+9
-7863.34	-6.4	-5.966202	0.389923	0.004579	0	0.004227	-0.212787	0.074588	3.033768E+9
-7912.04	-6.5	-5.970611	0.386661	0.003893	0	0.004647	-0.212787	0.074489	3.033769E+9
-7957.2	-6.6	-5.968106	0.387476	0.004616	0	0.004156	-0.212787	0.074663	3.03377E+9
-7998.77	-6.7	-5.971079	0.391982	0.004242	0	0.004784	-0.212787	0.074591	3.033771E+9
-8036.69	-6.8	-5.971436	0.389562	0.004698	0	0.004501	-0.212787	0.074557	3.033772E+9
-8070.91	-6.9	-5.967375	0.391313	0.00459	0	0.005464	-0.212787	0.074531	3.033773E+9
-8101.38	-7	-5.971189	0.389071	0.00446	0	0.004167	-0.212787	0.074682	3.033774E+9
-8070.91	-6.9	-5.973778	0.381089	0.005322	0	0.004526	-0.212787	0.074627	3.033775E+9
-8036.69	-6.8	-5.969951	0.389331	0.004465	0	0.004289	-0.212787	0.074535	3.033776E+9
-7998.77	-6.7	-5.973008	0.38681	0.00518	0	0.004723	-0.212787	0.074626	3.033777E+9
-7957.2	-6.6	-5.971387	0.391515	0.004436	0	0.00371	-0.212787	0.074633	3.033778E+9
-7912.04	-6.5	-5.971634	0.392151	0.004619	0	0.004892	-0.212787	0.07457	3.033779E+9
-7863.34	-6.4	-5.971429	0.389361	0.004942	0	0.004648	-0.212787	0.074596	3.03378E+9
-7811.16	-6.3	-5.973856	0.389845	0.004562	0	0.004074	-0.212787	0.074571	3.033781E+9
-7755.56	-6.2	-5.97321	0.389828	0.003794	0	0.004339	-0.212787	0.07456	3.033782E+9
-7696.58	-6.1	-5.971027	0.392678	0.004787	0	0.004415	-0.212787	0.074538	3.033783E+9
-7634.28	-6	-5.971478	0.390732	0.003573	0	0.005068	-0.212787	0.074558	3.033784E+9
-7568.71	-5.9	-5.975692	0.388821	0.004467	0	0.004148	-0.212787	0.074672	3.033785E+9
-7499.94	-5.8	-5.977485	0.385735	0.004529	0	0.004703	-0.212787	0.074647	3.033786E+9
-7428.01	-5.7	-5.974061	0.390049	0.004228	0	0.00497	-0.212787	0.074635	3.033787E+9
-7352.98	-5.6	-5.979448	0.387918	0.004417	0	0.003994	-0.212787	0.074551	3.033788E+9
-7274.9	-5.5	-5.978229	0.390569	0.003523	0	0.004365	-0.212787	0.074601	3.033789E+9
-7193.84	-5.4	-5.981995	0.388513	0.004181	0	0.004542	-0.212787	0.074608	3.03379E+9
-7109.83	-5.3	-5.97627	0.395267	0.004152	0	0.004732	-0.212787	0.074531	3.033791E+9
-7022.95	-5.2	-5.976852	0.384773	0.003135	0	0.00476	-0.212787	0.074574	3.033792E+9
-6933.24	-5.1	-5.975169	0.394026	0.004481	0	0.003657	-0.212787	0.074562	3.033793E+9
-6840.75	-5	-5.975487	0.389153	0.004054	0	0.003556	-0.212787	0.074523	3.033794E+9
-6745.55	-4.9	-5.978096	0.386547	0.004278	0	0.004248	-0.212787	0.074579	3.033795E+9
-6647.68	-4.8	-5.975978	0.389331	0.003631	0	0.003536	-0.212787	0.07458	3.033796E+9
-6547.2	-4.7	-5.981816	0.385287	0.003934	0	0.004194	-0.212787	0.074487	3.033797E+9
-6444.17	-4.6	-5.981524	0.395273	0.003151	0	0.004189	-0.212787	0.074475	3.033798E+9
-6338.64	-4.5	-5.980406	0.385673	0.003895	0	0.004698	-0.212787	0.074478	3.033799E+9
-6230.67	-4.4	-5.979522	0.383971	0.003609	0	0.003828	-0.212787	0.074386	3.0338E+9
-6120.3	-4.3	-5.974223	0.386986	0.003215	0	0.00389	-0.212787	0.074581	3.033801E+9
-6007.6	-4.2	-5.981712	0.389185	0.003645	0	0.004127	-0.212787	0.074488	3.033802E+9
-5892.62	-4.1	-5.980799	0.387402	0.004248	0	0.004412	-0.212787	0.074655	3.033803E+9
-5775.41	-4	-5.979402	0.387551	0.003987	0	0.00429	-0.212787	0.074503	3.033804E+9
-5656.02	-3.9	-5.97732	0.38965	0.003282	0	0.004022	-0.212787	0.074639	3.033805E+9
-5534.53	-3.8	-5.978265	0.390017	0.003813	0	0.004048	-0.212787	0.074596	3.033806E+9
-5410.96	-3.7	-5.980451	0.38655	0.002799	0	0.003759	-0.212787	0.074541	3.033807E+9
-5285.39	-3.6	-5.977719	0.39092	0.003377	0	0.003482	-0.212787	0.074541	3.033808E+9
-5157.87	-3.5	-5.977781	0.386515	0.003973	0	0.003996	-0.212787	0.074629	3.033809E+9
-5028.44	-3.4	-5.975185	0.394442	0.003337	0	0.004529	-0.212787	0.074627	3.03381E+9
-4897.18	-3.3	-5.969997	0.386196	0.003632	0	0.003968	-0.212787	0.074575	3.033811E+9
-4764.12	-3.2	-5.974837	0.386151	0.003199	0	0.003816	-0.212787	0.074502	3.033812E+9
-4629.32	-3.1	-5.976501	0.389211	0.003355	0	0.002951	-0.212787	0.074665	3.033813E+9
-4492.85	-3	-5.97219	0.389676	0.00352	0	0.003889	-0.212787	0.074596	3.033814E+9
-4354.75	-2.9	-5.96949	0.39309	0.003819	0	0.003496	-0.212787	0.074467	3.033815E+9
-4215.08	-2.8	-5.973421	0.386122	0.003404	0	0.003924	-0.212787	0.07462	3.033816E+9
-4073.89	-2.7	-5.9682	0.389247	0.003389	0	0.003507	-0.212787	0.074575	3.033817E+9
-3931.24	-2.6	-5.969467	0.382782	0.002864	0	0.00406	-0.212787	0.074586	3.033818E+9
-3787.18	-2.5	-5.972095	0.38592	0.003573	0	0.002608	-0.212787	0.074477	3.033819E+9
-3641.77	-2.4	-5.969984	0.389624	0.003487	0	0.002961	-0.212787	0.074586	3.03382E+9
-3495.06	-2.3	-5.97091	0.38708	0.003475	0	0.003122	-0.212787	0.0744	3.033821E+9
-3347.11	-2.2	-5.963895	0.388324	0.003962	0	0.004471	-0.212787	0.074597	3.033822E+9
-3197.97	-2.1	-5.966533	0.385767	0.003708	0	0.003314	-0.212787	0.0746	3.033823E+9
-3047.69	-2	-5.965292	0.385741	0.003024	0	0.00213	-0.212787	0.074544	3.033824E+9
-2896.33	-1.9	-5.959981	0.390101	0.003985	0	0.003002	-0.212787	0.074576	3.033825E+9
-2743.95	-1.8	-5.954789	0.390072	0.002828	0	0.003691	-0.212787	0.074574	3.033826E+9
-2590.6	-1.7	-5.95691	0.392609	0.002739	0	0.002769	-0.212787	0.074606	3.033827E+9
-2436.33	-1.6	-5.96078	0.383506	0.002927	0	0.002899	-0.212787	0.074521	3.033828E+9
-2281.19	-1.5	-5.964259	0.387934	0.003247	0	0.003497	-0.212787	0.074499	3.033829E+9
-2125.26	-1.4	-5.958145	0.38707	0.003037	0	0.003118	-0.212787	0.07457	3.03383E+9
-1968.57	-1.3	-5.951667	0.38912	0.002513	0	0.003847	-0.212787	0.07463	3.033831E+9
-1811.18	-1.2	-5.953057	0.390114	0.002291	0	0.003596	-0.212787	0.074617	3.033832E+9
-1653.15	-1.1	-5.948925	0.38131	0.002123	0	0.003835	-0.212787	0.074596	3.033833E+9
-1494.53	-1	-5.949731	0.385192	0.002805	0	0.003266	-0.212787	0.07457	3.033834E+9
-1335.37	-0.9	-5.946722	0.389565	0.002179	0	0.002836	-0.212787	0.074515	3.033835E+9
-1175.74	-0.8	-5.944968	0.38876	0.001957	0	0.002176	-0.212787	0.07442	3.033836E+9
-1015.68	-0.7	-5.945377	0.391346	0.003052	0	0.002413	-0.212787	0.074562	3.033837E+9
-855.25	-0.6	-5.931612	0.385196	0.003183	0	0.002405	-0.212787	0.074625	3.033838E+9
-694.51	-0.5	-5.937999	0.386079	0.002726	0	0.002733	-0.212787	0.074479	3.033839E+9
-533.51	-0.4	-5.936427	0.384842	0.002544	0	0.002466	-0.212787	0.074578	3.03384E+9
-372.3	-0.3	-5.923909	0.383834	0.00326	0	0.002488	-0.212787	0.074558	3.033841E+9
-210.93	-0.2	-5.927099	0.38349	0.002789	0	0.003465	-0.212787	0.074501	3.033842E+9
-49.47	-0.1	-5.925218	0.384715	0.003454	0	0.002102	-0.212787	0.074673	3.033843E+9
112.03	0	-5.921248	0.388324	0.00184	0	0.002496	-0.212787	0.07451	3.033844E+9
273.52	0.1	-5.919169	0.385702	0.002148	0	0.003173	-0.212787	0.074517	3.033845E+9
434.94	0.2	-5.911794	0.381684	0.002993	0	0.002632	-0.212787	0.074498	3.033846E+9
596.24	0.3	-5.909114	0.382119	0.002105	0	0.002717	-0.212787	0.074648	3.033847E+9
757.37	0.4	-5.889799	0.380488	0.002621	0	0.003357	-0.212787	0.074545	3.033848E+9
918.26	0.5	-5.773212	0.372077	0.003439	0	0.003277	-0.212787	0.074599	3.033849E+9
1078.87	0.6	-5.018537	0.331006	0.003498	0	0.004068	-0.212787	0.074364	3.03385E+9
1239.14	0.7	-3.10067	0.215478	0.005616	0	0.005974	-0.212787	0.074434	3.033851E+9
1399.02	0.8	-1.795119	0.138823	0.007356	0	0.00811	-0.212787	0.074548	3.033852E+9
1558.44	0.9	-0.966815	0.08897	0.008523	0	0.008892	-0.212787	0.074417	3.033853E+9
1717.37	1	-0.333864	0.046001	0.009567	0	0.01028	-0.212787	0.074419	3.033854E+9
1875.73	1.1	0.185684	0.019426	0.009768	0	0.010313	-0.212787	0.074501	3.033855E+9
2033.48	1.2	0.65391	-0.010953	0.011028	0	0.010677	-0.212787	0.074457	3.033856E+9
2190.57	1.3	1.081758	-0.040573	0.011107	0	0.011496	-0.212787	0.074463	3.033857E+9
2346.93	1.4	1.506045	-0.070656	0.01264	0	0.011394	-0.212787	0.074362	3.033858E+9
2502.52	1.5	1.925115	-0.086221	0.012495	0	0.012802	-0.212787	0.074392	3.033859E+9
2657.27	1.6	2.366144	-0.109928	0.014394	0	0.013211	-0.212787	0.074517	3.03386E+9
2811.14	1.7	2.817487	-0.147006	0.014714	0	0.01368	-0.212787	0.07433	3.033861E+9
2964.07	1.8	3.274598	-0.16889	0.013884	0	0.014352	-0.212787	0.074509	3.033862E+9
3116	1.9	3.728032	-0.197366	0.014217	0	0.014821	-0.212787	0.074454	3.033863E+9
3266.89	2	4.103514	-0.223106	0.016425	0	0.015248	-0.212787	0.07443	3.033864E+9
3416.67	2.1	4.369501	-0.236956	0.015937	0	0.014754	-0.212787	0.074412	3.033865E+9
3565.29	2.2	4.51359	-0.244285	0.016231	0	0.016093	-0.212787	0.074292	3.033866E+9
3712.69	2.3	4.571585	-0.253047	0.015556	0	0.0161	-0.212787	0.074448	3.033867E+9
3858.83	2.4	4.594031	-0.251732	0.016483	0	0.015543	-0.212787	0.074519	3.033868E+9
4003.65	2.5	4.60583	-0.246449	0.016253	0	0.015991	-0.212787	0.074475	3.033869E+9
4147.09	2.6	4.604752	-0.253333	0.016637	0	0.016259	-0.212787	0.074337	3.03387E+9
4289.09	2.7	4.608855	-0.250344	0.016048	0	0.016157	-0.212787	0.0744	3.033871E+9
4429.62	2.8	4.605905	-0.254266	0.017029	0	0.016149	-0.212787	0.074512	3.033872E+9
4568.59	2.9	4.61379	-0.253297	0.016135	0	0.016069	-0.212787	0.07442	3.033873E+9
4705.98	3	4.617601	-0.252979	0.016669	0	0.016276	-0.212787	0.074366	3.033874E+9
4841.71	3.1	4.611925	-0.250055	0.016617	0	0.016335	-0.212787	0.074524	3.033875E+9
4975.74	3.2	4.61457	-0.250744	0.016146	0	0.017151	-0.212787	0.074371	3.033876E+9
5108.01	3.3	4.620193	-0.253343	0.015657	0	0.016198	-0.212787	0.074512	3.033877E+9
5238.46	3.4	4.616568	-0.252547	0.016166	0	0.016594	-0.212787	0.074478	3.033878E+9
5367.05	3.5	4.62006	-0.248447	0.015978	0	0.01692	-0.212787	0.074431	3.033879E+9
5493.71	3.6	4.615639	-0.250929	0.016795	0	0.016677	-0.212787	0.074343	3.03388E+9
5618.4	3.7	4.619628	-0.249288	0.015703	0	0.016548	-0.212787	0.074339	3.033881E+9
5741.05	3.8	4.625047	-0.250406	0.016683	0	0.016584	-0.212787	0.074501	3.033882E+9
5861.61	3.9	4.625265	-0.249217	0.015966	0	0.01636	-0.212787	0.074335	3.033883E+9
5980.04	4	4.621428	-0.251618	0.016206	0	0.017615	-0.212787	0.074516	3.033884E+9
6096.26	4.1	4.623556	-0.253593	0.016586	0	0.016278	-0.212787	0.074439	3.033885E+9
6210.24	4.2	4.618637	-0.25499	0.015412	0	0.016517	-0.212787	0.074407	3.033886E+9
6321.91	4.3	4.620054	-0.250594	0.017314	0	0.017003	-0.212787	0.074412	3.033887E+9
6431.22	4.4	4.621019	-0.260198	0.017052	0	0.016344	-0.212787	0.074466	3.033888E+9
6538.11	4.5	4.618186	-0.248285	0.015871	0	0.016334	-0.212787	0.07451	3.033889E+9
6642.54	4.6	4.625528	-0.253847	0.016513	0	0.016743	-0.212787	0.074463	3.03389E+9
6744.44	4.7	4.627217	-0.250088	0.017172	0	0.015631	-0.212787	0.074525	3.033891E+9
6843.76	4.8	4.624992	-0.251735	0.016204	0	0.015798	-0.212787	0.074407	3.033892E+9
6940.45	4.9	4.620271	-0.250107	0.016794	0	0.017029	-0.212787	0.074408	3.033893E+9
7034.46	5	4.623644	-0.247947	0.01604	0	0.016287	-0.212787	0.074527	3.033894E+9
7125.71	5.1	4.622737	-0.2541	0.01738	0	0.017377	-0.212787	0.074507	3.033895E+9
7214.18	5.2	4.625664	-0.252641	0.016712	0	0.017013	-0.212787	0.074404	3.033896E+9
7299.79	5.3	4.622256	-0.248886	0.016608	0	0.017233	-0.212787	0.074425	3.033897E+9
7382.49	5.4	4.622783	-0.252349	0.016579	0	0.016673	-0.212787	0.074507	3.033898E+9
7462.23	5.5	4.623533	-0.253125	0.017032	0	0.016327	-0.212787	0.074536	3.033899E+9
7538.96	5.6	4.620317	-0.249782	0.017534	0	0.018247	-0.212787	0.074466	3.0339E+9
7612.62	5.7	4.623013	-0.251816	0.01789	0	0.017585	-0.212787	0.074514	3.033901E+9
7683.15	5.8	4.630489	-0.247021	0.017437	0	0.017148	-0.212787	0.0745	3.033902E+9
7750.51	5.9	4.616483	-0.251595	0.016955	0	0.017088	-0.212787	0.074519	3.033903E+9
7814.63	6	4.621688	-0.249782	0.016991	0	0.016993	-0.212787	0.074474	3.033904E+9
7875.46	6.1	4.618212	-0.253635	0.016854	0	0.016877	-0.212787	0.074406	3.033905E+9
7932.95	6.2	4.622146	-0.249201	0.017033	0	0.016769	-0.212787	0.07452	3.033906E+9
7987.04	6.3	4.620609	-0.246137	0.01783	0	0.016327	-0.212787	0.074638	3.033907E+9
8037.67	6.4	4.622263	-0.2446	0.017187	0	0.017454	-0.212787	0.074543	3.033908E+9
8084.8	6.5	4.618316	-0.246043	0.017085	0	0.01695	-0.212787	0.074565	3.033909E+9
8128.37	6.6	4.620642	-0.253772	0.016802	0	0.016415	-0.212787	0.074572	3.03391E+9
8168.33	6.7	4.619066	-0.249808	0.017327	0	0.017706	-0.212787	0.074515	3.033911E+9
8204.61	6.8	4.616665	-0.252557	0.017748	0	0.017398	-0.212787	0.074416	3.033912E+9
8237.17	6.9	4.621564	-0.249545	0.017658	0	0.017553	-0.212787	0.074593	3.033913E+9
8265.94	7	4.621321	-0.250724	0.016808	0	0.016464	-0.212787	0.074545	3.033914E+9
