06/05/2022	09:58

Co88Tb12_35_20210602_CVMH2

Field	Kepco	Channel A	Channel B	Agilent	0	RF out	Monitor+	Monitor-	Time
8265.94	7	-9.443544	-1.081842	0.005693	0	0.006724	-0.212787	0.071123	1.807985E+9
8204.61	6.8	-9.469772	-1.033188	0.006216	0	0.006293	-0.212787	0.071488	1.807985E+9
8128.37	6.6	-9.481497	-1.016428	0.006025	0	0.005594	-0.212787	0.070986	1.807986E+9
8037.67	6.4	-9.477729	-1.010918	0.005756	0	0.005937	-0.212787	0.070874	1.807987E+9
7932.95	6.2	-9.486426	-0.998822	0.005622	0	0.006221	-0.212787	0.07125	1.807988E+9
7814.63	6	-9.481143	-1.010755	0.006243	0	0.006365	-0.212787	0.071144	1.807989E+9
7683.15	5.8	-9.490016	-1.015112	0.006168	0	0.005556	-0.212787	0.071339	1.80799E+9
7538.96	5.6	-9.484473	-1.014114	0.006635	0	0.006513	-0.212787	0.071322	1.807991E+9
7382.49	5.4	-9.484093	-1.001889	0.00691	0	0.006051	-0.212787	0.071316	1.807992E+9
7214.18	5.2	-9.480617	-1.0052	0.006525	0	0.006996	-0.212787	0.071498	1.807993E+9
7034.46	5	-9.482414	-1.013997	0.006207	0	0.006164	-0.212787	0.071293	1.807994E+9
6843.76	4.8	-9.477517	-1.01619	0.006433	0	0.005901	-0.212787	0.070929	1.807995E+9
6642.54	4.6	-9.478827	-1.010576	0.006345	0	0.006568	-0.212787	0.071412	1.807996E+9
6431.22	4.4	-9.480188	-1.009228	0.006976	0	0.006532	-0.212787	0.071419	1.807998E+9
6210.24	4.2	-9.475935	-1.006493	0.007419	0	0.006256	-0.212787	0.07079	1.807998E+9
5980.04	4	-9.472758	-1.005489	0.007007	0	0.005421	-0.212787	0.071426	1.807999E+9
5741.05	3.8	-9.475078	-0.996847	0.005306	0	0.006107	-0.212787	0.070766	1.808E+9
5493.71	3.6	-9.467592	-1.001093	0.006277	0	0.006906	-0.212787	0.071407	1.808001E+9
5238.46	3.4	-9.470831	-1.001639	0.006232	0	0.006375	-0.212787	0.071541	1.808002E+9
4975.74	3.2	-9.472699	-1.00186	0.007431	0	0.007019	-0.212787	0.071184	1.808003E+9
4705.98	3	-9.470081	-1.003497	0.00634	0	0.006969	-0.212787	0.071094	1.808004E+9
4429.62	2.8	-9.457784	-1.004245	0.006326	0	0.006576	-0.212787	0.070748	1.808005E+9
4147.09	2.6	-9.460402	-1.008812	0.005727	0	0.006399	-0.212787	0.071331	1.808006E+9
3858.83	2.4	-9.459691	-1.012912	0.006836	0	0.006355	-0.212787	0.071493	1.808007E+9
3565.29	2.2	-9.448274	-1.00544	0.00684	0	0.006166	-0.212787	0.07126	1.808008E+9
3266.89	2	-9.426111	-1.005547	0.006059	0	0.006608	-0.212787	0.070825	1.808009E+9
2964.07	1.8	-9.345526	-0.989973	0.006845	0	0.006546	-0.212787	0.071174	1.80801E+9
2657.27	1.6	-9.210516	-0.982549	0.005388	0	0.006741	-0.212787	0.071281	1.808011E+9
2346.93	1.4	-9.055808	-0.971428	0.006464	0	0.007012	-0.212787	0.071561	1.808012E+9
2033.48	1.2	-8.802417	-0.929597	0.005859	0	0.006214	-0.212787	0.071461	1.808013E+9
1717.37	1	-8.264699	-0.87503	0.00507	0	0.00555	-0.212787	0.071222	1.808014E+9
1399.02	0.8	-7.354909	-0.788599	0.004805	0	0.004635	-0.212787	0.07083	1.808015E+9
1078.87	0.6	-6.208522	-0.685134	0.003962	0	0.004116	-0.212787	0.071241	1.808016E+9
757.37	0.4	-5.013654	-0.56128	0.003701	0	0.003401	-0.212787	0.07099	1.808017E+9
434.94	0.2	-3.811464	-0.434483	0.002698	0	0.002714	-0.212787	0.071154	1.808018E+9
112.03	0	-2.652901	-0.316298	0.001739	0	0.002562	-0.212787	0.070987	1.808019E+9
-210.93	-0.2	-1.526902	-0.208094	0.001588	0	0.002177	-0.212787	0.071097	1.80802E+9
-533.51	-0.4	-0.415835	-0.091394	0.001212	0	0.001056	-0.212787	0.071081	1.808021E+9
-855.25	-0.6	0.676457	0.025826	0.001255	0	0.000505	-0.212787	0.071249	1.808022E+9
-1175.74	-0.8	1.775036	0.144879	0.000613	0	-0.000151	-0.212787	0.071048	1.808023E+9
-1494.53	-1	2.881115	0.242976	0.000131	0	-0.000491	-0.212787	0.07159	1.808024E+9
-1811.18	-1.2	3.987018	0.374004	-0.000644	0	-0.001402	-0.212787	0.071003	1.808025E+9
-2125.26	-1.4	5.087547	0.495116	-0.001401	0	-0.001736	-0.212787	0.071073	1.808026E+9
-2436.33	-1.6	6.191652	0.604529	-0.002379	0	-0.002329	-0.212787	0.071554	1.808027E+9
-2743.95	-1.8	7.301425	0.710995	-0.002708	0	-0.002241	-0.212787	0.07117	1.808028E+9
-3047.69	-2	8.400001	0.831428	-0.003568	0	-0.003459	-0.212787	0.0716	1.808029E+9
-3347.11	-2.2	9.432033	0.940841	-0.004051	0	-0.003801	-0.212787	0.071574	1.80803E+9
-3641.77	-2.4	10.386866	1.041278	-0.003868	0	-0.004668	-0.212787	0.07089	1.808031E+9
-3931.24	-2.6	10.597161	1.130409	-0.005278	0	-0.005548	-0.212787	0.07152	1.808032E+9
-4215.08	-2.8	10.597161	1.198981	-0.005942	0	-0.005955	-0.212787	0.07107	1.808033E+9
-4492.85	-3	10.597161	1.276709	-0.006889	0	-0.00605	-0.212787	0.071177	1.808034E+9
-4764.12	-3.2	10.597161	1.322712	-0.006768	0	-0.006922	-0.212787	0.071642	1.808035E+9
-5028.44	-3.4	10.597161	1.368354	-0.007785	0	-0.007485	-0.212787	0.071609	1.808036E+9
-5285.39	-3.6	10.597161	1.38558	-0.008484	0	-0.008281	-0.212787	0.071304	1.808037E+9
-5534.53	-3.8	10.597161	1.405985	-0.008574	0	-0.008282	-0.212787	0.070926	1.808038E+9
-5775.41	-4	10.597161	1.411219	-0.009709	0	-0.008674	-0.212787	0.071077	1.808039E+9
-6007.6	-4.2	10.597161	1.419513	-0.009598	0	-0.008608	-0.212787	0.07158	1.80804E+9
-6230.67	-4.4	10.597161	1.408298	-0.009046	0	-0.008304	-0.212787	0.071527	1.808041E+9
-6444.17	-4.6	10.597161	1.412109	-0.008103	0	-0.009071	-0.212787	0.071002	1.808042E+9
-6647.68	-4.8	10.597161	1.412441	-0.009087	0	-0.008574	-0.212787	0.071577	1.808043E+9
-6840.75	-5	10.597161	1.411164	-0.008774	0	-0.008733	-0.212787	0.071043	1.808044E+9
-7022.95	-5.2	10.597161	1.417843	-0.00918	0	-0.008607	-0.212787	0.071567	1.808045E+9
-7193.84	-5.4	10.597161	1.413672	-0.00859	0	-0.008405	-0.212787	0.07126	1.808046E+9
-7352.98	-5.6	10.597161	1.415147	-0.008033	0	-0.008418	-0.212787	0.071045	1.808047E+9
-7499.94	-5.8	10.597161	1.41697	-0.009139	0	-0.008442	-0.212787	0.07152	1.808048E+9
-7634.28	-6	10.597161	1.417148	-0.008589	0	-0.008549	-0.212787	0.070873	1.808049E+9
-7755.56	-6.2	10.597161	1.423461	-0.008997	0	-0.008045	-0.212787	0.071057	1.80805E+9
-7863.34	-6.4	10.597161	1.420751	-0.008496	0	-0.00875	-0.212787	0.070876	1.808051E+9
-7957.2	-6.6	10.597161	1.420621	-0.008374	0	-0.008915	-0.212787	0.070851	1.808052E+9
-8036.69	-6.8	10.597161	1.418412	-0.008693	0	-0.008674	-0.212787	0.071244	1.808053E+9
-8101.38	-7	10.597161	1.421177	-0.008085	0	-0.007847	-0.212787	0.071324	1.808054E+9
-8036.69	-6.8	10.597161	1.422899	-0.007569	0	-0.008801	-0.212787	0.071144	1.808055E+9
-7957.2	-6.6	10.597161	1.417164	-0.008139	0	-0.008131	-0.212787	0.070857	1.808056E+9
-7863.34	-6.4	10.597161	1.420218	-0.008393	0	-0.008651	-0.212787	0.071108	1.808057E+9
-7755.56	-6.2	10.597161	1.426947	-0.008465	0	-0.008638	-0.212787	0.071378	1.808058E+9
-7634.28	-6	10.597161	1.419845	-0.008214	0	-0.007876	-0.212787	0.071538	1.808059E+9
-7499.94	-5.8	10.597161	1.421443	-0.008491	0	-0.008778	-0.212787	0.071197	1.80806E+9
-7352.98	-5.6	10.597161	1.429669	-0.0086	0	-0.008115	-0.212787	0.070805	1.808061E+9
-7193.84	-5.4	10.597161	1.420901	-0.007595	0	-0.008497	-0.212787	0.071271	1.808062E+9
-7022.95	-5.2	10.597161	1.417548	-0.008698	0	-0.009373	-0.212787	0.070919	1.808063E+9
-6840.75	-5	10.597161	1.424578	-0.008256	0	-0.0085	-0.212787	0.07151	1.808064E+9
-6647.68	-4.8	10.597161	1.422051	-0.008112	0	-0.007339	-0.212787	0.070897	1.808065E+9
-6444.17	-4.6	10.597161	1.421326	-0.00833	0	-0.008967	-0.212787	0.071379	1.808066E+9
-6230.67	-4.4	10.597161	1.423844	-0.008126	0	-0.007602	-0.212787	0.071525	1.808067E+9
-6007.6	-4.2	10.597161	1.42439	-0.007445	0	-0.008696	-0.212787	0.070991	1.808068E+9
-5775.41	-4	10.597161	1.416485	-0.007937	0	-0.008623	-0.212787	0.071407	1.808069E+9
-5534.53	-3.8	10.597161	1.417895	-0.008088	0	-0.008751	-0.212787	0.071515	1.80807E+9
-5285.39	-3.6	10.597161	1.426118	-0.008274	0	-0.008198	-0.212787	0.071019	1.808071E+9
-5028.44	-3.4	10.597161	1.429244	-0.00749	0	-0.008607	-0.212787	0.070862	1.808072E+9
-4764.12	-3.2	10.597161	1.426482	-0.008698	0	-0.008022	-0.212787	0.071052	1.808073E+9
-4492.85	-3	10.597161	1.428051	-0.008274	0	-0.0086	-0.212787	0.071371	1.808074E+9
-4215.08	-2.8	10.597161	1.42475	-0.008476	0	-0.008372	-0.212787	0.071121	1.808075E+9
-3931.24	-2.6	10.597161	1.431199	-0.008245	0	-0.007368	-0.212787	0.071459	1.808076E+9
-3641.77	-2.4	10.597161	1.417545	-0.007921	0	-0.007974	-0.212787	0.071467	1.808077E+9
-3347.11	-2.2	10.597161	1.419991	-0.008019	0	-0.008655	-0.212787	0.070896	1.808078E+9
-3047.69	-2	10.597161	1.422229	-0.007869	0	-0.007254	-0.212787	0.071428	1.808079E+9
-2743.95	-1.8	10.597161	1.408545	-0.007669	0	-0.007321	-0.212787	0.07105	1.80808E+9
-2436.33	-1.6	10.597161	1.387337	-0.007291	0	-0.007402	-0.212787	0.070914	1.808081E+9
-2125.26	-1.4	10.597161	1.34942	-0.006198	0	-0.006633	-0.212787	0.070879	1.808082E+9
-1811.18	-1.2	10.597161	1.273912	-0.006421	0	-0.005494	-0.212787	0.071515	1.808083E+9
-1494.53	-1	10.597161	1.208325	-0.005945	0	-0.00488	-0.212787	0.070938	1.808084E+9
-1175.74	-0.8	10.597161	1.140662	-0.005492	0	-0.004929	-0.212787	0.071327	1.808085E+9
-855.25	-0.6	10.581264	1.048939	-0.003932	0	-0.004146	-0.212787	0.071481	1.808086E+9
-533.51	-0.4	9.617934	0.952722	-0.003596	0	-0.003136	-0.212787	0.071263	1.808087E+9
-210.93	-0.2	8.559203	0.846558	-0.003441	0	-0.003254	-0.212787	0.070759	1.808088E+9
112.03	0	7.488332	0.735891	-0.002076	0	-0.002201	-0.212787	0.071108	1.808089E+9
434.94	0.2	6.395764	0.62677	-0.001984	0	-0.000866	-0.212787	0.071466	1.80809E+9
757.37	0.4	5.299734	0.512493	-0.001058	0	-0.000791	-0.212787	0.07124	1.808091E+9
1078.87	0.6	4.20491	0.396615	-0.000724	0	-0.000277	-0.212787	0.07113	1.808092E+9
1399.02	0.8	3.115767	0.283989	0.000123	0	-2E-6	-0.212787	0.070904	1.808093E+9
1717.37	1	2.02832	0.156656	0.000562	0	0.001695	-0.212787	0.071266	1.808094E+9
2033.48	1.2	0.927765	0.040358	0.000627	0	0.002173	-0.212787	0.071028	1.808095E+9
2346.93	1.4	-0.176395	-0.074341	0.001663	0	0.002682	-0.212787	0.071332	1.808096E+9
2657.27	1.6	-1.283212	-0.184472	0.00281	0	0.002352	-0.212787	0.071224	1.808097E+9
2964.07	1.8	-2.392551	-0.309846	0.004386	0	0.002908	-0.212787	0.070612	1.808098E+9
3266.89	2	-3.514338	-0.427488	0.004723	0	0.004215	-0.212787	0.071123	1.808099E+9
3565.29	2.2	-4.623387	-0.553077	0.005213	0	0.005108	-0.212787	0.071318	1.8081E+9
3858.83	2.4	-5.719201	-0.659745	0.005823	0	0.005738	-0.212787	0.07131	1.808101E+9
4147.09	2.6	-6.737182	-0.781403	0.006844	0	0.005693	-0.212787	0.070869	1.808102E+9
4429.62	2.8	-7.63786	-0.881723	0.007216	0	0.007139	-0.212787	0.070672	1.808103E+9
4705.98	3	-8.325781	-0.967286	0.007399	0	0.008078	-0.212787	0.07121	1.808104E+9
4975.74	3.2	-8.807917	-1.012295	0.008052	0	0.007571	-0.212787	0.07076	1.808105E+9
5238.46	3.4	-9.106227	-1.040543	0.007674	0	0.00838	-0.212787	0.070845	1.808106E+9
5493.71	3.6	-9.277283	-1.038006	0.007823	0	0.008587	-0.212787	0.070908	1.808107E+9
5741.05	3.8	-9.354788	-1.041927	0.008116	0	0.008104	-0.212787	0.070804	1.808108E+9
5980.04	4	-9.387894	-1.0467	0.008398	0	0.008716	-0.212787	0.07093	1.808109E+9
6210.24	4.2	-9.399028	-1.032158	0.008993	0	0.008366	-0.212787	0.070679	1.80811E+9
6431.22	4.4	-9.405769	-1.041654	0.008956	0	0.008521	-0.212787	0.070587	1.808111E+9
6642.54	4.6	-9.405851	-1.047733	0.008481	0	0.008431	-0.212787	0.070942	1.808112E+9
6843.76	4.8	-9.407033	-1.041736	0.009241	0	0.008476	-0.212787	0.070799	1.808113E+9
7034.46	5	-9.402092	-1.04594	0.008683	0	0.008895	-0.212787	0.071027	1.808114E+9
7214.18	5.2	-9.406432	-1.047005	0.008109	0	0.008944	-0.212787	0.070756	1.808115E+9
7382.49	5.4	-9.406458	-1.046583	0.00853	0	0.008927	-0.212787	0.070616	1.808116E+9
7538.96	5.6	-9.408151	-1.036138	0.008556	0	0.008844	-0.212787	0.070459	1.808117E+9
7683.15	5.8	-9.401085	-1.040228	0.009092	0	0.007954	-0.212787	0.070411	1.808118E+9
7814.63	6	-9.404723	-1.036544	0.008689	0	0.008702	-0.212787	0.070672	1.808119E+9
7932.95	6.2	-9.398892	-1.042934	0.009145	0	0.00895	-0.212787	0.070415	1.80812E+9
8037.67	6.4	-9.395435	-1.044556	0.008526	0	0.008309	-0.212787	0.071083	1.808121E+9
8128.37	6.6	-9.396621	-1.046541	0.007943	0	0.00946	-0.212787	0.070824	1.808122E+9
8204.61	6.8	-9.393732	-1.049455	0.009713	0	0.009279	-0.212787	0.070462	1.808123E+9
8265.94	7	-9.39575	-1.042957	0.008231	0	0.008751	-0.212787	0.070502	1.808124E+9
