24/05/2022	09:28

Si\Ta3\(Co88Tb12)20\Pt3-20220523_APEJ1

Field	Kepco	Channel A	Channel B	Agilent	0	RF out	Monitor+	Monitor-	Time
5980.04	4	3.968376	-0.354381	-0.000949	0	-0.001285	-0.212787	0.024005	3.361337E+9
5679.98	3.75	3.96783	-0.356232	-0.001054	0	-0.001166	-0.212787	0.024048	3.361337E+9
5367.05	3.5	3.969975	-0.357493	-0.001428	0	-0.001171	-0.212787	0.02399	3.361338E+9
5042.1	3.25	3.97208	-0.354212	-0.001655	0	-0.001038	-0.212787	0.023968	3.361339E+9
4705.98	3	3.978889	-0.358451	-0.001038	0	-0.001317	-0.212787	0.024049	3.36134E+9
4359.54	2.75	3.979643	-0.358071	-0.001661	0	-0.001146	-0.212787	0.023983	3.361341E+9
4003.65	2.5	3.977889	-0.358994	-0.00137	0	-0.001017	-0.212787	0.023943	3.361342E+9
3639.15	2.25	3.981407	-0.359416	-0.00105	0	-0.001041	-0.212787	0.024018	3.361343E+9
3266.89	2	3.982135	-0.359962	-0.001576	0	-0.00114	-0.212787	0.024008	3.361344E+9
3191.58	1.95	3.979156	-0.360566	-0.001424	0	-0.000823	-0.212787	0.02404	3.361345E+9
3116	1.9	3.982193	-0.358266	-0.001138	0	-0.000976	-0.212787	0.023996	3.361346E+9
3040.16	1.85	3.982723	-0.358133	-0.001111	0	-0.001133	-0.212787	0.024024	3.361347E+9
2964.07	1.8	3.982375	-0.35773	-0.000904	0	-0.001027	-0.212787	0.024039	3.361348E+9
2887.73	1.75	3.984692	-0.360829	-0.001121	0	-0.00104	-0.212787	0.02399	3.361349E+9
2811.14	1.7	3.983815	-0.359189	-0.001157	0	-0.001122	-0.212787	0.023998	3.36135E+9
2734.32	1.65	3.986466	-0.357776	-0.001073	0	-0.000957	-0.212787	0.024025	3.361351E+9
2657.27	1.6	3.982645	-0.35903	-0.001219	0	-0.001043	-0.212787	0.024019	3.361352E+9
2580	1.55	3.984165	-0.358204	-0.001088	0	-0.000916	-0.212787	0.024013	3.361353E+9
2502.52	1.5	3.988412	-0.357665	-0.00099	0	-0.00094	-0.212787	0.024023	3.361354E+9
2424.82	1.45	3.989432	-0.359585	-0.000806	0	-0.001164	-0.212787	0.023998	3.361355E+9
2346.93	1.4	3.988824	-0.358282	-0.001078	0	-0.001151	-0.212787	0.024039	3.361356E+9
2268.84	1.35	3.989727	-0.362054	-0.001181	0	-0.000896	-0.212787	0.02409	3.361357E+9
2190.57	1.3	3.99155	-0.3607	-0.001143	0	-0.001303	-0.212787	0.024051	3.361358E+9
2112.11	1.25	3.994896	-0.358997	-0.0016	0	-0.001157	-0.212787	0.024072	3.361359E+9
2033.48	1.2	3.991933	-0.359806	-0.000961	0	-0.001157	-0.212787	0.024032	3.36136E+9
1954.69	1.15	3.992752	-0.360277	-0.001057	0	-0.001281	-0.212787	0.024083	3.361361E+9
1875.73	1.1	3.993905	-0.361369	-0.001182	0	-0.001059	-0.212787	0.024028	3.361362E+9
1796.62	1.05	3.995176	-0.359497	-0.001286	0	-0.001347	-0.212787	0.024022	3.361363E+9
1717.37	1	3.989568	-0.359533	-0.001188	0	-0.000912	-0.212787	0.024037	3.361364E+9
1637.97	0.95	3.993532	-0.359712	-0.001256	0	-0.001092	-0.212787	0.024035	3.361365E+9
1558.44	0.9	3.993951	-0.357922	-0.001112	0	-0.001235	-0.212787	0.024081	3.361366E+9
1478.79	0.85	3.988701	-0.359104	-0.001394	0	-0.001349	-0.212787	0.024024	3.361367E+9
1399.02	0.8	3.99297	-0.358169	-0.001218	0	-0.001	-0.212787	0.02401	3.361368E+9
1319.13	0.75	3.992573	-0.359056	-0.001319	0	-0.001003	-0.212787	0.02402	3.361369E+9
1239.14	0.7	3.9918	-0.360599	-0.001292	0	-0.000957	-0.212787	0.02406	3.36137E+9
1159.05	0.65	3.994428	-0.362824	-0.001116	0	-0.000921	-0.212787	0.024027	3.361371E+9
1078.87	0.6	3.993165	-0.35608	-0.001309	0	-0.001072	-0.212787	0.024036	3.361372E+9
998.61	0.55	3.997213	-0.35824	-0.001231	0	-0.001158	-0.212787	0.024065	3.361373E+9
918.26	0.5	3.99618	-0.357376	-0.001105	0	-0.001024	-0.212787	0.024026	3.361374E+9
837.85	0.45	3.998681	-0.361421	-0.001112	0	-0.000947	-0.212787	0.024025	3.361375E+9
757.37	0.4	3.99668	-0.362561	-0.001252	0	-0.000979	-0.212787	0.024056	3.361376E+9
676.83	0.35	3.999873	-0.359969	-0.001193	0	-0.001054	-0.212787	0.02407	3.361377E+9
596.24	0.3	3.996608	-0.358711	-0.001128	0	-0.001095	-0.212787	0.024011	3.361378E+9
515.61	0.25	3.997609	-0.359111	-0.001258	0	-0.000888	-0.212787	0.02401	3.361379E+9
434.94	0.2	4.000341	-0.35839	-0.001206	0	-0.000889	-0.212787	0.023972	3.36138E+9
354.24	0.15	3.998483	-0.358844	-0.001101	0	-0.001083	-0.212787	0.023999	3.361381E+9
273.52	0.1	3.997002	-0.360865	-0.001064	0	-0.00115	-0.212787	0.024034	3.361382E+9
192.78	0.05	3.997323	-0.360901	-0.00114	0	-0.001165	-0.212787	0.02403	3.361383E+9
112.03	0	3.996969	-0.358763	-0.001213	0	-0.001126	-0.212787	0.024027	3.361384E+9
31.27	-0.05	3.999386	-0.359566	-0.000944	0	-0.001033	-0.212787	0.024031	3.361385E+9
-49.47	-0.1	4.001011	-0.359491	-0.001004	0	-0.001185	-0.212787	0.024051	3.361386E+9
-130.21	-0.15	4.001638	-0.357097	-0.001509	0	-0.000889	-0.212787	0.023975	3.361387E+9
-210.93	-0.2	4.002973	-0.362844	-0.001445	0	-0.000822	-0.212787	0.024003	3.361388E+9
-291.63	-0.25	4.000523	-0.3608	-0.001196	0	-0.000804	-0.212787	0.024061	3.361389E+9
-372.3	-0.3	4.003077	-0.358663	-0.000823	0	-0.001017	-0.212787	0.024051	3.36139E+9
-452.92	-0.35	4.003116	-0.362116	-0.000995	0	-0.000981	-0.212787	0.024035	3.361391E+9
-533.51	-0.4	4.005263	-0.36119	-0.00118	0	-0.000895	-0.212787	0.024038	3.361392E+9
-614.04	-0.45	4.001758	-0.362753	-0.001167	0	-0.001223	-0.212787	0.024016	3.361393E+9
-694.51	-0.5	4.00691	-0.36134	-0.001275	0	-0.000991	-0.212787	0.023993	3.361394E+9
-774.92	-0.55	4.005286	-0.364644	-0.001319	0	-0.001133	-0.212787	0.023986	3.361395E+9
-855.25	-0.6	4.002343	-0.358971	-0.001077	0	-0.001041	-0.212787	0.024061	3.361396E+9
-935.51	-0.65	4.004435	-0.361889	-0.001221	0	-0.000912	-0.212787	0.023974	3.361397E+9
-1015.68	-0.7	4.004331	-0.35926	-0.001568	0	-0.001058	-0.212787	0.024028	3.361398E+9
-1095.76	-0.75	4.009058	-0.360306	-0.00126	0	-0.000953	-0.212787	0.024007	3.361399E+9
-1175.74	-0.8	4.006842	-0.35851	-0.001228	0	-0.001264	-0.212787	0.024046	3.3614E+9
-1255.61	-0.85	4.009896	-0.361817	-0.001469	0	-0.001007	-0.212787	0.023965	3.361401E+9
-1335.37	-0.9	4.010205	-0.35926	-0.001587	0	-0.001006	-0.212787	0.024031	3.361402E+9
-1415.01	-0.95	4.007196	-0.362181	-0.001055	0	-0.00084	-0.212787	0.024086	3.361403E+9
-1494.53	-1	4.009951	-0.360154	-0.000581	0	-0.000911	-0.212787	0.024074	3.361404E+9
-1573.91	-1.05	4.008148	-0.3603	-0.001165	0	-0.000839	-0.212787	0.024034	3.361405E+9
-1653.15	-1.1	4.009548	-0.359348	-0.001037	0	-0.001008	-0.212787	0.02408	3.361406E+9
-1732.24	-1.15	3.950813	-0.352171	-0.001099	0	-0.000987	-0.212787	0.024068	3.361407E+9
-1811.18	-1.2	1.176025	-0.077333	-0.001721	0	-0.00204	-0.212787	0.024097	3.361408E+9
-1889.96	-1.25	-3.258289	0.36209	-0.002705	0	-0.003327	-0.212787	0.024088	3.361409E+9
-1968.57	-1.3	-3.861073	0.418964	-0.003737	0	-0.0034	-0.212787	0.024092	3.36141E+9
-2047	-1.35	-4.079237	0.442612	-0.003338	0	-0.003483	-0.212787	0.024025	3.361411E+9
-2125.26	-1.4	-4.154652	0.44998	-0.003261	0	-0.003432	-0.212787	0.024078	3.361412E+9
-2203.32	-1.45	-4.183742	0.451289	-0.002874	0	-0.00345	-0.212787	0.024154	3.361413E+9
-2281.19	-1.5	-4.204781	0.451328	-0.002746	0	-0.003352	-0.212787	0.024172	3.361414E+9
-2358.86	-1.55	-4.214534	0.45445	-0.002946	0	-0.003438	-0.212787	0.024107	3.361415E+9
-2436.33	-1.6	-4.223221	0.45395	-0.00287	0	-0.003435	-0.212787	0.024123	3.361416E+9
-2513.57	-1.65	-4.224917	0.452592	-0.003288	0	-0.003451	-0.212787	0.024068	3.361417E+9
-2590.6	-1.7	-4.229868	0.455308	-0.003226	0	-0.003368	-0.212787	0.024093	3.361418E+9
-2667.39	-1.75	-4.234621	0.456617	-0.003232	0	-0.003363	-0.212787	0.024077	3.361419E+9
-2743.95	-1.8	-4.233903	0.454398	-0.003437	0	-0.003566	-0.212787	0.024101	3.36142E+9
-2820.26	-1.85	-4.240443	0.455714	-0.003315	0	-0.003626	-0.212787	0.024075	3.361421E+9
-2896.33	-1.9	-4.241265	0.457527	-0.003405	0	-0.003401	-0.212787	0.024088	3.361422E+9
-2972.14	-1.95	-4.239992	0.458476	-0.003371	0	-0.003513	-0.212787	0.024114	3.361423E+9
-3047.69	-2	-4.239966	0.457956	-0.003417	0	-0.003618	-0.212787	0.024074	3.361424E+9
-3421.24	-2.25	-4.247396	0.455302	-0.002867	0	-0.003596	-0.212787	0.024119	3.361425E+9
-3787.18	-2.5	-4.245229	0.45547	-0.003394	0	-0.003427	-0.212787	0.024125	3.361426E+9
-4144.67	-2.75	-4.248	0.458476	-0.003329	0	-0.003468	-0.212787	0.024138	3.361427E+9
-4492.85	-3	-4.246382	0.457572	-0.003383	0	-0.003445	-0.212787	0.024129	3.361428E+9
-4830.87	-3.25	-4.247298	0.455828	-0.003407	0	-0.00344	-0.212787	0.024138	3.361429E+9
-5157.87	-3.5	-4.247633	0.456962	-0.003457	0	-0.003321	-0.212787	0.024126	3.36143E+9
-5473	-3.75	-4.250069	0.458102	-0.002937	0	-0.003335	-0.212787	0.024139	3.361431E+9
-5775.41	-4	-4.248776	0.459447	-0.00294	0	-0.003496	-0.212787	0.024188	3.361432E+9
-5473	-3.75	-4.25455	0.457917	-0.002857	0	-0.00347	-0.212787	0.024077	3.361433E+9
-5157.87	-3.5	-4.25402	0.458671	-0.003436	0	-0.003582	-0.212787	0.024096	3.361434E+9
-4830.87	-3.25	-4.256294	0.458352	-0.002937	0	-0.003509	-0.212787	0.02417	3.361435E+9
-4492.85	-3	-4.257236	0.458381	-0.002927	0	-0.003438	-0.212787	0.024108	3.361436E+9
-4144.67	-2.75	-4.256814	0.457832	-0.002827	0	-0.003493	-0.212787	0.024168	3.361437E+9
-3787.18	-2.5	-4.259117	0.45562	-0.003299	0	-0.003373	-0.212787	0.024142	3.361438E+9
-3421.24	-2.25	-4.259884	0.458277	-0.003036	0	-0.003512	-0.212787	0.024155	3.361439E+9
-3047.69	-2	-4.262522	0.458346	-0.002827	0	-0.003408	-0.212787	0.024109	3.36144E+9
-2972.14	-1.95	-4.260514	0.457355	-0.00319	0	-0.003499	-0.212787	0.024136	3.361441E+9
-2896.33	-1.9	-4.260943	0.46085	-0.003013	0	-0.003478	-0.212787	0.024179	3.361442E+9
-2820.26	-1.85	-4.26044	0.458823	-0.003256	0	-0.003561	-0.212787	0.024146	3.361443E+9
-2743.95	-1.8	-4.263029	0.459109	-0.002896	0	-0.003554	-0.212787	0.02413	3.361444E+9
-2667.39	-1.75	-4.267509	0.458745	-0.003578	0	-0.003358	-0.212787	0.024111	3.361445E+9
-2590.6	-1.7	-4.264579	0.458654	-0.003444	0	-0.003532	-0.212787	0.024066	3.361446E+9
-2513.57	-1.65	-4.26758	0.458684	-0.002936	0	-0.003665	-0.212787	0.0242	3.361447E+9
-2436.33	-1.6	-4.265852	0.458667	-0.00346	0	-0.00333	-0.212787	0.024162	3.361448E+9
-2358.86	-1.55	-4.263701	0.459145	-0.003601	0	-0.003382	-0.212787	0.02411	3.361449E+9
-2281.19	-1.5	-4.264172	0.457771	-0.003958	0	-0.00353	-0.212787	0.024069	3.36145E+9
-2203.32	-1.45	-4.263633	0.459538	-0.003808	0	-0.003339	-0.212787	0.024137	3.361451E+9
-2125.26	-1.4	-4.263653	0.459158	-0.003395	0	-0.003458	-0.212787	0.024143	3.361452E+9
-2047	-1.35	-4.264121	0.45908	-0.003684	0	-0.00337	-0.212787	0.024065	3.361453E+9
-1968.57	-1.3	-4.264377	0.455896	-0.003871	0	-0.0034	-0.212787	0.024083	3.361454E+9
-1889.96	-1.25	-4.267662	0.459145	-0.003827	0	-0.003446	-0.212787	0.024122	3.361455E+9
-1811.18	-1.2	-4.266278	0.46178	-0.003541	0	-0.003423	-0.212787	0.024105	3.361456E+9
-1732.24	-1.15	-4.265024	0.456913	-0.003782	0	-0.003333	-0.212787	0.024108	3.361457E+9
-1653.15	-1.1	-4.264663	0.461253	-0.003899	0	-0.003332	-0.212787	0.024041	3.361458E+9
-1573.91	-1.05	-4.266723	0.458872	-0.00343	0	-0.003353	-0.212787	0.0241	3.361459E+9
-1494.53	-1	-4.266694	0.460003	-0.003765	0	-0.003612	-0.212787	0.024102	3.36146E+9
-1415.01	-0.95	-4.268669	0.460561	-0.00387	0	-0.003301	-0.212787	0.024127	3.361461E+9
-1335.37	-0.9	-4.267977	0.459077	-0.00359	0	-0.003349	-0.212787	0.024125	3.361462E+9
-1255.61	-0.85	-4.269842	0.459544	-0.003456	0	-0.003334	-0.212787	0.024083	3.361463E+9
-1175.74	-0.8	-4.268558	0.461864	-0.003495	0	-0.003208	-0.212787	0.024096	3.361464E+9
-1095.76	-0.75	-4.267161	0.459164	-0.003639	0	-0.003384	-0.212787	0.024136	3.361465E+9
-1015.68	-0.7	-4.266235	0.461536	-0.003299	0	-0.003344	-0.212787	0.024149	3.361466E+9
-935.51	-0.65	-4.265781	0.460662	-0.003535	0	-0.003466	-0.212787	0.024134	3.361467E+9
-855.25	-0.6	-4.265719	0.460951	-0.003596	0	-0.003198	-0.212787	0.024088	3.361468E+9
-774.92	-0.55	-4.265612	0.455714	-0.003353	0	-0.003431	-0.212787	0.024108	3.361469E+9
-694.51	-0.5	-4.267077	0.460516	-0.003495	0	-0.003421	-0.212787	0.024115	3.36147E+9
-614.04	-0.45	-4.267961	0.458775	-0.003496	0	-0.003283	-0.212787	0.024081	3.361471E+9
-533.51	-0.4	-4.269637	0.461487	-0.00349	0	-0.003376	-0.212787	0.024066	3.361472E+9
-452.92	-0.35	-4.267886	0.461585	-0.003391	0	-0.003414	-0.212787	0.024146	3.361473E+9
-372.3	-0.3	-4.266109	0.45807	-0.003602	0	-0.003374	-0.212787	0.024143	3.361474E+9
-291.63	-0.25	-4.266534	0.458203	-0.003482	0	-0.003528	-0.212787	0.02412	3.361475E+9
-210.93	-0.2	-4.265287	0.460581	-0.003592	0	-0.003398	-0.212787	0.024091	3.361476E+9
-130.21	-0.15	-4.267912	0.457043	-0.003563	0	-0.003354	-0.212787	0.024076	3.361477E+9
-49.47	-0.1	-4.268896	0.458024	-0.003593	0	-0.003451	-0.212787	0.024113	3.361478E+9
31.27	-0.05	-4.269637	0.459083	-0.003626	0	-0.003338	-0.212787	0.024115	3.361479E+9
112.03	0	-4.266976	0.455922	-0.003544	0	-0.003386	-0.212787	0.024128	3.36148E+9
192.78	0.05	-4.268747	0.456802	-0.003462	0	-0.003442	-0.212787	0.024098	3.361481E+9
273.52	0.1	-4.269747	0.459837	-0.003702	0	-0.003378	-0.212787	0.024165	3.361482E+9
354.24	0.15	-4.268877	0.461117	-0.003636	0	-0.003258	-0.212787	0.024148	3.361483E+9
434.94	0.2	-4.265667	0.459454	-0.003712	0	-0.003538	-0.212787	0.024156	3.361484E+9
515.61	0.25	-4.269699	0.458583	-0.003577	0	-0.00344	-0.212787	0.02415	3.361485E+9
596.24	0.3	-4.267944	0.457228	-0.003601	0	-0.003297	-0.212787	0.024133	3.361486E+9
676.83	0.35	-4.267038	0.463716	-0.003501	0	-0.003265	-0.212787	0.024119	3.361487E+9
757.37	0.4	-4.268058	0.45999	-0.003394	0	-0.00342	-0.212787	0.024156	3.361488E+9
837.85	0.45	-4.271421	0.458843	-0.003499	0	-0.003317	-0.212787	0.024143	3.361489E+9
918.26	0.5	-4.273201	0.458872	-0.003343	0	-0.003344	-0.212787	0.024163	3.36149E+9
998.61	0.55	-4.27361	0.456175	-0.003075	0	-0.003406	-0.212787	0.02414	3.361491E+9
1078.87	0.6	-4.276615	0.460526	-0.003498	0	-0.003394	-0.212787	0.02411	3.361492E+9
1159.05	0.65	-4.274211	0.456374	-0.003429	0	-0.003357	-0.212787	0.024146	3.361493E+9
1239.14	0.7	-4.142755	0.44691	-0.003538	0	-0.003423	-0.212787	0.024115	3.361494E+9
1319.13	0.75	1.122573	-0.081813	-0.002174	0	-0.001785	-0.212787	0.024131	3.361495E+9
1399.02	0.8	3.25991	-0.285785	-0.001433	0	-0.000998	-0.212787	0.024103	3.361496E+9
1478.79	0.85	3.699605	-0.330203	-0.001274	0	-0.001093	-0.212787	0.024067	3.361497E+9
1558.44	0.9	3.870733	-0.347146	-0.001044	0	-0.000813	-0.212787	0.024075	3.361498E+9
1637.97	0.95	3.92556	-0.353344	-0.001411	0	-0.0011	-0.212787	0.024076	3.361499E+9
1717.37	1	3.951323	-0.353838	-0.001356	0	-0.000982	-0.212787	0.024074	3.3615E+9
1796.62	1.05	3.962934	-0.35723	-0.0009	0	-0.000917	-0.212787	0.024061	3.361501E+9
1875.73	1.1	3.974835	-0.356353	-0.001544	0	-0.00115	-0.212787	0.02408	3.361502E+9
1954.69	1.15	3.98436	-0.358224	-0.001303	0	-0.001015	-0.212787	0.024068	3.361503E+9
2033.48	1.2	3.986992	-0.356434	-0.001573	0	-0.000911	-0.212787	0.024106	3.361504E+9
2112.11	1.25	3.989315	-0.35952	-0.001146	0	-0.001111	-0.212787	0.024084	3.361505E+9
2190.57	1.3	3.991085	-0.357789	-0.001204	0	-0.000836	-0.212787	0.024052	3.361506E+9
2268.84	1.35	3.994136	-0.360898	-0.001318	0	-0.000802	-0.212787	0.024072	3.361507E+9
2346.93	1.4	3.995068	-0.36004	-0.0015	0	-0.001179	-0.212787	0.024083	3.361508E+9
2424.82	1.45	3.998311	-0.35824	-0.001531	0	-0.000781	-0.212787	0.024097	3.361509E+9
2502.52	1.5	3.999276	-0.358152	-0.001307	0	-0.000836	-0.212787	0.024075	3.36151E+9
2580	1.55	4.00103	-0.361278	-0.001242	0	-0.000835	-0.212787	0.024105	3.361511E+9
2657.27	1.6	4.000523	-0.359176	-0.001508	0	-0.000995	-0.212787	0.024053	3.361512E+9
2734.32	1.65	4.00397	-0.357279	-0.001398	0	-0.001019	-0.212787	0.024069	3.361513E+9
2811.14	1.7	4.002758	-0.359562	-0.000308	0	-0.000937	-0.212787	0.024113	3.361514E+9
2887.73	1.75	4.00205	-0.359082	-0.001463	0	-0.000957	-0.212787	0.024098	3.361515E+9
2964.07	1.8	4.001517	-0.35774	-0.001031	0	-0.001076	-0.212787	0.024038	3.361516E+9
3040.16	1.85	4.007667	-0.359527	-0.001213	0	-0.000932	-0.212787	0.024114	3.361517E+9
3116	1.9	4.004097	-0.357405	-0.001473	0	-0.001037	-0.212787	0.024132	3.361518E+9
3191.58	1.95	4.0063	-0.357363	-0.001424	0	-0.00074	-0.212787	0.024037	3.361519E+9
3266.89	2	4.006819	-0.359049	-0.000795	0	-0.001019	-0.212787	0.024114	3.36152E+9
3639.15	2.25	4.006264	-0.358663	-0.001471	0	-0.001081	-0.212787	0.024096	3.361521E+9
4003.65	2.5	4.009425	-0.360404	-0.001276	0	-0.000811	-0.212787	0.024093	3.361522E+9
4359.54	2.75	4.008915	-0.357701	-0.001253	0	-0.000937	-0.212787	0.024095	3.361523E+9
4705.98	3	4.007583	-0.361694	-0.001237	0	-0.000787	-0.212787	0.024102	3.361524E+9
5042.1	3.25	4.007076	-0.360342	-0.001415	0	-0.000858	-0.212787	0.024064	3.361525E+9
5367.05	3.5	4.007534	-0.358997	-0.001222	0	-0.001011	-0.212787	0.024078	3.361526E+9
5679.98	3.75	4.007174	-0.359056	-0.001162	0	-0.000903	-0.212787	0.02413	3.361527E+9
5980.04	4	4.004129	-0.357779	-0.001177	0	-0.000979	-0.212787	0.024119	3.361528E+9
