20/05/2021	17:12

Si/Pt3/Co88Tb12 (45)/Pt3

Field	Kepco	Channel A	Channel B	Agilent	0	RF out	Monitor+	Monitor-	Time
8265.94	7	-2.139213	-0.209643	0	0	0	0	0	1.818162E+9
8204.61	6.8	-2.134418	-0.211554	0	0	0	0	0	1.818163E+9
8128.37	6.6	-2.141195	-0.211544	0	0	0	0	0	1.818164E+9
8037.67	6.4	-2.145402	-0.221456	0	0	0	0	0	1.818165E+9
7932.95	6.2	-2.142663	-0.213721	0	0	0	0	0	1.818166E+9
7814.63	6	-2.138232	-0.216781	0	0	0	0	0	1.818167E+9
7683.15	5.8	-2.146364	-0.219273	0	0	0	0	0	1.818168E+9
7538.96	5.6	-2.148891	-0.21283	0	0	0	0	0	1.818169E+9
7382.49	5.4	-2.147351	-0.21553	0	0	0	0	0	1.81817E+9
7214.18	5.2	-2.14818	-0.21451	0	0	0	0	0	1.818171E+9
7034.46	5	-2.14764	-0.219045	0	0	0	0	0	1.818172E+9
6843.76	4.8	-2.151029	-0.212395	0	0	0	0	0	1.818173E+9
6642.54	4.6	-2.152809	-0.215871	0	0	0	0	0	1.818174E+9
6431.22	4.4	-2.158478	-0.208523	0	0	0	0	0	1.818175E+9
6210.24	4.2	-2.157156	-0.213025	0	0	0	0	0	1.818176E+9
5980.04	4	-2.156834	-0.215641	0	0	0	0	0	1.818177E+9
5741.05	3.8	-2.15943	-0.220839	0	0	0	0	0	1.818178E+9
5493.71	3.6	-2.154258	-0.212395	0	0	0	0	0	1.818179E+9
5238.46	3.4	-2.154206	-0.210654	0	0	0	0	0	1.81818E+9
4975.74	3.2	-2.153147	-0.215166	0	0	0	0	0	1.818181E+9
4705.98	3	-2.152296	-0.213412	0	0	0	0	0	1.818182E+9
4429.62	2.8	-2.153953	-0.216508	0	0	0	0	0	1.818183E+9
4147.09	2.6	-2.155207	-0.214481	0	0	0	0	0	1.818184E+9
3858.83	2.4	-2.153235	-0.213565	0	0	0	0	0	1.818185E+9
3565.29	2.2	-2.158696	-0.214192	0	0	0	0	0	1.818186E+9
3266.89	2	-2.160278	-0.213103	0	0	0	0	0	1.818187E+9
2964.07	1.8	-2.158202	-0.211446	0	0	0	0	0	1.818188E+9
2657.27	1.6	-2.155606	-0.220965	0	0	0	0	0	1.818189E+9
2346.93	1.4	-2.152432	-0.211567	0	0	0	0	0	1.81819E+9
2033.48	1.2	-2.155451	-0.217778	0	0	0	0	0	1.818191E+9
1717.37	1	-2.155002	-0.215118	0	0	0	0	0	1.818192E+9
1399.02	0.8	-2.15739	-0.214543	0	0	0	0	0	1.818193E+9
1078.87	0.6	-2.157176	-0.214533	0	0	0	0	0	1.818194E+9
757.37	0.4	-2.155204	-0.220462	0	0	0	0	0	1.818195E+9
434.94	0.2	-2.154144	-0.213259	0	0	0	0	0	1.818196E+9
112.03	0	-2.150327	-0.220017	0	0	0	0	0	1.818197E+9
-210.93	-0.2	-2.15547	-0.209997	0	0	0	0	0	1.818198E+9
-533.51	-0.4	-2.160762	-0.21553	0	0	0	0	0	1.818199E+9
-855.25	-0.6	-2.159537	-0.212467	0	0	0	0	0	1.8182E+9
-1175.74	-0.8	-2.159417	-0.211651	0	0	0	0	0	1.818201E+9
-1494.53	-1	-2.080887	-0.21183	0	0	0	0	0	1.818202E+9
-1811.18	-1.2	2.785366	0.156474	0	0	0	0	0	1.818203E+9
-2125.26	-1.4	3.511053	0.2185	0	0	0	0	0	1.818204E+9
-2436.33	-1.6	3.568931	0.214393	0	0	0	0	0	1.818205E+9
-2743.95	-1.8	3.580425	0.225823	0	0	0	0	0	1.818206E+9
-3047.69	-2	3.586013	0.211378	0	0	0	0	0	1.818207E+9
-3347.11	-2.2	3.58984	0.217421	0	0	0	0	0	1.818208E+9
-3641.77	-2.4	3.597027	0.224523	0	0	0	0	0	1.818209E+9
-3931.24	-2.6	3.593892	0.220394	0	0	0	0	0	1.81821E+9
-4215.08	-2.8	3.594165	0.218246	0	0	0	0	0	1.818211E+9
-4492.85	-3	3.600461	0.224549	0	0	0	0	0	1.818212E+9
-4764.12	-3.2	3.60012	0.218003	0	0	0	0	0	1.818213E+9
-5028.44	-3.4	3.597768	0.21796	0	0	0	0	0	1.818214E+9
-5285.39	-3.6	3.594321	0.221349	0	0	0	0	0	1.818215E+9
-5534.53	-3.8	3.598541	0.213847	0	0	0	0	0	1.818216E+9
-5775.41	-4	3.601228	0.222889	0	0	0	0	0	1.818217E+9
-6007.6	-4.2	3.601666	0.21926	0	0	0	0	0	1.818218E+9
-6230.67	-4.4	3.601185	0.22323	0	0	0	0	0	1.818219E+9
-6444.17	-4.6	3.598544	0.214439	0	0	0	0	0	1.81822E+9
-6647.68	-4.8	3.599395	0.217554	0	0	0	0	0	1.818221E+9
-6840.75	-5	3.592501	0.21976	0	0	0	0	0	1.818222E+9
-7022.95	-5.2	3.595	0.214903	0	0	0	0	0	1.818223E+9
-7193.84	-5.4	3.598102	0.218626	0	0	0	0	0	1.818224E+9
-7352.98	-5.6	3.59331	0.221801	0	0	0	0	0	1.818225E+9
-7499.94	-5.8	3.594918	0.219338	0	0	0	0	0	1.818226E+9
-7634.28	-6	3.592004	0.223396	0	0	0	0	0	1.818227E+9
-7755.56	-6.2	3.598983	0.217691	0	0	0	0	0	1.818228E+9
-7863.34	-6.4	3.593021	0.215699	0	0	0	0	0	1.818229E+9
-7957.2	-6.6	3.590786	0.218474	0	0	0	0	0	1.81823E+9
-8036.69	-6.8	3.58462	0.218393	0	0	0	0	0	1.818231E+9
-8101.38	-7	3.588651	0.218263	0	0	0	0	0	1.818232E+9
-8036.69	-6.8	3.580114	0.21901	0	0	0	0	0	1.818233E+9
-7957.2	-6.6	3.591328	0.220624	0	0	0	0	0	1.818234E+9
-7863.34	-6.4	3.592254	0.216213	0	0	0	0	0	1.818235E+9
-7755.56	-6.2	3.599295	0.225319	0	0	0	0	0	1.818236E+9
-7634.28	-6	3.592872	0.215862	0	0	0	0	0	1.818237E+9
-7499.94	-5.8	3.596127	0.218617	0	0	0	0	0	1.818238E+9
-7352.98	-5.6	3.598089	0.215787	0	0	0	0	0	1.818239E+9
-7193.84	-5.4	3.594857	0.226716	0	0	0	0	0	1.81824E+9
-7022.95	-5.2	3.600055	0.220092	0	0	0	0	0	1.818241E+9
-6840.75	-5	3.599616	0.217476	0	0	0	0	0	1.818242E+9
-6647.68	-4.8	3.601871	0.217811	0	0	0	0	0	1.818243E+9
-6444.17	-4.6	3.605064	0.220875	0	0	0	0	0	1.818244E+9
-6230.67	-4.4	3.599993	0.216086	0	0	0	0	0	1.818245E+9
-6007.6	-4.2	3.599801	0.219286	0	0	0	0	0	1.818246E+9
-5775.41	-4	3.604671	0.214387	0	0	0	0	0	1.818247E+9
-5534.53	-3.8	3.610639	0.224172	0	0	0	0	0	1.818248E+9
-5285.39	-3.6	3.601309	0.218994	0	0	0	0	0	1.818249E+9
-5028.44	-3.4	3.605925	0.221593	0	0	0	0	0	1.81825E+9
-4764.12	-3.2	3.607335	0.215462	0	0	0	0	0	1.818251E+9
-4492.85	-3	3.60025	0.220131	0	0	0	0	0	1.818252E+9
-4215.08	-2.8	3.602504	0.220998	0	0	0	0	0	1.818253E+9
-3931.24	-2.6	3.600363	0.217398	0	0	0	0	0	1.818254E+9
-3641.77	-2.4	3.60343	0.222285	0	0	0	0	0	1.818255E+9
-3347.11	-2.2	3.61047	0.216164	0	0	0	0	0	1.818256E+9
-3047.69	-2	3.60524	0.223249	0	0	0	0	0	1.818257E+9
-2743.95	-1.8	3.610311	0.220689	0	0	0	0	0	1.818258E+9
-2436.33	-1.6	3.605617	0.215907	0	0	0	0	0	1.818259E+9
-2125.26	-1.4	3.602472	0.225101	0	0	0	0	0	1.81826E+9
-1811.18	-1.2	3.605912	0.22478	0	0	0	0	0	1.818261E+9
-1494.53	-1	3.602124	0.217216	0	0	0	0	0	1.818262E+9
-1175.74	-0.8	3.611088	0.215956	0	0	0	0	0	1.818263E+9
-855.25	-0.6	3.606143	0.216593	0	0	0	0	0	1.818264E+9
-533.51	-0.4	3.608177	0.216778	0	0	0	0	0	1.818265E+9
-210.93	-0.2	3.599623	0.22272	0	0	0	0	0	1.818266E+9
112.03	0	3.606971	0.216395	0	0	0	0	0	1.818267E+9
434.94	0.2	3.599652	0.219478	0	0	0	0	0	1.818268E+9
757.37	0.4	3.599983	0.216417	0	0	0	0	0	1.818269E+9
1078.87	0.6	0.721697	0.001915	0	0	0	0	0	1.81827E+9
1399.02	0.8	-1.775376	-0.189894	0	0	0	0	0	1.818271E+9
1717.37	1	-2.081602	-0.212525	0	0	0	0	0	1.818272E+9
2033.48	1.2	-2.113401	-0.21658	0	0	0	0	0	1.818273E+9
2346.93	1.4	-2.12538	-0.206073	0	0	0	0	0	1.818274E+9
2657.27	1.6	-2.127868	-0.214692	0	0	0	0	0	1.818275E+9
2964.07	1.8	-2.126055	-0.211294	0	0	0	0	0	1.818276E+9
3266.89	2	-2.132134	-0.211411	0	0	0	0	0	1.818277E+9
3565.29	2.2	-2.131312	-0.209283	0	0	0	0	0	1.818278E+9
3858.83	2.4	-2.136962	-0.214276	0	0	0	0	0	1.818279E+9
4147.09	2.6	-2.13279	-0.213107	0	0	0	0	0	1.81828E+9
4429.62	2.8	-2.143732	-0.2117	0	0	0	0	0	1.818281E+9
4705.98	3	-2.147471	-0.210459	0	0	0	0	0	1.818282E+9
4975.74	3.2	-2.137488	-0.213493	0	0	0	0	0	1.818283E+9
5238.46	3.4	-2.139262	-0.220017	0	0	0	0	0	1.818284E+9
5493.71	3.6	-2.138843	-0.211326	0	0	0	0	0	1.818285E+9
5741.05	3.8	-2.140626	-0.214403	0	0	0	0	0	1.818286E+9
5980.04	4	-2.140188	-0.216248	0	0	0	0	0	1.818287E+9
6210.24	4.2	-2.145493	-0.219312	0	0	0	0	0	1.818288E+9
6431.22	4.4	-2.143618	-0.215982	0	0	0	0	0	1.818289E+9
6642.54	4.6	-2.148933	-0.212431	0	0	0	0	0	1.81829E+9
6843.76	4.8	-2.14059	-0.212665	0	0	0	0	0	1.818291E+9
7034.46	5	-2.140113	-0.210634	0	0	0	0	0	1.818292E+9
7214.18	5.2	-2.13752	-0.216385	0	0	0	0	0	1.818293E+9
7382.49	5.4	-2.135724	-0.206703	0	0	0	0	0	1.818294E+9
7538.96	5.6	-2.140503	-0.208766	0	0	0	0	0	1.818295E+9
7683.15	5.8	-2.132261	-0.21171	0	0	0	0	0	1.818296E+9
7814.63	6	-2.139194	-0.208591	0	0	0	0	0	1.818297E+9
7932.95	6.2	-2.132699	-0.209829	0	0	0	0	0	1.818298E+9
8037.67	6.4	-2.132709	-0.212765	0	0	0	0	0	1.818299E+9
8128.37	6.6	-2.125704	-0.213825	0	0	0	0	0	1.8183E+9
8204.61	6.8	-2.133684	-0.207113	0	0	0	0	0	1.818301E+9
8265.94	7	-2.134216	-0.213799	0	0	0	0	0	1.818302E+9
