20/05/2021	17:05

Si/Pt3/Co88Tb12 (45)/Pt3

Field	Kepco	Channel A	Channel B	Agilent	0	RF out	Monitor+	Monitor-	Time
8265.94	7	-2.189222	-0.213799	0	0	0	0	0	1.817739E+9
8204.61	6.8	-2.185492	-0.216898	0	0	0	0	0	1.81774E+9
8128.37	6.6	-2.187913	-0.21376	0	0	0	0	0	1.817741E+9
8037.67	6.4	-2.187997	-0.216713	0	0	0	0	0	1.817742E+9
7932.95	6.2	-2.195287	-0.210979	0	0	0	0	0	1.817743E+9
7814.63	6	-2.194001	-0.211472	0	0	0	0	0	1.817744E+9
7683.15	5.8	-2.193825	-0.214045	0	0	0	0	0	1.817745E+9
7538.96	5.6	-2.196291	-0.209322	0	0	0	0	0	1.817746E+9
7382.49	5.4	-2.193315	-0.211885	0	0	0	0	0	1.817747E+9
7214.18	5.2	-2.195576	-0.212765	0	0	0	0	0	1.817748E+9
7034.46	5	-2.198523	-0.213526	0	0	0	0	0	1.817749E+9
6843.76	4.8	-2.203393	-0.219568	0	0	0	0	0	1.81775E+9
6642.54	4.6	-2.201291	-0.219487	0	0	0	0	0	1.817751E+9
6431.22	4.4	-2.20825	-0.212301	0	0	0	0	0	1.817752E+9
6210.24	4.2	-2.197064	-0.215277	0	0	0	0	0	1.817753E+9
5980.04	4	-2.202386	-0.217944	0	0	0	0	0	1.817754E+9
5741.05	3.8	-2.203179	-0.221313	0	0	0	0	0	1.817755E+9
5493.71	3.6	-2.200489	-0.220956	0	0	0	0	0	1.817756E+9
5238.46	3.4	-2.210859	-0.215436	0	0	0	0	0	1.817757E+9
4975.74	3.2	-2.205066	-0.214608	0	0	0	0	0	1.817758E+9
4705.98	3	-2.206775	-0.217288	0	0	0	0	0	1.817759E+9
4429.62	2.8	-2.210125	-0.217268	0	0	0	0	0	1.81776E+9
4147.09	2.6	-2.204803	-0.214227	0	0	0	0	0	1.817761E+9
3858.83	2.4	-2.197675	-0.215975	0	0	0	0	0	1.817762E+9
3565.29	2.2	-2.198468	-0.218552	0	0	0	0	0	1.817763E+9
3266.89	2	-2.201145	-0.218126	0	0	0	0	0	1.817764E+9
2964.07	1.8	-2.208598	-0.216677	0	0	0	0	0	1.817765E+9
2657.27	1.6	-2.200258	-0.21552	0	0	0	0	0	1.817766E+9
2346.93	1.4	-2.206317	-0.212973	0	0	0	0	0	1.817767E+9
2033.48	1.2	-2.210394	-0.210547	0	0	0	0	0	1.817768E+9
1717.37	1	-2.207604	-0.210153	0	0	0	0	0	1.817769E+9
1399.02	0.8	-2.207503	-0.21347	0	0	0	0	0	1.81777E+9
1078.87	0.6	-2.21132	-0.214546	0	0	0	0	0	1.817771E+9
757.37	0.4	-2.207714	-0.218379	0	0	0	0	0	1.817772E+9
434.94	0.2	-2.211846	-0.219354	0	0	0	0	0	1.817773E+9
112.03	0	-2.208091	-0.215049	0	0	0	0	0	1.817774E+9
-210.93	-0.2	-2.204504	-0.209361	0	0	0	0	0	1.817775E+9
-533.51	-0.4	-2.209299	-0.21068	0	0	0	0	0	1.817776E+9
-855.25	-0.6	-2.210248	-0.218129	0	0	0	0	0	1.817777E+9
-1175.74	-0.8	-2.212896	-0.219049	0	0	0	0	0	1.817778E+9
-1494.53	-1	-2.184001	-0.207918	0	0	0	0	0	1.817779E+9
-1811.18	-1.2	2.77678	0.153553	0	0	0	0	0	1.81778E+9
-2125.26	-1.4	3.53183	0.2122	0	0	0	0	0	1.817781E+9
-2436.33	-1.6	3.583265	0.2144	0	0	0	0	0	1.817782E+9
-2743.95	-1.8	3.595035	0.209523	0	0	0	0	0	1.817783E+9
-3047.69	-2	3.599824	0.215352	0	0	0	0	0	1.817784E+9
-3347.11	-2.2	3.601686	0.213607	0	0	0	0	0	1.817785E+9
-3641.77	-2.4	3.607365	0.213113	0	0	0	0	0	1.817786E+9
-3931.24	-2.6	3.606887	0.215076	0	0	0	0	0	1.817787E+9
-4215.08	-2.8	3.607813	0.212148	0	0	0	0	0	1.817788E+9
-4492.85	-3	3.620948	0.213536	0	0	0	0	0	1.817789E+9
-4764.12	-3.2	3.615997	0.214647	0	0	0	0	0	1.81779E+9
-5028.44	-3.4	3.608606	0.213727	0	0	0	0	0	1.817791E+9
-5285.39	-3.6	3.619466	0.212662	0	0	0	0	0	1.817792E+9
-5534.53	-3.8	3.613593	0.213214	0	0	0	0	0	1.817793E+9
-5775.41	-4	3.611913	0.22065	0	0	0	0	0	1.817794E+9
-6007.6	-4.2	3.616487	0.215089	0	0	0	0	0	1.817795E+9
-6230.67	-4.4	3.61139	0.208731	0	0	0	0	0	1.817796E+9
-6444.17	-4.6	3.613216	0.211996	0	0	0	0	0	1.817797E+9
-6647.68	-4.8	3.619158	0.212707	0	0	0	0	0	1.817798E+9
-6840.75	-5	3.615782	0.211018	0	0	0	0	0	1.817799E+9
-7022.95	-5.2	3.620116	0.217463	0	0	0	0	0	1.8178E+9
-7193.84	-5.4	3.614775	0.212883	0	0	0	0	0	1.817801E+9
-7352.98	-5.6	3.612966	0.211128	0	0	0	0	0	1.817802E+9
-7499.94	-5.8	3.61332	0.216398	0	0	0	0	0	1.817803E+9
-7634.28	-6	3.613498	0.211612	0	0	0	0	0	1.817804E+9
-7755.56	-6.2	3.603768	0.211463	0	0	0	0	0	1.817805E+9
-7863.34	-6.4	3.609038	0.210592	0	0	0	0	0	1.817806E+9
-7957.2	-6.6	3.601981	0.212187	0	0	0	0	0	1.817807E+9
-8036.69	-6.8	3.60765	0.213581	0	0	0	0	0	1.817808E+9
-8101.38	-7	3.608609	0.214335	0	0	0	0	0	1.817809E+9
-8036.69	-6.8	3.603879	0.217853	0	0	0	0	0	1.81781E+9
-7957.2	-6.6	3.610162	0.216339	0	0	0	0	0	1.817811E+9
-7863.34	-6.4	3.612559	0.216287	0	0	0	0	0	1.817812E+9
-7755.56	-6.2	3.610873	0.211313	0	0	0	0	0	1.817813E+9
-7634.28	-6	3.604441	0.20952	0	0	0	0	0	1.817814E+9
-7499.94	-5.8	3.612702	0.219721	0	0	0	0	0	1.817815E+9
-7352.98	-5.6	3.618573	0.210582	0	0	0	0	0	1.817816E+9
-7193.84	-5.4	3.616013	0.212428	0	0	0	0	0	1.817817E+9
-7022.95	-5.2	3.615178	0.215037	0	0	0	0	0	1.817818E+9
-6840.75	-5	3.618183	0.216346	0	0	0	0	0	1.817819E+9
-6647.68	-4.8	3.619567	0.208789	0	0	0	0	0	1.81782E+9
-6444.17	-4.6	3.624271	0.215514	0	0	0	0	0	1.817821E+9
-6230.67	-4.4	3.62213	0.212775	0	0	0	0	0	1.817822E+9
-6007.6	-4.2	3.626536	0.216781	0	0	0	0	0	1.817823E+9
-5775.41	-4	3.619535	0.214302	0	0	0	0	0	1.817824E+9
-5534.53	-3.8	3.626256	0.212522	0	0	0	0	0	1.817825E+9
-5285.39	-3.6	3.628199	0.216648	0	0	0	0	0	1.817826E+9
-5028.44	-3.4	3.621071	0.216921	0	0	0	0	0	1.817827E+9
-4764.12	-3.2	3.627137	0.217376	0	0	0	0	0	1.817828E+9
-4492.85	-3	3.627978	0.213841	0	0	0	0	0	1.817829E+9
-4215.08	-2.8	3.627309	0.216135	0	0	0	0	0	1.81783E+9
-3931.24	-2.6	3.622998	0.220589	0	0	0	0	0	1.817831E+9
-3641.77	-2.4	3.624671	0.216619	0	0	0	0	0	1.817832E+9
-3347.11	-2.2	3.631312	0.221865	0	0	0	0	0	1.817833E+9
-3047.69	-2	3.626653	0.219578	0	0	0	0	0	1.817834E+9
-2743.95	-1.8	3.620772	0.216174	0	0	0	0	0	1.817835E+9
-2436.33	-1.6	3.616026	0.225049	0	0	0	0	0	1.817836E+9
-2125.26	-1.4	3.62098	0.216703	0	0	0	0	0	1.817837E+9
-1811.18	-1.2	3.624671	0.219854	0	0	0	0	0	1.817838E+9
-1494.53	-1	3.623901	0.218097	0	0	0	0	0	1.817839E+9
-1175.74	-0.8	3.622611	0.214952	0	0	0	0	0	1.81784E+9
-855.25	-0.6	3.62367	0.214955	0	0	0	0	0	1.817841E+9
-533.51	-0.4	3.630672	0.223776	0	0	0	0	0	1.817842E+9
-210.93	-0.2	3.632894	0.222083	0	0	0	0	0	1.817843E+9
112.03	0	3.629612	0.215849	0	0	0	0	0	1.817844E+9
434.94	0.2	3.625733	0.215407	0	0	0	0	0	1.817845E+9
757.37	0.4	3.618534	0.21978	0	0	0	0	0	1.817846E+9
1078.87	0.6	0.74567	-0.000388	0	0	0	0	0	1.817847E+9
1399.02	0.8	-1.818488	-0.190027	0	0	0	0	0	1.817848E+9
1717.37	1	-2.129275	-0.211443	0	0	0	0	0	1.817849E+9
2033.48	1.2	-2.164866	-0.216713	0	0	0	0	0	1.81785E+9
2346.93	1.4	-2.176386	-0.208425	0	0	0	0	0	1.817851E+9
2657.27	1.6	-2.180359	-0.213217	0	0	0	0	0	1.817852E+9
2964.07	1.8	-2.184443	-0.213795	0	0	0	0	0	1.817853E+9
3266.89	2	-2.183189	-0.212665	0	0	0	0	0	1.817854E+9
3565.29	2.2	-2.195297	-0.21594	0	0	0	0	0	1.817855E+9
3858.83	2.4	-2.195284	-0.215066	0	0	0	0	0	1.817856E+9
4147.09	2.6	-2.189102	-0.217804	0	0	0	0	0	1.817857E+9
4429.62	2.8	-2.19392	-0.214244	0	0	0	0	0	1.817858E+9
4705.98	3	-2.192747	-0.21195	0	0	0	0	0	1.817859E+9
4975.74	3.2	-2.19568	-0.21722	0	0	0	0	0	1.81786E+9
5238.46	3.4	-2.198276	-0.216784	0	0	0	0	0	1.817861E+9
5493.71	3.6	-2.192578	-0.212743	0	0	0	0	0	1.817862E+9
5741.05	3.8	-2.192685	-0.214146	0	0	0	0	0	1.817863E+9
5980.04	4	-2.193474	-0.216401	0	0	0	0	0	1.817864E+9
6210.24	4.2	-2.193107	-0.217668	0	0	0	0	0	1.817865E+9
6431.22	4.4	-2.193068	-0.219	0	0	0	0	0	1.817866E+9
6642.54	4.6	-2.194413	-0.216427	0	0	0	0	0	1.817867E+9
6843.76	4.8	-2.19096	-0.21283	0	0	0	0	0	1.817868E+9
7034.46	5	-2.189336	-0.218129	0	0	0	0	0	1.817869E+9
7214.18	5.2	-2.190836	-0.217957	0	0	0	0	0	1.81787E+9
7382.49	5.4	-2.193124	-0.217181	0	0	0	0	0	1.817871E+9
7538.96	5.6	-2.192139	-0.21619	0	0	0	0	0	1.817872E+9
7683.15	5.8	-2.185278	-0.218805	0	0	0	0	0	1.817873E+9
7814.63	6	-2.190888	-0.217678	0	0	0	0	0	1.817874E+9
7932.95	6.2	-2.190557	-0.212223	0	0	0	0	0	1.817875E+9
8037.67	6.4	-2.18777	-0.212363	0	0	0	0	0	1.817876E+9
8128.37	6.6	-2.194024	-0.220056	0	0	0	0	0	1.817877E+9
8204.61	6.8	-2.189573	-0.209978	0	0	0	0	0	1.817878E+9
8265.94	7	-2.193864	-0.215374	0	0	0	0	0	1.817879E+9
