30/05/2022	19:10

Si\Ta3\(Co85Tb15)75\Pt3-20220525_APEJ2

Field	Kepco	Channel A	Channel B	Agilent	0	RF out	Monitor+	Monitor-	Time
8265.94	7	-6.059248	0.378172	-0.008478	0	-0.008345	-0.212787	0.017002	3.913891E+9
8204.61	6.8	-6.359853	0.424363	-0.008472	0	-0.008229	-0.212787	0.016816	3.913892E+9
8128.37	6.6	-6.453412	0.520401	-0.008893	0	-0.008542	-0.212787	0.01693	3.913893E+9
8037.67	6.4	-6.224623	0.218909	-0.008536	0	-0.008327	-0.212787	0.016924	3.913894E+9
7932.95	6.2	-6.195049	0.212811	-0.008618	0	-0.008593	-0.212787	0.016971	3.913895E+9
7814.63	6	-5.980799	0.357224	-0.008461	0	-0.008805	-0.212787	0.016977	3.913896E+9
7683.15	5.8	-5.939409	0.447566	-0.009363	0	-0.00819	-0.212787	0.016918	3.913897E+9
7538.96	5.6	-5.686651	0.104577	-0.009016	0	-0.008649	-0.212787	0.016921	3.913898E+9
7382.49	5.4	-5.841616	0.256956	-0.008604	0	-0.008637	-0.212787	0.016976	3.913899E+9
7214.18	5.2	-5.676514	-0.027181	-0.008544	0	-0.008437	-0.212787	0.016872	3.9139E+9
7034.46	5	-5.831925	0.202191	-0.007662	0	-0.00845	-0.212787	0.016949	3.913901E+9
6843.76	4.8	-5.395871	0.268837	-0.007973	0	-0.008389	-0.212787	0.016981	3.913902E+9
6642.54	4.6	-5.449483	0.218263	-0.008078	0	-0.008312	-0.212787	0.016937	3.913903E+9
6431.22	4.4	-5.52956	0.066092	-0.008465	0	-0.008495	-0.212787	0.017003	3.913904E+9
6210.24	4.2	-5.635881	0.309775	-0.008319	0	-0.008522	-0.212787	0.017012	3.913905E+9
5980.04	4	-5.556792	-0.003536	-0.008543	0	-0.008064	-0.212787	0.016821	3.913906E+9
5741.05	3.8	-5.132019	0.096731	-0.008564	0	-0.008602	-0.212787	0.01683	3.913907E+9
5493.71	3.6	-5.173116	-0.018643	-0.008319	0	-0.008396	-0.212787	0.016973	3.913908E+9
5238.46	3.4	-5.079898	-0.147936	-0.008178	0	-0.008531	-0.212787	0.016988	3.913909E+9
4975.74	3.2	-5.064034	0.049562	-0.008158	0	-0.008382	-0.212787	0.017016	3.91391E+9
4705.98	3	-5.018563	0.018331	-0.008225	0	-0.008147	-0.212787	0.016857	3.913911E+9
4429.62	2.8	-5.049642	0.095546	-0.008769	0	-0.008249	-0.212787	0.016841	3.913912E+9
4147.09	2.6	-4.925582	-0.071056	-0.008074	0	-0.008474	-0.212787	0.01695	3.913913E+9
3858.83	2.4	-4.796354	-0.056164	-0.008555	0	-0.008292	-0.212787	0.016964	3.913914E+9
3565.29	2.2	-4.934231	-0.163095	-0.008603	0	-0.008295	-0.212787	0.016857	3.913915E+9
3266.89	2	-4.648507	-0.022798	-0.00811	0	-0.008501	-0.212787	0.016898	3.913916E+9
2964.07	1.8	-4.600184	-0.058772	-0.008589	0	-0.008426	-0.212787	0.016844	3.913917E+9
2657.27	1.6	-4.731631	-0.161525	-0.008841	0	-0.008324	-0.212787	0.016825	3.913918E+9
2346.93	1.4	-4.964497	-0.255669	-0.008983	0	-0.0083	-0.212787	0.016763	3.913919E+9
2033.48	1.2	-4.596383	-0.132689	-0.008614	0	-0.008505	-0.212787	0.01684	3.91392E+9
1717.37	1	-4.527664	-0.180758	-0.008778	0	-0.008351	-0.212787	0.016923	3.913921E+9
1399.02	0.8	-4.466323	-0.16508	-0.00885	0	-0.008511	-0.212787	0.016956	3.913922E+9
1078.87	0.6	-4.402773	-0.34594	-0.008641	0	-0.008361	-0.212787	0.016855	3.913923E+9
757.37	0.4	-4.25913	-0.240413	-0.008606	0	-0.008367	-0.212787	0.016868	3.913924E+9
434.94	0.2	-4.252259	-0.119379	-0.008479	0	-0.008437	-0.212787	0.01682	3.913925E+9
112.03	0	-4.202585	-0.313433	-0.008152	0	-0.008098	-0.212787	0.01682	3.913926E+9
-210.93	-0.2	-4.135204	-0.275877	-0.008298	0	-0.008243	-0.212787	0.01695	3.913927E+9
-533.51	-0.4	-3.967361	-0.301461	-0.008183	0	-0.008516	-0.212787	0.016934	3.913928E+9
-855.25	-0.6	-4.021392	-0.438466	-0.008551	0	-0.008541	-0.212787	0.016906	3.913929E+9
-1175.74	-0.8	-3.959853	-0.181557	-0.0087	0	-0.008189	-0.212787	0.01693	3.91393E+9
-1494.53	-1	-3.483506	-0.198516	-0.008601	0	-0.008207	-0.212787	0.016907	3.913931E+9
-1811.18	-1.2	-3.548681	-0.391846	-0.008472	0	-0.008148	-0.212787	0.017011	3.913932E+9
-2125.26	-1.4	-3.43493	-0.466809	-0.008452	0	-0.008123	-0.212787	0.016844	3.913933E+9
-2436.33	-1.6	-3.193537	-0.342454	-0.008135	0	-0.008328	-0.212787	0.017009	3.913934E+9
-2743.95	-1.8	-3.119588	-0.321971	-0.008418	0	-0.008261	-0.212787	0.016913	3.913935E+9
-3047.69	-2	-3.168265	-0.633173	-0.008342	0	-0.008378	-0.212787	0.016839	3.913936E+9
-3347.11	-2.2	-2.817693	-0.462273	-0.008322	0	-0.008371	-0.212787	0.016995	3.913937E+9
-3641.77	-2.4	-2.578123	-0.709409	-0.00849	0	-0.008541	-0.212787	0.016901	3.913938E+9
-3931.24	-2.6	-2.443496	-0.586436	-0.008488	0	-0.008222	-0.212787	0.016872	3.913939E+9
-4215.08	-2.8	-2.170541	-0.686801	-0.008351	0	-0.008471	-0.212787	0.016885	3.91394E+9
-4492.85	-3	-1.943993	-0.874624	-0.008574	0	-0.008585	-0.212787	0.016897	3.913941E+9
-4764.12	-3.2	-1.431345	-0.750594	-0.008315	0	-0.008477	-0.212787	0.017017	3.913942E+9
-5028.44	-3.4	-1.32097	-0.944912	-0.008751	0	-0.008277	-0.212787	0.016831	3.913943E+9
-5285.39	-3.6	-0.911092	-0.951461	-0.008674	0	-0.00844	-0.212787	0.017011	3.913944E+9
-5534.53	-3.8	-0.389182	-1.090295	-0.007753	0	-0.008257	-0.212787	0.017009	3.913945E+9
-5775.41	-4	0.108401	-1.296994	-0.008289	0	-0.008434	-0.212787	0.01685	3.913946E+9
-6007.6	-4.2	0.543568	-1.059624	-0.007868	0	-0.008409	-0.212787	0.016997	3.913947E+9
-6230.67	-4.4	0.837958	-1.291968	-0.008392	0	-0.008593	-0.212787	0.016847	3.913948E+9
-6444.17	-4.6	1.339947	-1.285357	-0.008765	0	-0.008316	-0.212787	0.016836	3.913949E+9
-6647.68	-4.8	1.893498	-1.585182	-0.008526	0	-0.008731	-0.212787	0.017008	3.91395E+9
-6840.75	-5	1.911178	-1.563668	-0.008638	0	-0.008539	-0.212787	0.017009	3.913951E+9
-7022.95	-5.2	2.415363	-1.680213	-0.008435	0	-0.008288	-0.212787	0.016807	3.913952E+9
-7193.84	-5.4	2.603966	-1.67354	-0.008335	0	-0.008434	-0.212787	0.016966	3.913953E+9
-7352.98	-5.6	3.350218	-1.790607	-0.008365	0	-0.008376	-0.212787	0.01696	3.913954E+9
-7499.94	-5.8	4.203854	-2.428655	-0.008195	0	-0.00858	-0.212787	0.017035	3.913955E+9
-7634.28	-6	5.262584	-2.127914	-0.008301	0	-0.008783	-0.212787	0.016988	3.913956E+9
-7755.56	-6.2	5.781669	-2.589013	-0.008466	0	-0.008527	-0.212787	0.016798	3.913957E+9
-7863.34	-6.4	6.315381	-2.545651	-0.008272	0	-0.008468	-0.212787	0.016945	3.913958E+9
-7957.2	-6.6	8.048705	-3.07429	-0.008733	0	-0.008523	-0.212787	0.016952	3.913959E+9
-8036.69	-6.8	9.168165	-3.158642	-0.008335	0	-0.008377	-0.212787	0.016922	3.91396E+9
-8101.38	-7	10.251927	-3.470238	-0.008242	0	-0.008594	-0.212787	0.016988	3.913961E+9
-8036.69	-6.8	10.597161	-3.644345	-0.008567	0	-0.00858	-0.212787	0.016764	3.913962E+9
-7957.2	-6.6	10.597161	-3.600499	-0.008771	0	-0.008423	-0.212787	0.016909	3.913963E+9
-7863.34	-6.4	10.597161	-3.522797	-0.008416	0	-0.008395	-0.212787	0.016837	3.913964E+9
-7755.56	-6.2	10.597161	-3.536553	-0.00816	0	-0.008456	-0.212787	0.016915	3.913965E+9
-7634.28	-6	10.287044	-3.421652	-0.008718	0	-0.008623	-0.212787	0.016901	3.913966E+9
-7499.94	-5.8	10.55833	-3.467483	-0.009111	0	-0.008649	-0.212787	0.016924	3.913967E+9
-7352.98	-5.6	10.202335	-3.503519	-0.008983	0	-0.008416	-0.212787	0.016818	3.913968E+9
-7193.84	-5.4	10.051219	-3.666554	-0.009068	0	-0.008643	-0.212787	0.016914	3.913969E+9
-7022.95	-5.2	10.229899	-3.392306	-0.009007	0	-0.008505	-0.212787	0.016968	3.91397E+9
-6840.75	-5	10.162361	-3.730045	-0.008982	0	-0.008676	-0.212787	0.016882	3.913971E+9
-6647.68	-4.8	10.291804	-3.320653	-0.008675	0	-0.008327	-0.212787	0.016757	3.913972E+9
-6444.17	-4.6	10.156666	-3.478571	-0.008778	0	-0.008629	-0.212787	0.016896	3.913973E+9
-6230.67	-4.4	10.078072	-3.530647	-0.008432	0	-0.008322	-0.212787	0.016969	3.913974E+9
-6007.6	-4.2	10.098104	-3.494975	-0.008929	0	-0.008444	-0.212787	0.016973	3.913975E+9
-5775.41	-4	9.999507	-3.352287	-0.008829	0	-0.008586	-0.212787	0.016931	3.913976E+9
-5534.53	-3.8	10.02401	-3.429092	-0.00854	0	-0.008444	-0.212787	0.016799	3.913977E+9
-5285.39	-3.6	9.83443	-3.318857	-0.008687	0	-0.008606	-0.212787	0.016844	3.913978E+9
-5028.44	-3.4	9.941257	-3.306037	-0.008715	0	-0.008607	-0.212787	0.016994	3.913979E+9
-4764.12	-3.2	9.879073	-3.373557	-0.008655	0	-0.008571	-0.212787	0.016864	3.91398E+9
-4492.85	-3	9.788001	-3.415584	-0.00859	0	-0.008358	-0.212787	0.016954	3.913981E+9
-4215.08	-2.8	9.617749	-3.444576	-0.0087	0	-0.008566	-0.212787	0.016898	3.913982E+9
-3931.24	-2.6	9.84535	-3.35921	-0.008899	0	-0.008527	-0.212787	0.016941	3.913983E+9
-3641.77	-2.4	9.716099	-3.32359	-0.008607	0	-0.008525	-0.212787	0.016835	3.913984E+9
-3347.11	-2.2	9.553018	-3.482139	-0.008416	0	-0.008555	-0.212787	0.016979	3.913985E+9
-3047.69	-2	9.687162	-3.435736	-0.008584	0	-0.008569	-0.212787	0.016999	3.913986E+9
-2743.95	-1.8	9.466341	-3.229911	-0.008695	0	-0.00849	-0.212787	0.016963	3.913987E+9
-2436.33	-1.6	9.600494	-3.493799	-0.008633	0	-0.008621	-0.212787	0.01684	3.913988E+9
-2125.26	-1.4	9.181398	-3.407799	-0.008503	0	-0.008609	-0.212787	0.017014	3.913989E+9
-1811.18	-1.2	9.253715	-3.367937	-0.008399	0	-0.008448	-0.212787	0.017019	3.91399E+9
-1494.53	-1	9.18146	-3.40126	-0.008656	0	-0.008601	-0.212787	0.016854	3.913991E+9
-1175.74	-0.8	9.031417	-3.210769	-0.008748	0	-0.008527	-0.212787	0.016904	3.913992E+9
-855.25	-0.6	9.383579	-3.197982	-0.008556	0	-0.008416	-0.212787	0.016878	3.913993E+9
-533.51	-0.4	8.857521	-3.164181	-0.008575	0	-0.008599	-0.212787	0.016865	3.913994E+9
-210.93	-0.2	8.815119	-3.408219	-0.008632	0	-0.008506	-0.212787	0.016877	3.913995E+9
112.03	0	8.946394	-3.158132	-0.008682	0	-0.008362	-0.212787	0.016929	3.913996E+9
434.94	0.2	8.938794	-3.215054	-0.008562	0	-0.008359	-0.212787	0.016828	3.913997E+9
757.37	0.4	8.731279	-2.950332	-0.00879	0	-0.008476	-0.212787	0.016871	3.913998E+9
1078.87	0.6	8.687231	-3.353905	-0.008564	0	-0.008315	-0.212787	0.016983	3.913999E+9
1399.02	0.8	8.936884	-3.023579	-0.008821	0	-0.008279	-0.212787	0.016945	3.914E+9
1717.37	1	8.728345	-3.087302	-0.00846	0	-0.008395	-0.212787	0.016824	3.914001E+9
2033.48	1.2	8.409703	-2.867764	-0.008581	0	-0.008459	-0.212787	0.016918	3.914002E+9
2346.93	1.4	8.327487	-2.85395	-0.008652	0	-0.008432	-0.212787	0.016875	3.914003E+9
2657.27	1.6	8.080947	-3.039093	-0.008997	0	-0.008408	-0.212787	0.016893	3.914004E+9
2964.07	1.8	7.983432	-2.773126	-0.009078	0	-0.008667	-0.212787	0.016795	3.914005E+9
3266.89	2	7.705151	-2.949432	-0.008134	0	-0.008335	-0.212787	0.016862	3.914006E+9
3565.29	2.2	7.465886	-2.812778	-0.008512	0	-0.008651	-0.212787	0.01694	3.914007E+9
3858.83	2.4	7.328833	-2.843878	-0.008828	0	-0.008772	-0.212787	0.016979	3.914008E+9
4147.09	2.6	7.007512	-2.871227	-0.009201	0	-0.008279	-0.212787	0.016901	3.914009E+9
4429.62	2.8	6.624073	-2.599763	-0.008626	0	-0.008511	-0.212787	0.017013	3.91401E+9
4705.98	3	6.071608	-2.619587	-0.008832	0	-0.008767	-0.212787	0.016916	3.914011E+9
4975.74	3.2	6.072914	-2.295731	-0.008502	0	-0.008519	-0.212787	0.016796	3.914012E+9
5238.46	3.4	5.438371	-2.438087	-0.008581	0	-0.008815	-0.212787	0.016793	3.914013E+9
5493.71	3.6	5.078206	-2.300285	-0.00896	0	-0.008624	-0.212787	0.016916	3.914014E+9
5741.05	3.8	4.460303	-2.225534	-0.009163	0	-0.008816	-0.212787	0.016873	3.914015E+9
5980.04	4	4.164602	-1.978079	-0.009125	0	-0.008535	-0.212787	0.016783	3.914016E+9
6210.24	4.2	3.540247	-1.832503	-0.008763	0	-0.00869	-0.212787	0.016936	3.914017E+9
6431.22	4.4	3.266925	-1.834943	-0.008618	0	-0.00896	-0.212787	0.016848	3.914018E+9
6642.54	4.6	2.509357	-1.930383	-0.008823	0	-0.008723	-0.212787	0.016984	3.914019E+9
6843.76	4.8	2.036513	-1.52836	-0.009303	0	-0.00898	-0.212787	0.01682	3.91402E+9
7034.46	5	1.223893	-1.525069	-0.008741	0	-0.008866	-0.212787	0.016992	3.914021E+9
7214.18	5.2	0.939876	-1.404425	-0.008636	0	-0.009007	-0.212787	0.016908	3.914022E+9
7382.49	5.4	0.121812	-1.242482	-0.008634	0	-0.008967	-0.212787	0.017012	3.914023E+9
7538.96	5.6	-0.584223	-0.932881	-0.009047	0	-0.008904	-0.212787	0.016777	3.914024E+9
7683.15	5.8	-1.826444	-0.897648	-0.009247	0	-0.009118	-0.212787	0.016807	3.914025E+9
7814.63	6	-2.219741	-0.763314	-0.008857	0	-0.008777	-0.212787	0.016905	3.914026E+9
7932.95	6.2	-3.938518	-0.195631	-0.009182	0	-0.008898	-0.212787	0.016819	3.914027E+9
8037.67	6.4	-5.668564	0.148755	-0.009292	0	-0.008885	-0.212787	0.01691	3.914028E+9
8128.37	6.6	-6.215286	0.271299	-0.009165	0	-0.008836	-0.212787	0.016949	3.914029E+9
8204.61	6.8	-6.984353	0.360677	-0.009369	0	-0.008751	-0.212787	0.016838	3.91403E+9
8265.94	7	-7.377878	0.35007	-0.009114	0	-0.008601	-0.212787	0.017002	3.914031E+9
