24/05/2022	10:47

Si\Ta3\(Co88Tb12)150\Pt3-20220523_APEJ5

Field	Kepco	Channel A	Channel B	Agilent	0	RF out	Monitor+	Monitor-	Time
7814.63	6	4.980212	-0.395933	0.000842	0	0.000593	-0.212787	0.021707	3.366139E+9
7683.15	5.8	4.982795	-0.395114	0.001036	0	0.000591	-0.212787	0.021966	3.36614E+9
7538.96	5.6	4.987246	-0.394445	0.001158	0	0.00059	-0.212787	0.021764	3.366141E+9
7382.49	5.4	4.987691	-0.395432	0.000845	0	0.000586	-0.212787	0.021729	3.366142E+9
7214.18	5.2	4.992437	-0.391021	0.001143	0	0.000701	-0.212787	0.02169	3.366143E+9
7034.46	5	4.988087	-0.394097	0.00071	0	0.000603	-0.212787	0.021702	3.366144E+9
6843.76	4.8	4.991151	-0.395829	0.001251	0	0.000936	-0.212787	0.021804	3.366145E+9
6642.54	4.6	4.98885	-0.396115	0.00124	0	0.000579	-0.212787	0.021772	3.366146E+9
6431.22	4.4	4.994075	-0.39886	0.001037	0	0.000853	-0.212787	0.021943	3.366147E+9
6210.24	4.2	4.992515	-0.396732	0.001217	0	0.000687	-0.212787	0.021977	3.366148E+9
5980.04	4	5.000234	-0.396118	0.001052	0	0.000669	-0.212787	0.021879	3.366149E+9
5741.05	3.8	4.996748	-0.394838	0.00128	0	0.000713	-0.212787	0.021754	3.36615E+9
5493.71	3.6	5.002765	-0.395884	0.000602	0	0.000709	-0.212787	0.021652	3.366151E+9
5238.46	3.4	4.997125	-0.398077	0.000813	0	0.000632	-0.212787	0.021807	3.366152E+9
4975.74	3.2	5.000065	-0.394971	0.000695	0	0.000743	-0.212787	0.021672	3.366153E+9
4705.98	3	5.001414	-0.40117	0.000315	0	0.000636	-0.212787	0.021798	3.366154E+9
4429.62	2.8	5.000101	-0.397989	0.00015	0	0.000631	-0.212787	0.021627	3.366155E+9
4147.09	2.6	4.999204	-0.393649	9E-5	0	0.000681	-0.212787	0.021702	3.366156E+9
3858.83	2.4	4.994874	-0.400968	0.000175	0	0.00057	-0.212787	0.021771	3.366157E+9
3565.29	2.2	4.997707	-0.396284	0.00012	0	0.000653	-0.212787	0.02171	3.366158E+9
3266.89	2	4.999149	-0.399916	0.001157	0	0.000686	-0.212787	0.021613	3.366159E+9
2964.07	1.8	4.99555	-0.398561	-3E-5	0	0.000445	-0.212787	0.021831	3.36616E+9
2657.27	1.6	4.99874	-0.395722	0.000455	0	0.000559	-0.212787	0.021804	3.366161E+9
2346.93	1.4	4.998318	-0.395471	0.000601	0	0.000716	-0.212787	0.021924	3.366162E+9
2033.48	1.2	4.999578	-0.397327	0.000644	0	0.000677	-0.212787	0.021729	3.366163E+9
1717.37	1	4.996927	-0.394308	0.000434	0	0.000753	-0.212787	0.021642	3.366164E+9
1399.02	0.8	5.001225	-0.396397	0.000514	0	0.000746	-0.212787	0.021876	3.366165E+9
1078.87	0.6	4.999165	-0.400465	0.000318	0	0.000773	-0.212787	0.021845	3.366166E+9
757.37	0.4	5.00093	-0.397018	0.000752	0	0.00066	-0.212787	0.021751	3.366167E+9
434.94	0.2	5.003032	-0.395562	0.000582	0	0.000746	-0.212787	0.021758	3.366168E+9
112.03	0	4.997135	-0.391959	1.7E-5	0	0.000537	-0.212787	0.021817	3.366169E+9
-210.93	-0.2	4.997843	-0.396355	0.00044	0	0.000606	-0.212787	0.021836	3.36617E+9
-533.51	-0.4	5.001176	-0.396969	0.00039	0	0.000729	-0.212787	0.021866	3.366171E+9
-855.25	-0.6	5.000842	-0.395251	0.000606	0	0.000751	-0.212787	0.021774	3.366172E+9
-1175.74	-0.8	5.003129	-0.398642	0.0005	0	0.000789	-0.212787	0.021715	3.366173E+9
-1494.53	-1	4.999887	-0.395283	0.000478	0	0.000755	-0.212787	0.021657	3.366174E+9
-1811.18	-1.2	4.999299	-0.395241	0.000697	0	0.000644	-0.212787	0.021792	3.366175E+9
-2125.26	-1.4	4.996553	-0.395637	0.000599	0	0.000524	-0.212787	0.021712	3.366176E+9
-2436.33	-1.6	5.00272	-0.399464	0.000209	0	0.000829	-0.212787	0.02177	3.366177E+9
-2743.95	-1.8	5.000381	-0.39795	0.000528	0	0.000891	-0.212787	0.021837	3.366178E+9
-3047.69	-2	5.002255	-0.399737	0.000701	0	0.000527	-0.212787	0.021732	3.366179E+9
-3347.11	-2.2	4.998311	-0.396089	0.000513	0	0.000537	-0.212787	0.021679	3.36618E+9
-3641.77	-2.4	4.999942	-0.399955	0.000598	0	0.000724	-0.212787	0.021718	3.366181E+9
-3931.24	-2.6	5.000634	-0.395575	0.000163	0	0.000772	-0.212787	0.021638	3.366182E+9
-4215.08	-2.8	5.001628	-0.399415	0.000707	0	0.000833	-0.212787	0.021757	3.366183E+9
-4492.85	-3	5.004831	-0.395488	0.000539	0	0.000708	-0.212787	0.021671	3.366184E+9
-4764.12	-3.2	4.999065	-0.391592	0.00045	0	0.000718	-0.212787	0.02168	3.366185E+9
-5028.44	-3.4	5.002096	-0.391979	0.000692	0	0.000836	-0.212787	0.02163	3.366186E+9
-5285.39	-3.6	4.997216	-0.395095	0.000649	0	0.000867	-0.212787	0.021745	3.366187E+9
-5534.53	-3.8	4.994464	-0.392531	0.000777	0	0.000475	-0.212787	0.021723	3.366188E+9
-5775.41	-4	4.276644	-0.330729	0.00051	0	0.000584	-0.212787	0.021806	3.366189E+9
-6007.6	-4.2	-2.370567	0.25282	-0.00172	0	-0.00162	-0.212787	0.021924	3.36619E+9
-6230.67	-4.4	-4.415528	0.421062	-0.002063	0	-0.002107	-0.212787	0.021727	3.366191E+9
-6444.17	-4.6	-5.063023	0.482682	-0.002434	0	-0.002193	-0.212787	0.02176	3.366192E+9
-6647.68	-4.8	-5.370534	0.50569	-0.002393	0	-0.002315	-0.212787	0.021732	3.366193E+9
-6840.75	-5	-5.530463	0.518725	-0.002903	0	-0.002455	-0.212787	0.021769	3.366194E+9
-7022.95	-5.2	-5.598169	0.521476	-0.002522	0	-0.002439	-0.212787	0.021885	3.366195E+9
-7193.84	-5.4	-5.63607	0.524507	-0.002837	0	-0.00237	-0.212787	0.021693	3.366196E+9
-7352.98	-5.6	-5.655793	0.530986	-0.002813	0	-0.002414	-0.212787	0.021732	3.366197E+9
-7499.94	-5.8	-5.669377	0.530264	-0.002711	0	-0.00249	-0.212787	0.021869	3.366198E+9
-7634.28	-6	-5.672437	0.529758	-0.002313	0	-0.002515	-0.212787	0.021742	3.366199E+9
-7499.94	-5.8	-5.67771	0.531359	-0.002543	0	-0.002381	-0.212787	0.021759	3.3662E+9
-7352.98	-5.6	-5.67846	0.53147	-0.002479	0	-0.002202	-0.212787	0.021774	3.366201E+9
-7193.84	-5.4	-5.680351	0.525836	-0.002743	0	-0.002473	-0.212787	0.021907	3.366202E+9
-7022.95	-5.2	-5.682765	0.529852	-0.002332	0	-0.002524	-0.212787	0.021697	3.366203E+9
-6840.75	-5	-5.683096	0.531025	-0.002116	0	-0.002604	-0.212787	0.021904	3.366204E+9
-6647.68	-4.8	-5.688093	0.529637	-0.002016	0	-0.00221	-0.212787	0.021951	3.366205E+9
-6444.17	-4.6	-5.691657	0.530469	-0.002362	0	-0.00216	-0.212787	0.021818	3.366206E+9
-6230.67	-4.4	-5.693824	0.529228	-0.001914	0	-0.002307	-0.212787	0.021772	3.366207E+9
-6007.6	-4.2	-5.686108	0.53209	-0.001736	0	-0.002392	-0.212787	0.021808	3.366208E+9
-5775.41	-4	-5.689626	0.529452	-0.002282	0	-0.002241	-0.212787	0.021906	3.366209E+9
-5534.53	-3.8	-5.692667	0.529858	-0.002228	0	-0.002347	-0.212787	0.021796	3.36621E+9
-5285.39	-3.6	-5.692394	0.528695	-0.002164	0	-0.002517	-0.212787	0.021945	3.366211E+9
-5028.44	-3.4	-5.69143	0.528988	-0.002308	0	-0.002397	-0.212787	0.021717	3.366212E+9
-4764.12	-3.2	-5.693012	0.531976	-0.002086	0	-0.002346	-0.212787	0.021757	3.366213E+9
-4492.85	-3	-5.692102	0.530008	-0.002374	0	-0.002346	-0.212787	0.021952	3.366214E+9
-4215.08	-2.8	-5.6959	0.530017	-0.002165	0	-0.002549	-0.212787	0.021803	3.366215E+9
-3931.24	-2.6	-5.695435	0.526379	-0.002096	0	-0.002336	-0.212787	0.021741	3.366216E+9
-3641.77	-2.4	-5.693015	0.528711	-0.002079	0	-0.002577	-0.212787	0.02193	3.366217E+9
-3347.11	-2.2	-5.693652	0.529563	-0.001987	0	-0.002428	-0.212787	0.021822	3.366218E+9
-3047.69	-2	-5.692531	0.526099	-0.001833	0	-0.002362	-0.212787	0.021973	3.366219E+9
-2743.95	-1.8	-5.695929	0.532506	-0.002276	0	-0.002394	-0.212787	0.02194	3.36622E+9
-2436.33	-1.6	-5.693096	0.528218	-0.002641	0	-0.002468	-0.212787	0.02177	3.366221E+9
-2125.26	-1.4	-5.696046	0.527275	-0.002586	0	-0.002519	-0.212787	0.021734	3.366222E+9
-1811.18	-1.2	-5.696735	0.526717	-0.002788	0	-0.002559	-0.212787	0.021873	3.366223E+9
-1494.53	-1	-5.696274	0.533013	-0.002676	0	-0.002453	-0.212787	0.021726	3.366224E+9
-1175.74	-0.8	-5.693337	0.53122	-0.002616	0	-0.002336	-0.212787	0.021791	3.366225E+9
-855.25	-0.6	-5.693281	0.531038	-0.002673	0	-0.002452	-0.212787	0.021821	3.366226E+9
-533.51	-0.4	-5.69781	0.526821	-0.002921	0	-0.002415	-0.212787	0.021729	3.366227E+9
-210.93	-0.2	-5.694828	0.528192	-0.002294	0	-0.002518	-0.212787	0.021924	3.366228E+9
112.03	0	-5.695867	0.530186	-0.002522	0	-0.002371	-0.212787	0.021872	3.366229E+9
434.94	0.2	-5.696365	0.527149	-0.002408	0	-0.002481	-0.212787	0.021774	3.36623E+9
757.37	0.4	-5.697115	0.527126	-0.002471	0	-0.002405	-0.212787	0.021827	3.366231E+9
1078.87	0.6	-5.70051	0.527971	-0.002708	0	-0.002531	-0.212787	0.02195	3.366232E+9
1399.02	0.8	-5.701306	0.528555	-0.002489	0	-0.002319	-0.212787	0.021762	3.366233E+9
1717.37	1	-5.697398	0.526418	-0.002497	0	-0.002362	-0.212787	0.021725	3.366234E+9
2033.48	1.2	-5.695608	0.529881	-0.002455	0	-0.00236	-0.212787	0.021777	3.366235E+9
2346.93	1.4	-5.695224	0.530326	-0.002573	0	-0.002565	-0.212787	0.021961	3.366236E+9
2657.27	1.6	-5.697381	0.530748	-0.00272	0	-0.002332	-0.212787	0.021741	3.366237E+9
2964.07	1.8	-5.696602	0.529836	-0.002787	0	-0.00232	-0.212787	0.021918	3.366238E+9
3266.89	2	-5.69181	0.527987	-0.002785	0	-0.002486	-0.212787	0.021854	3.366239E+9
3565.29	2.2	-5.690851	0.526756	-0.002836	0	-0.002548	-0.212787	0.021959	3.36624E+9
3858.83	2.4	-5.689074	0.528965	-0.002704	0	-0.00232	-0.212787	0.02183	3.366241E+9
4147.09	2.6	-5.691218	0.527665	-0.002844	0	-0.002482	-0.212787	0.021742	3.366242E+9
4429.62	2.8	-5.690881	0.529764	-0.002842	0	-0.002515	-0.212787	0.021657	3.366243E+9
4705.98	3	-5.690309	0.530151	-0.001941	0	-0.002303	-0.212787	0.021801	3.366244E+9
4975.74	3.2	-5.683194	0.528058	-0.001828	0	-0.002292	-0.212787	0.021941	3.366245E+9
5238.46	3.4	-5.587071	0.521041	-0.001773	0	-0.002399	-0.212787	0.021921	3.366246E+9
5493.71	3.6	-1.361986	0.150678	-0.00058	0	-0.000932	-0.212787	0.02175	3.366247E+9
5741.05	3.8	2.882925	-0.214354	0.000376	0	0.000277	-0.212787	0.021703	3.366248E+9
5980.04	4	4.114804	-0.318007	0.000866	0	0.000672	-0.212787	0.021808	3.366249E+9
6210.24	4.2	4.559275	-0.359231	0.001349	0	0.000829	-0.212787	0.021775	3.36625E+9
6431.22	4.4	4.792989	-0.375368	0.001044	0	0.000776	-0.212787	0.021746	3.366251E+9
6642.54	4.6	4.895054	-0.384101	0.001242	0	0.000809	-0.212787	0.021881	3.366252E+9
6843.76	4.8	4.936489	-0.392476	0.001019	0	0.000847	-0.212787	0.021816	3.366253E+9
7034.46	5	4.956473	-0.390433	0.000914	0	0.001058	-0.212787	0.021754	3.366254E+9
7214.18	5.2	4.963721	-0.393477	0.000921	0	0.000846	-0.212787	0.021919	3.366255E+9
7382.49	5.4	4.974773	-0.391167	0.001162	0	0.001012	-0.212787	0.021807	3.366256E+9
7538.96	5.6	4.973561	-0.390455	0.001004	0	0.000941	-0.212787	0.021845	3.366257E+9
7683.15	5.8	4.977921	-0.393058	0.000988	0	0.000999	-0.212787	0.021759	3.366258E+9
7814.63	6	4.979546	-0.389315	0.001028	0	0.001054	-0.212787	0.021719	3.366259E+9
