19/05/2022	12:30

Si\Pt3\(Co88Tb12)75\Pt3-20220518_APEJ1

Field	Kepco	Channel A	Channel B	Agilent	0	RF out	Monitor+	Monitor-	Time
8265.94	7	2.617582	0.051252	-0.004857	0	-0.003746	-0.212787	0.038307	2.940335E+9
8204.61	6.8	2.774184	-0.024338	-0.004418	0	-0.004579	-0.212787	0.038276	2.940335E+9
8128.37	6.6	2.725351	0.003605	-0.004611	0	-0.004581	-0.212787	0.038275	2.940336E+9
8037.67	6.4	2.796715	0.008777	-0.003879	0	-0.004005	-0.212787	0.038275	2.940337E+9
7932.95	6.2	2.798024	0.042155	-0.004488	0	-0.004949	-0.212787	0.03827	2.940338E+9
7814.63	6	2.729688	-0.000668	-0.004059	0	-0.004371	-0.212787	0.038423	2.940339E+9
7683.15	5.8	2.66403	0.028464	-0.004018	0	-0.004369	-0.212787	0.038265	2.94034E+9
7538.96	5.6	2.572615	0.020687	-0.003635	0	-0.004696	-0.212787	0.038371	2.940341E+9
7382.49	5.4	2.540111	0.040459	-0.003876	0	-0.00436	-0.212787	0.038352	2.940342E+9
7214.18	5.2	2.511713	0.06436	-0.004214	0	-0.0046	-0.212787	0.038303	2.940343E+9
7034.46	5	2.453088	0.08332	-0.004811	0	-0.005083	-0.212787	0.038258	2.940344E+9
6843.76	4.8	2.474472	0.062252	-0.005777	0	-0.004535	-0.212787	0.038186	2.940345E+9
6642.54	4.6	2.455638	0.070082	-0.004914	0	-0.004453	-0.212787	0.038256	2.940346E+9
6431.22	4.4	2.423163	0.080156	-0.00451	0	-0.00506	-0.212787	0.0382	2.940347E+9
6210.24	4.2	2.381202	0.078717	-0.004587	0	-0.005238	-0.212787	0.038192	2.940348E+9
5980.04	4	2.318269	0.095	-0.005426	0	-0.004364	-0.212787	0.038188	2.940349E+9
5741.05	3.8	2.288744	0.129382	-0.004661	0	-0.005338	-0.212787	0.038268	2.94035E+9
5493.71	3.6	2.244771	0.10807	-0.005065	0	-0.004991	-0.212787	0.038278	2.940351E+9
5238.46	3.4	2.130547	0.117897	-0.004356	0	-0.005024	-0.212787	0.038251	2.940352E+9
4975.74	3.2	2.07161	0.108885	-0.004947	0	-0.005358	-0.212787	0.038258	2.940353E+9
4705.98	3	1.965452	0.112725	-0.005321	0	-0.005039	-0.212787	0.038254	2.940354E+9
4429.62	2.8	1.9116	0.116234	-0.005392	0	-0.004356	-0.212787	0.038289	2.940355E+9
4147.09	2.6	1.848346	0.134213	-0.005296	0	-0.005342	-0.212787	0.038244	2.940356E+9
3858.83	2.4	1.747574	0.147471	-0.004928	0	-0.004873	-0.212787	0.038212	2.940357E+9
3565.29	2.2	1.676045	0.135223	-0.004985	0	-0.0047	-0.212787	0.038316	2.940358E+9
3266.89	2	1.574722	0.168507	-0.004823	0	-0.005104	-0.212787	0.0383	2.940359E+9
2964.07	1.8	1.507299	0.185485	-0.005529	0	-0.005098	-0.212787	0.038217	2.94036E+9
2657.27	1.6	1.433795	0.201629	-0.005066	0	-0.004807	-0.212787	0.038272	2.940361E+9
2346.93	1.4	1.346574	0.195667	-0.005602	0	-0.005837	-0.212787	0.038198	2.940362E+9
2033.48	1.2	1.216837	0.221885	-0.005907	0	-0.005744	-0.212787	0.03823	2.940363E+9
1717.37	1	1.095536	0.245916	-0.00546	0	-0.005777	-0.212787	0.038185	2.940364E+9
1399.02	0.8	0.975652	0.230475	-0.005309	0	-0.005879	-0.212787	0.038178	2.940365E+9
1078.87	0.6	0.868718	0.300535	-0.005732	0	-0.004789	-0.212787	0.03825	2.940366E+9
757.37	0.4	0.737934	0.286435	-0.006504	0	-0.004964	-0.212787	0.038187	2.940367E+9
434.94	0.2	0.646071	0.277439	-0.005835	0	-0.006233	-0.212787	0.038206	2.940368E+9
112.03	0	0.581901	0.298427	-0.005441	0	-0.005609	-0.212787	0.038194	2.940369E+9
-210.93	-0.2	0.510427	0.308046	-0.005169	0	-0.005291	-0.212787	0.038229	2.94037E+9
-533.51	-0.4	0.392583	0.307218	-0.00519	0	-0.005309	-0.212787	0.038338	2.940371E+9
-855.25	-0.6	0.286461	0.348666	-0.004917	0	-0.005752	-0.212787	0.038342	2.940372E+9
-1175.74	-0.8	0.22759	0.367938	-0.005292	0	-0.005187	-0.212787	0.038242	2.940373E+9
-1494.53	-1	0.140746	0.372581	-0.004453	0	-0.005945	-0.212787	0.0382	2.940374E+9
-1811.18	-1.2	0.017432	0.373695	-0.005307	0	-0.00554	-0.212787	0.038243	2.940375E+9
-2125.26	-1.4	-0.044442	0.369744	-0.005963	0	-0.005662	-0.212787	0.03824	2.940376E+9
-2436.33	-1.6	-0.154674	0.369312	-0.005145	0	-0.004879	-0.212787	0.038341	2.940377E+9
-2743.95	-1.8	-0.245965	0.413298	-0.005867	0	-0.006193	-0.212787	0.038251	2.940378E+9
-3047.69	-2	-0.337789	0.390007	-0.005099	0	-0.005146	-0.212787	0.038264	2.940379E+9
-3347.11	-2.2	-0.442793	0.459415	-0.005483	0	-0.005374	-0.212787	0.038239	2.94038E+9
-3641.77	-2.4	-0.57961	0.440364	-0.005766	0	-0.005315	-0.212787	0.038198	2.940381E+9
-3931.24	-2.6	-0.683149	0.436069	-0.005468	0	-0.005665	-0.212787	0.038296	2.940382E+9
-4215.08	-2.8	-0.816652	0.489892	-0.005903	0	-0.005806	-0.212787	0.03829	2.940383E+9
-4492.85	-3	-0.92423	0.470392	-0.005224	0	-0.006433	-0.212787	0.038227	2.940384E+9
-4764.12	-3.2	-1.074227	0.485184	-0.006245	0	-0.00558	-0.212787	0.03825	2.940385E+9
-5028.44	-3.4	-1.207535	0.542473	-0.005787	0	-0.005451	-0.212787	0.038245	2.940386E+9
-5285.39	-3.6	-1.392629	0.530618	-0.005026	0	-0.005846	-0.212787	0.038232	2.940387E+9
-5534.53	-3.8	-1.549364	0.564351	-0.005644	0	-0.006324	-0.212787	0.03824	2.940388E+9
-5775.41	-4	-1.712753	0.587593	-0.005759	0	-0.005617	-0.212787	0.038263	2.940389E+9
-6007.6	-4.2	-1.874865	0.636237	-0.004869	0	-0.005909	-0.212787	0.038336	2.94039E+9
-6230.67	-4.4	-2.022903	0.643105	-0.005189	0	-0.005986	-0.212787	0.038278	2.940391E+9
-6444.17	-4.6	-2.201239	0.655775	-0.006243	0	-0.006331	-0.212787	0.038281	2.940392E+9
-6647.68	-4.8	-2.310132	0.664911	-0.005213	0	-0.005932	-0.212787	0.038292	2.940393E+9
-6840.75	-5	-2.41925	0.686522	-0.006715	0	-0.006421	-0.212787	0.038329	2.940394E+9
-7022.95	-5.2	-2.535534	0.698835	-0.006521	0	-0.005579	-0.212787	0.03823	2.940395E+9
-7193.84	-5.4	-2.673859	0.751391	-0.006675	0	-0.007131	-0.212787	0.038308	2.940396E+9
-7352.98	-5.6	-2.816994	0.739588	-0.006888	0	-0.006474	-0.212787	0.038276	2.940397E+9
-7499.94	-5.8	-2.883852	0.749714	-0.007025	0	-0.006161	-0.212787	0.038278	2.940398E+9
-7634.28	-6	-3.00037	0.749302	-0.006003	0	-0.006543	-0.212787	0.038238	2.940399E+9
-7755.56	-6.2	-3.086584	0.771475	-0.006658	0	-0.0061	-0.212787	0.038279	2.9404E+9
-7863.34	-6.4	-3.137106	0.781065	-0.006916	0	-0.006273	-0.212787	0.038173	2.940401E+9
-7957.2	-6.6	-3.140072	0.763522	-0.0068	0	-0.007088	-0.212787	0.038208	2.940402E+9
-8036.69	-6.8	-3.177836	0.782267	-0.006698	0	-0.007563	-0.212787	0.038229	2.940403E+9
-8101.38	-7	-3.200282	0.806945	-0.007392	0	-0.006118	-0.212787	0.038281	2.940404E+9
-8036.69	-6.8	-3.228491	0.767677	-0.006217	0	-0.006936	-0.212787	0.038275	2.940405E+9
-7957.2	-6.6	-3.205188	0.769691	-0.007056	0	-0.007223	-0.212787	0.038323	2.940406E+9
-7863.34	-6.4	-3.251201	0.774746	-0.006477	0	-0.006496	-0.212787	0.038225	2.940407E+9
-7755.56	-6.2	-3.218043	0.775624	-0.006229	0	-0.007069	-0.212787	0.038299	2.940408E+9
-7634.28	-6	-3.19729	0.780753	-0.007599	0	-0.006845	-0.212787	0.038285	2.940409E+9
-7499.94	-5.8	-3.221328	0.751761	-0.007344	0	-0.005734	-0.212787	0.038319	2.94041E+9
-7352.98	-5.6	-3.187235	0.765299	-0.006771	0	-0.006612	-0.212787	0.038249	2.940411E+9
-7193.84	-5.4	-3.170117	0.79765	-0.007673	0	-0.006844	-0.212787	0.038269	2.940412E+9
-7022.95	-5.2	-3.15617	0.783089	-0.007009	0	-0.00685	-0.212787	0.038262	2.940413E+9
-6840.75	-5	-3.114393	0.748135	-0.006798	0	-0.00652	-0.212787	0.038369	2.940414E+9
-6647.68	-4.8	-3.107467	0.759854	-0.008042	0	-0.007166	-0.212787	0.03827	2.940415E+9
-6444.17	-4.6	-3.10747	0.779707	-0.006948	0	-0.006543	-0.212787	0.038265	2.940416E+9
-6230.67	-4.4	-3.073705	0.766082	-0.006977	0	-0.006904	-0.212787	0.038278	2.940417E+9
-6007.6	-4.2	-3.060986	0.758385	-0.007383	0	-0.007251	-0.212787	0.038326	2.940418E+9
-5775.41	-4	-3.036058	0.751777	-0.007329	0	-0.007	-0.212787	0.03823	2.940419E+9
-5534.53	-3.8	-3.011608	0.757778	-0.007249	0	-0.007061	-0.212787	0.038248	2.94042E+9
-5285.39	-3.6	-2.990789	0.731921	-0.008003	0	-0.006994	-0.212787	0.038271	2.940421E+9
-5028.44	-3.4	-2.944536	0.741131	-0.007004	0	-0.006367	-0.212787	0.038223	2.940422E+9
-4764.12	-3.2	-2.934098	0.721057	-0.006835	0	-0.007518	-0.212787	0.03824	2.940423E+9
-4492.85	-3	-2.881642	0.753775	-0.007357	0	-0.007563	-0.212787	0.038268	2.940424E+9
-4215.08	-2.8	-2.864037	0.704563	-0.007393	0	-0.006586	-0.212787	0.038208	2.940425E+9
-3931.24	-2.6	-2.823125	0.722411	-0.007495	0	-0.006662	-0.212787	0.03835	2.940426E+9
-3641.77	-2.4	-2.785631	0.714871	-0.007627	0	-0.007534	-0.212787	0.038328	2.940427E+9
-3347.11	-2.2	-2.730151	0.707883	-0.007878	0	-0.006883	-0.212787	0.038241	2.940428E+9
-3047.69	-2	-2.684196	0.72055	-0.007092	0	-0.007167	-0.212787	0.03831	2.940429E+9
-2743.95	-1.8	-2.625218	0.685502	-0.008875	0	-0.007671	-0.212787	0.038308	2.94043E+9
-2436.33	-1.6	-2.535625	0.671019	-0.007837	0	-0.006902	-0.212787	0.038228	2.940431E+9
-2125.26	-1.4	-2.455789	0.688419	-0.008452	0	-0.007389	-0.212787	0.038212	2.940432E+9
-1811.18	-1.2	-2.390956	0.704387	-0.007468	0	-0.007872	-0.212787	0.038324	2.940433E+9
-1494.53	-1	-2.250855	0.627647	-0.007235	0	-0.007096	-0.212787	0.038194	2.940434E+9
-1175.74	-0.8	-2.160379	0.668475	-0.00706	0	-0.00699	-0.212787	0.03832	2.940435E+9
-855.25	-0.6	-2.081878	0.635178	-0.007918	0	-0.007241	-0.212787	0.038295	2.940436E+9
-533.51	-0.4	-1.959476	0.625844	-0.007704	0	-0.007073	-0.212787	0.038288	2.940437E+9
-210.93	-0.2	-1.811925	0.604405	-0.00673	0	-0.006434	-0.212787	0.03824	2.940438E+9
112.03	0	-1.712948	0.593561	-0.006468	0	-0.007411	-0.212787	0.038246	2.940439E+9
434.94	0.2	-1.549945	0.566765	-0.007472	0	-0.006263	-0.212787	0.038263	2.94044E+9
757.37	0.4	-1.477695	0.564052	-0.007304	0	-0.00693	-0.212787	0.038272	2.940441E+9
1078.87	0.6	-1.330567	0.54183	-0.007133	0	-0.007945	-0.212787	0.038242	2.940442E+9
1399.02	0.8	-1.229058	0.544436	-0.008261	0	-0.007362	-0.212787	0.038296	2.940443E+9
1717.37	1	-1.122839	0.517009	-0.007897	0	-0.007078	-0.212787	0.038258	2.940444E+9
2033.48	1.2	-0.96266	0.501785	-0.007288	0	-0.007461	-0.212787	0.038259	2.940445E+9
2346.93	1.4	-0.828819	0.509066	-0.007383	0	-0.007192	-0.212787	0.038272	2.940446E+9
2657.27	1.6	-0.722431	0.471165	-0.007579	0	-0.006854	-0.212787	0.038328	2.940447E+9
2964.07	1.8	-0.58269	0.437394	-0.007792	0	-0.00747	-0.212787	0.03825	2.940448E+9
3266.89	2	-0.467991	0.432758	-0.007332	0	-0.007336	-0.212787	0.038338	2.940449E+9
3565.29	2.2	-0.360043	0.420929	-0.007627	0	-0.006528	-0.212787	0.038229	2.94045E+9
3858.83	2.4	-0.206001	0.363903	-0.006762	0	-0.007515	-0.212787	0.038315	2.940451E+9
4147.09	2.6	-0.01209	0.364865	-0.007398	0	-0.007945	-0.212787	0.038269	2.940452E+9
4429.62	2.8	0.142592	0.335612	-0.008088	0	-0.00757	-0.212787	0.038263	2.940453E+9
4705.98	3	0.323982	0.337149	-0.007741	0	-0.007487	-0.212787	0.038296	2.940454E+9
4975.74	3.2	0.480295	0.323589	-0.007745	0	-0.007609	-0.212787	0.038325	2.940455E+9
5238.46	3.4	0.653407	0.289177	-0.007663	0	-0.007333	-0.212787	0.038354	2.940456E+9
5493.71	3.6	0.802842	0.28691	-0.007028	0	-0.007786	-0.212787	0.038294	2.940457E+9
5741.05	3.8	0.987946	0.2514	-0.007553	0	-0.008338	-0.212787	0.038265	2.940458E+9
5980.04	4	1.091284	0.23474	-0.007824	0	-0.00697	-0.212787	0.038304	2.940459E+9
6210.24	4.2	1.16637	0.20682	-0.006414	0	-0.007406	-0.212787	0.038308	2.94046E+9
6431.22	4.4	1.280153	0.199806	-0.007907	0	-0.008326	-0.212787	0.038288	2.940461E+9
6642.54	4.6	1.355759	0.205959	-0.007259	0	-0.007229	-0.212787	0.038341	2.940462E+9
6843.76	4.8	1.397256	0.206843	-0.006418	0	-0.007618	-0.212787	0.038311	2.940463E+9
7034.46	5	1.451085	0.20209	-0.006941	0	-0.007542	-0.212787	0.038448	2.940464E+9
7214.18	5.2	1.514083	0.194351	-0.007775	0	-0.007333	-0.212787	0.038318	2.940465E+9
7382.49	5.4	1.616186	0.15354	-0.007628	0	-0.008226	-0.212787	0.038309	2.940466E+9
7538.96	5.6	1.650338	0.183647	-0.007189	0	-0.007632	-0.212787	0.038323	2.940467E+9
7683.15	5.8	1.676942	0.157172	-0.007474	0	-0.007901	-0.212787	0.038291	2.940468E+9
7814.63	6	1.750284	0.12484	-0.006974	0	-0.008082	-0.212787	0.038299	2.940469E+9
7932.95	6.2	1.79541	0.139596	-0.008128	0	-0.007728	-0.212787	0.038326	2.94047E+9
8037.67	6.4	1.790982	0.149232	-0.008135	0	-0.007539	-0.212787	0.038365	2.940471E+9
8128.37	6.6	1.829379	0.1392	-0.007585	0	-0.008537	-0.212787	0.038395	2.940472E+9
8204.61	6.8	1.846536	0.125613	-0.007719	0	-0.008282	-0.212787	0.038272	2.940473E+9
8265.94	7	1.814383	0.086936	-0.007855	0	-0.007152	-0.212787	0.038339	2.940474E+9
