04/05/2022	12:06

Co88Tb12_20210526_CVEJ6

Field	Kepco	Channel A	Channel B	Agilent	0	RF out	Monitor+	Monitor-	Time
8265.94	7	1.362903	0.695797	0.002279	0	0.002108	-0.212787	0.003646	1.642905E+9
8204.61	6.8	1.362883	0.695307	0.002083	0	0.002253	-0.212787	0.003641	1.642906E+9
8128.37	6.6	1.354463	0.691879	0.002226	0	0.002236	-0.212787	0.003623	1.642907E+9
8037.67	6.4	1.345356	0.68519	0.002196	0	0.002138	-0.212787	0.003594	1.642908E+9
7932.95	6.2	1.347484	0.687795	0.001962	0	0.002116	-0.212787	0.00361	1.642909E+9
7814.63	6	1.341321	0.685554	0.001791	0	0.002237	-0.212787	0.003583	1.64291E+9
7683.15	5.8	1.334746	0.680482	0.00175	0	0.002225	-0.212787	0.003589	1.642911E+9
7538.96	5.6	1.32906	0.679134	0.002142	0	0.002205	-0.212787	0.003555	1.642912E+9
7382.49	5.4	1.324801	0.675694	0.001832	0	0.002214	-0.212787	0.003524	1.642913E+9
7214.18	5.2	1.313252	0.671733	0.001648	0	0.002135	-0.212787	0.003523	1.642914E+9
7034.46	5	1.300344	0.664541	0.001998	0	0.002008	-0.212787	0.003574	1.642915E+9
6843.76	4.8	1.280724	0.654424	0.002044	0	0.0021	-0.212787	0.003485	1.642916E+9
6642.54	4.6	1.264919	0.645399	0.00198	0	0.002108	-0.212787	0.003521	1.642917E+9
6431.22	4.4	1.253006	0.639171	0.001764	0	0.002049	-0.212787	0.003449	1.642918E+9
6210.24	4.2	1.238821	0.633963	0.001769	0	0.002119	-0.212787	0.003513	1.642919E+9
5980.04	4	1.218286	0.621702	0.001619	0	0.002103	-0.212787	0.003484	1.64292E+9
5741.05	3.8	1.187458	0.605097	0.001565	0	0.002111	-0.212787	0.003507	1.642921E+9
5493.71	3.6	1.155714	0.590624	0.00169	0	0.002095	-0.212787	0.003474	1.642922E+9
5238.46	3.4	1.124681	0.574991	0.00175	0	0.002117	-0.212787	0.00349	1.642923E+9
4975.74	3.2	1.084848	0.553971	0.001934	0	0.002091	-0.212787	0.003508	1.642924E+9
4705.98	3	1.044637	0.532987	0.001876	0	0.002109	-0.212787	0.003519	1.642925E+9
4429.62	2.8	0.992315	0.505905	0.001605	0	0.001973	-0.212787	0.003509	1.642926E+9
4147.09	2.6	0.934269	0.474895	0.001698	0	0.002061	-0.212787	0.003519	1.642927E+9
3858.83	2.4	0.87209	0.445916	0.00227	0	0.002069	-0.212787	0.003493	1.642928E+9
3565.29	2.2	0.805344	0.412054	0.002524	0	0.00193	-0.212787	0.003522	1.642929E+9
3266.89	2	0.739065	0.375693	0.001543	0	0.001979	-0.212787	0.00352	1.64293E+9
2964.07	1.8	0.669599	0.340388	0.002442	0	0.001922	-0.212787	0.003515	1.642931E+9
2657.27	1.6	0.595582	0.30251	0.002402	0	0.001915	-0.212787	0.003544	1.642932E+9
2346.93	1.4	0.527366	0.267365	0.002403	0	0.001953	-0.212787	0.003575	1.642933E+9
2033.48	1.2	0.455893	0.230173	0.001351	0	0.001812	-0.212787	0.003504	1.642934E+9
1717.37	1	0.386807	0.195651	0.00241	0	0.001895	-0.212787	0.003517	1.642935E+9
1399.02	0.8	0.317497	0.158667	0.002278	0	0.001818	-0.212787	0.003586	1.642936E+9
1078.87	0.6	0.247677	0.125669	0.002262	0	0.001787	-0.212787	0.003511	1.642937E+9
757.37	0.4	0.18006	0.089185	0.001954	0	0.001742	-0.212787	0.003539	1.642938E+9
434.94	0.2	0.114541	0.055972	0.001817	0	0.001738	-0.212787	0.003536	1.642939E+9
112.03	0	0.048315	0.02171	0.001848	0	0.00166	-0.212787	0.003496	1.64294E+9
-210.93	-0.2	-0.019852	-0.010658	0.001743	0	0.001594	-0.212787	0.003538	1.642941E+9
-533.51	-0.4	-0.085133	-0.047242	0.001827	0	0.00173	-0.212787	0.003531	1.642942E+9
-855.25	-0.6	-0.154258	-0.082284	0.001944	0	0.001692	-0.212787	0.003561	1.642943E+9
-1175.74	-0.8	-0.222392	-0.117566	0.001837	0	0.001531	-0.212787	0.003608	1.642944E+9
-1494.53	-1	-0.286949	-0.151409	0.001711	0	0.001594	-0.212787	0.003552	1.642945E+9
-1811.18	-1.2	-0.3525	-0.183296	0.00165	0	0.001611	-0.212787	0.00354	1.642946E+9
-2125.26	-1.4	-0.416702	-0.21709	0.001737	0	0.001555	-0.212787	0.003558	1.642947E+9
-2436.33	-1.6	-0.481175	-0.251111	0.001571	0	0.001661	-0.212787	0.003521	1.642948E+9
-2743.95	-1.8	-0.54565	-0.284531	0.001752	0	0.001448	-0.212787	0.003514	1.642949E+9
-3047.69	-2	-0.611773	-0.318205	0.002124	0	0.001594	-0.212787	0.003526	1.64295E+9
-3347.11	-2.2	-0.682662	-0.353442	0.001954	0	0.001531	-0.212787	0.003522	1.642951E+9
-3641.77	-2.4	-0.751615	-0.390166	0.001847	0	0.001456	-0.212787	0.003592	1.642952E+9
-3931.24	-2.6	-0.831587	-0.430019	0.002111	0	0.00148	-0.212787	0.003594	1.642953E+9
-4215.08	-2.8	-0.900309	-0.46571	0.001466	0	0.001497	-0.212787	0.003564	1.642954E+9
-4492.85	-3	-0.96318	-0.497747	0.000839	0	0.001424	-0.212787	0.003539	1.642955E+9
-4764.12	-3.2	-1.029608	-0.530427	0.000955	0	0.001502	-0.212787	0.003497	1.642956E+9
-5028.44	-3.4	-1.104178	-0.572557	0.001296	0	0.001361	-0.212787	0.003579	1.642957E+9
-5285.39	-3.6	-1.171918	-0.603206	0.000851	0	0.00137	-0.212787	0.003501	1.642958E+9
-5534.53	-3.8	-1.227171	-0.633453	0.000805	0	0.001441	-0.212787	0.003518	1.642959E+9
-5775.41	-4	-1.282693	-0.660112	0.000803	0	0.00144	-0.212787	0.00353	1.64296E+9
-6007.6	-4.2	-1.328653	-0.684761	0.000736	0	0.001317	-0.212787	0.003493	1.642961E+9
-6230.67	-4.4	-1.372476	-0.706476	0.000867	0	0.001295	-0.212787	0.003538	1.642962E+9
-6444.17	-4.6	-1.414818	-0.730624	0.001037	0	0.001365	-0.212787	0.003556	1.642963E+9
-6647.68	-4.8	-1.451149	-0.74859	0.001221	0	0.0013	-0.212787	0.003578	1.642964E+9
-6840.75	-5	-1.475236	-0.759425	0.001261	0	0.001235	-0.212787	0.003501	1.642965E+9
-7022.95	-5.2	-1.501603	-0.773661	0.001076	0	0.001169	-0.212787	0.00351	1.642966E+9
-7193.84	-5.4	-1.521119	-0.785019	0.000764	0	0.001434	-0.212787	0.00346	1.642967E+9
-7352.98	-5.6	-1.542626	-0.795103	0.001241	0	0.001204	-0.212787	0.003544	1.642968E+9
-7499.94	-5.8	-1.555498	-0.802328	0.001137	0	0.001245	-0.212787	0.003529	1.642969E+9
-7634.28	-6	-1.57144	-0.810519	0.001056	0	0.001236	-0.212787	0.003544	1.64297E+9
-7755.56	-6.2	-1.581573	-0.816487	0.000719	0	0.001278	-0.212787	0.003527	1.642971E+9
-7863.34	-6.4	-1.583808	-0.816275	0.001248	0	0.001157	-0.212787	0.003479	1.642972E+9
-7957.2	-6.6	-1.588402	-0.817559	0.001054	0	0.001293	-0.212787	0.003494	1.642973E+9
-8036.69	-6.8	-1.594139	-0.822721	0.000696	0	0.001266	-0.212787	0.003502	1.642974E+9
-8101.38	-7	-1.602596	-0.826392	0.000736	0	0.001313	-0.212787	0.003529	1.642975E+9
-8036.69	-6.8	-1.593642	-0.821412	0.001393	0	0.001348	-0.212787	0.003508	1.642976E+9
-7957.2	-6.6	-1.584279	-0.815262	0.001844	0	0.001312	-0.212787	0.003481	1.642977E+9
-7863.34	-6.4	-1.586033	-0.818855	0.001258	0	0.001286	-0.212787	0.003539	1.642978E+9
-7755.56	-6.2	-1.586803	-0.817497	0.001462	0	0.001224	-0.212787	0.003492	1.642979E+9
-7634.28	-6	-1.576709	-0.813634	0.001895	0	0.00121	-0.212787	0.003527	1.64298E+9
-7499.94	-5.8	-1.568779	-0.809196	0.001266	0	0.0012	-0.212787	0.003479	1.642981E+9
-7352.98	-5.6	-1.56401	-0.80699	0.001577	0	0.001055	-0.212787	0.003514	1.642982E+9
-7193.84	-5.4	-1.561804	-0.805142	0.001667	0	0.001298	-0.212787	0.003534	1.642983E+9
-7022.95	-5.2	-1.55658	-0.80176	0.001661	0	0.001161	-0.212787	0.003516	1.642984E+9
-6840.75	-5	-1.545647	-0.794772	0.001743	0	0.001346	-0.212787	0.003546	1.642985E+9
-6647.68	-4.8	-1.521632	-0.784762	0.00172	0	0.001251	-0.212787	0.0035	1.642986E+9
-6444.17	-4.6	-1.503644	-0.776536	0.001808	0	0.0013	-0.212787	0.0035	1.642987E+9
-6230.67	-4.4	-1.47124	-0.759431	0.001591	0	0.001113	-0.212787	0.003455	1.642988E+9
-6007.6	-4.2	-1.43667	-0.740575	0.001508	0	0.001115	-0.212787	0.003421	1.642989E+9
-5775.41	-4	-1.398678	-0.721365	0.001466	0	0.001326	-0.212787	0.003482	1.64299E+9
-5534.53	-3.8	-1.368351	-0.705579	0.001289	0	0.001302	-0.212787	0.003444	1.642991E+9
-5285.39	-3.6	-1.327896	-0.687262	0.001292	0	0.001252	-0.212787	0.003424	1.642992E+9
-5028.44	-3.4	-1.287069	-0.664777	0.001511	0	0.001237	-0.212787	0.003442	1.642993E+9
-4764.12	-3.2	-1.230163	-0.633768	0.001282	0	0.001253	-0.212787	0.003405	1.642994E+9
-4492.85	-3	-1.176002	-0.606757	0.001398	0	0.001293	-0.212787	0.003385	1.642995E+9
-4215.08	-2.8	-1.103089	-0.570176	0.001319	0	0.001257	-0.212787	0.003411	1.642996E+9
-3931.24	-2.6	-1.045261	-0.540433	0.001497	0	0.001386	-0.212787	0.003409	1.642997E+9
-3641.77	-2.4	-0.97266	-0.501438	0.001599	0	0.001329	-0.212787	0.003399	1.642998E+9
-3347.11	-2.2	-0.900013	-0.46598	0.001453	0	0.001441	-0.212787	0.003391	1.642999E+9
-3047.69	-2	-0.830021	-0.429519	0.001976	0	0.001484	-0.212787	0.003426	1.643E+9
-2743.95	-1.8	-0.769522	-0.39885	0.00149	0	0.001342	-0.212787	0.003467	1.643001E+9
-2436.33	-1.6	-0.705537	-0.365423	0.002002	0	0.001498	-0.212787	0.003455	1.643002E+9
-2125.26	-1.4	-0.639473	-0.33058	0.001588	0	0.001354	-0.212787	0.003417	1.643003E+9
-1811.18	-1.2	-0.56924	-0.295522	0.001832	0	0.001558	-0.212787	0.003394	1.643004E+9
-1494.53	-1	-0.500843	-0.259324	0.002086	0	0.001557	-0.212787	0.003411	1.643005E+9
-1175.74	-0.8	-0.436244	-0.226745	0.001932	0	0.001476	-0.212787	0.003432	1.643006E+9
-855.25	-0.6	-0.371076	-0.193386	0.002022	0	0.001642	-0.212787	0.003437	1.643007E+9
-533.51	-0.4	-0.309879	-0.16172	0.001008	0	0.00164	-0.212787	0.003405	1.643008E+9
-210.93	-0.2	-0.245136	-0.129284	0.00149	0	0.0016	-0.212787	0.003384	1.643009E+9
112.03	0	-0.179043	-0.096095	0.001402	0	0.00151	-0.212787	0.003338	1.64301E+9
434.94	0.2	-0.115162	-0.06234	0.001012	0	0.001461	-0.212787	0.003344	1.643011E+9
757.37	0.4	-0.05221	-0.029332	0.000922	0	0.001691	-0.212787	0.00335	1.643012E+9
1078.87	0.6	0.011831	0.004098	0.001441	0	0.00169	-0.212787	0.003354	1.643013E+9
1399.02	0.8	0.07309	0.03517	0.001101	0	0.001774	-0.212787	0.003313	1.643014E+9
1717.37	1	0.134957	0.067794	0.00147	0	0.001721	-0.212787	0.003319	1.643015E+9
2033.48	1.2	0.198523	0.099594	0.001547	0	0.001777	-0.212787	0.003343	1.643016E+9
2346.93	1.4	0.2659	0.134612	0.001647	0	0.001711	-0.212787	0.003413	1.643017E+9
2657.27	1.6	0.331542	0.170993	0.001137	0	0.001894	-0.212787	0.003398	1.643018E+9
2964.07	1.8	0.398418	0.203266	0.001363	0	0.001839	-0.212787	0.003361	1.643019E+9
3266.89	2	0.463618	0.236972	0.001822	0	0.001913	-0.212787	0.003355	1.64302E+9
3565.29	2.2	0.529338	0.270766	0.001764	0	0.001861	-0.212787	0.003355	1.643021E+9
3858.83	2.4	0.58898	0.300581	0.001597	0	0.001916	-0.212787	0.003319	1.643022E+9
4147.09	2.6	0.648368	0.333511	0.001903	0	0.001928	-0.212787	0.003285	1.643023E+9
4429.62	2.8	0.72196	0.367993	0.001408	0	0.001966	-0.212787	0.003296	1.643024E+9
4705.98	3	0.78164	0.400738	0.001771	0	0.001868	-0.212787	0.003326	1.643025E+9
4975.74	3.2	0.853289	0.436998	0.001824	0	0.001957	-0.212787	0.003341	1.643026E+9
5238.46	3.4	0.912515	0.467686	0.001879	0	0.001991	-0.212787	0.003355	1.643027E+9
5493.71	3.6	0.9591	0.492559	0.001401	0	0.002037	-0.212787	0.003367	1.643028E+9
5741.05	3.8	1.011766	0.51967	0.00155	0	0.002053	-0.212787	0.003316	1.643029E+9
5980.04	4	1.044732	0.535758	0.001528	0	0.002024	-0.212787	0.003315	1.64303E+9
6210.24	4.2	1.085075	0.555618	0.001858	0	0.002166	-0.212787	0.003379	1.643031E+9
6431.22	4.4	1.120308	0.574312	0.001783	0	0.002099	-0.212787	0.003383	1.643032E+9
6642.54	4.6	1.154122	0.592261	0.002177	0	0.002043	-0.212787	0.003399	1.643033E+9
6843.76	4.8	1.169979	0.598561	0.001362	0	0.002019	-0.212787	0.003324	1.643034E+9
7034.46	5	1.170327	0.600247	0.001572	0	0.002066	-0.212787	0.003299	1.643035E+9
7214.18	5.2	1.184748	0.608096	0.001502	0	0.001998	-0.212787	0.003326	1.643036E+9
7382.49	5.4	1.209725	0.619785	0.001447	0	0.00224	-0.212787	0.003361	1.643037E+9
7538.96	5.6	1.242577	0.636611	0.001499	0	0.002055	-0.212787	0.003437	1.643038E+9
7683.15	5.8	1.265416	0.647085	0.001548	0	0.002126	-0.212787	0.003408	1.643039E+9
7814.63	6	1.250501	0.640499	0.001639	0	0.002084	-0.212787	0.003393	1.64304E+9
7932.95	6.2	1.251869	0.642686	0.001821	0	0.002182	-0.212787	0.003359	1.643041E+9
8037.67	6.4	1.246173	0.637796	0.001588	0	0.002077	-0.212787	0.003352	1.643042E+9
8128.37	6.6	1.258337	0.644417	0.001682	0	0.002185	-0.212787	0.003427	1.643043E+9
8204.61	6.8	1.26539	0.648329	0.002182	0	0.00218	-0.212787	0.003399	1.643044E+9
8265.94	7	1.265777	0.648319	0.002234	0	0.002116	-0.212787	0.003443	1.643045E+9
