06/05/2022	10:23

Co88Tb12_35_20210602_CVMH3

Field	Kepco	Channel A	Channel B	Agilent	0	RF out	Monitor+	Monitor-	Time
8265.94	7	1.966485	4.340662	0.004568	0	0.005586	-0.212787	0.03443	1.809503E+9
8204.61	6.8	1.963867	4.312069	0.004509	0	0.004113	-0.212787	0.034288	1.809503E+9
8128.37	6.6	1.9727	4.331035	0.004008	0	0.004339	-0.212787	0.034271	1.809504E+9
8037.67	6.4	1.953279	4.30702	0.004549	0	0.004811	-0.212787	0.034309	1.809505E+9
7932.95	6.2	1.921655	4.298973	0.004033	0	0.005067	-0.212787	0.034336	1.809506E+9
7814.63	6	1.968256	4.298164	0.004248	0	0.004048	-0.212787	0.034293	1.809507E+9
7683.15	5.8	1.955127	4.297205	0.004424	0	0.004953	-0.212787	0.034285	1.809508E+9
7538.96	5.6	1.967814	4.301874	0.004192	0	0.00418	-0.212787	0.034268	1.809509E+9
7382.49	5.4	1.946869	4.301231	0.003753	0	0.004644	-0.212787	0.034342	1.80951E+9
7214.18	5.2	1.962262	4.287137	0.004833	0	0.00429	-0.212787	0.034453	1.809511E+9
7034.46	5	1.960546	4.29202	0.003793	0	0.004356	-0.212787	0.034285	1.809512E+9
6843.76	4.8	1.96324	4.273564	0.005328	0	0.004568	-0.212787	0.034386	1.809513E+9
6642.54	4.6	1.967707	4.269035	0.005066	0	0.004652	-0.212787	0.034371	1.809514E+9
6431.22	4.4	1.971904	4.296182	0.004992	0	0.004147	-0.212787	0.034353	1.809515E+9
6210.24	4.2	1.992661	4.265922	0.004196	0	0.004069	-0.212787	0.03436	1.809516E+9
5980.04	4	1.985085	4.256933	0.004576	0	0.004461	-0.212787	0.034387	1.809517E+9
5741.05	3.8	1.957496	4.22772	0.005093	0	0.004629	-0.212787	0.034453	1.809518E+9
5493.71	3.6	1.98424	4.242164	0.004321	0	0.004384	-0.212787	0.034522	1.809519E+9
5238.46	3.4	1.975679	4.222632	0.003902	0	0.003724	-0.212787	0.034338	1.80952E+9
4975.74	3.2	1.950803	4.241829	0.003502	0	0.003862	-0.212787	0.03439	1.809521E+9
4705.98	3	1.934741	4.227486	0.004344	0	0.004569	-0.212787	0.034416	1.809522E+9
4429.62	2.8	1.932256	4.224763	0.004533	0	0.00445	-0.212787	0.034404	1.809523E+9
4147.09	2.6	1.927376	4.227161	0.004572	0	0.004254	-0.212787	0.034395	1.809524E+9
3858.83	2.4	1.95232	4.231722	0.004293	0	0.004219	-0.212787	0.034384	1.809525E+9
3565.29	2.2	1.941232	4.221225	0.003913	0	0.004548	-0.212787	0.0345	1.809526E+9
3266.89	2	1.941853	4.216271	0.004689	0	0.004175	-0.212787	0.034526	1.809527E+9
2964.07	1.8	1.943104	4.2259	0.004756	0	0.004304	-0.212787	0.034592	1.809528E+9
2657.27	1.6	1.950618	4.238184	0.004248	0	0.003763	-0.212787	0.034371	1.809529E+9
2346.93	1.4	1.964383	4.244009	0.003228	0	0.004288	-0.212787	0.034408	1.80953E+9
2033.48	1.2	1.983567	4.294161	0.003823	0	0.004296	-0.212787	0.034473	1.809531E+9
1717.37	1	2.003986	4.305113	0.003348	0	0.003542	-0.212787	0.034459	1.809532E+9
1399.02	0.8	2.025344	4.322761	0.00371	0	0.003661	-0.212787	0.034588	1.809533E+9
1078.87	0.6	2.066737	4.346315	0.002952	0	0.003826	-0.212787	0.034646	1.809534E+9
757.37	0.4	2.09788	4.355882	0.003263	0	0.004071	-0.212787	0.034573	1.809535E+9
434.94	0.2	2.142684	4.404913	0.003176	0	0.003963	-0.212787	0.034566	1.809536E+9
112.03	0	2.181839	4.456011	0.004028	0	0.003434	-0.212787	0.034419	1.809537E+9
-210.93	-0.2	2.196845	4.477473	0.002987	0	0.003748	-0.212787	0.034558	1.809538E+9
-533.51	-0.4	2.191588	4.507225	0.002907	0	0.004096	-0.212787	0.034545	1.809539E+9
-855.25	-0.6	2.228667	4.558804	0.003267	0	0.003843	-0.212787	0.034546	1.80954E+9
-1175.74	-0.8	2.282971	4.592435	0.0029	0	0.003836	-0.212787	0.034362	1.809541E+9
-1494.53	-1	2.319185	4.637539	0.003736	0	0.003226	-0.212787	0.034453	1.809542E+9
-1811.18	-1.2	2.31784	4.655177	0.002134	0	0.00365	-0.212787	0.034535	1.809543E+9
-2125.26	-1.4	2.335221	4.688055	0.002655	0	0.003851	-0.212787	0.034571	1.809544E+9
-2436.33	-1.6	2.364509	4.714383	0.002375	0	0.003916	-0.212787	0.034607	1.809545E+9
-2743.95	-1.8	2.38525	4.732054	0.003638	0	0.00292	-0.212787	0.034445	1.809546E+9
-3047.69	-2	2.399772	4.759701	0.00222	0	0.003329	-0.212787	0.034409	1.809547E+9
-3347.11	-2.2	2.413472	4.757131	0.002988	0	0.003603	-0.212787	0.034403	1.809548E+9
-3641.77	-2.4	2.410344	4.759838	0.003349	0	0.003413	-0.212787	0.034467	1.809549E+9
-3931.24	-2.6	2.424008	4.771075	0.003399	0	0.003198	-0.212787	0.034398	1.80955E+9
-4215.08	-2.8	2.417101	4.779077	0.003055	0	0.003089	-0.212787	0.03456	1.809551E+9
-4492.85	-3	2.457617	4.772872	0.002871	0	0.003541	-0.212787	0.034416	1.809552E+9
-4764.12	-3.2	2.428296	4.784652	0.002593	0	0.002922	-0.212787	0.034381	1.809553E+9
-5028.44	-3.4	2.426484	4.789145	0.003277	0	0.003271	-0.212787	0.034401	1.809554E+9
-5285.39	-3.6	2.422715	4.803736	0.002804	0	0.002812	-0.212787	0.034423	1.809555E+9
-5534.53	-3.8	2.408206	4.802218	0.002045	0	0.003466	-0.212787	0.034581	1.809556E+9
-5775.41	-4	2.388037	4.816146	0.003188	0	0.002939	-0.212787	0.03452	1.809557E+9
-6007.6	-4.2	2.378476	4.786806	0.003015	0	0.00337	-0.212787	0.034433	1.809558E+9
-6230.67	-4.4	2.363528	4.781839	0.002837	0	0.00271	-0.212787	0.034377	1.809559E+9
-6444.17	-4.6	2.371998	4.775594	0.003057	0	0.002353	-0.212787	0.034345	1.80956E+9
-6647.68	-4.8	2.356956	4.765055	0.002285	0	0.003286	-0.212787	0.034365	1.809561E+9
-6840.75	-5	2.356108	4.780016	0.003013	0	0.003233	-0.212787	0.034519	1.809562E+9
-7022.95	-5.2	2.348967	4.763788	0.003118	0	0.003106	-0.212787	0.034499	1.809563E+9
-7193.84	-5.4	2.344718	4.77629	0.002847	0	0.002656	-0.212787	0.03439	1.809564E+9
-7352.98	-5.6	2.361443	4.786702	0.002254	0	0.003148	-0.212787	0.034529	1.809565E+9
-7499.94	-5.8	2.35861	4.782644	0.002537	0	0.002939	-0.212787	0.034532	1.809566E+9
-7634.28	-6	2.358148	4.759821	0.00295	0	0.003229	-0.212787	0.034447	1.809567E+9
-7755.56	-6.2	2.324517	4.760198	0.00306	0	0.002275	-0.212787	0.034405	1.809568E+9
-7863.34	-6.4	2.323766	4.766819	0.002142	0	0.002523	-0.212787	0.034422	1.809569E+9
-7957.2	-6.6	2.345744	4.764204	0.002419	0	0.00265	-0.212787	0.03439	1.80957E+9
-8036.69	-6.8	2.338629	4.764038	0.002524	0	0.002939	-0.212787	0.03441	1.809571E+9
-8101.38	-7	2.336628	4.773327	0.002601	0	0.002758	-0.212787	0.034424	1.809572E+9
-8036.69	-6.8	2.31095	4.746235	0.002366	0	0.00239	-0.212787	0.03438	1.809573E+9
-7957.2	-6.6	2.299459	4.761196	0.002232	0	0.002639	-0.212787	0.034348	1.809574E+9
-7863.34	-6.4	2.2975	4.727629	0.002979	0	0.002147	-0.212787	0.034359	1.809575E+9
-7755.56	-6.2	2.307698	4.747944	0.002421	0	0.002611	-0.212787	0.034353	1.809576E+9
-7634.28	-6	2.289196	4.727619	0.002122	0	0.001936	-0.212787	0.034555	1.809577E+9
-7499.94	-5.8	2.302837	4.717522	0.001955	0	0.003106	-0.212787	0.034423	1.809578E+9
-7352.98	-5.6	2.305739	4.720969	0.002277	0	0.002341	-0.212787	0.034414	1.809579E+9
-7193.84	-5.4	2.286756	4.699822	0.00224	0	0.002007	-0.212787	0.034385	1.80958E+9
-7022.95	-5.2	2.259898	4.703688	0.002486	0	0.002244	-0.212787	0.034404	1.809581E+9
-6840.75	-5	2.268277	4.700228	0.002171	0	0.002016	-0.212787	0.034378	1.809582E+9
-6647.68	-4.8	2.256883	4.680189	0.002453	0	0.002971	-0.212787	0.034546	1.809583E+9
-6444.17	-4.6	2.252062	4.678305	0.00156	0	0.001989	-0.212787	0.034505	1.809584E+9
-6230.67	-4.4	2.255028	4.655138	0.002496	0	0.001982	-0.212787	0.034469	1.809585E+9
-6007.6	-4.2	2.228667	4.6657	0.001556	0	0.002287	-0.212787	0.034439	1.809586E+9
-5775.41	-4	2.232956	4.649326	0.002263	0	0.001956	-0.212787	0.034582	1.809587E+9
-5534.53	-3.8	2.206484	4.638933	0.00154	0	0.001882	-0.212787	0.034404	1.809588E+9
-5285.39	-3.6	2.220831	4.647113	0.001477	0	0.002048	-0.212787	0.034549	1.809589E+9
-5028.44	-3.4	2.227312	4.639277	0.001383	0	0.00224	-0.212787	0.034433	1.80959E+9
-4764.12	-3.2	2.211747	4.628959	0.001978	0	0.002137	-0.212787	0.034596	1.809591E+9
-4492.85	-3	2.20369	4.629686	0.001756	0	0.002098	-0.212787	0.034421	1.809592E+9
-4215.08	-2.8	2.202842	4.611912	0.001229	0	0.002226	-0.212787	0.034478	1.809593E+9
-3931.24	-2.6	2.196952	4.582786	0.000736	0	0.002103	-0.212787	0.034596	1.809594E+9
-3641.77	-2.4	2.174656	4.591591	0.001507	0	0.002119	-0.212787	0.034471	1.809595E+9
-3347.11	-2.2	2.166615	4.580684	0.001988	0	0.001525	-0.212787	0.034557	1.809596E+9
-3047.69	-2	2.136554	4.551825	0.001752	0	0.002041	-0.212787	0.034606	1.809597E+9
-2743.95	-1.8	2.123851	4.535623	0.001999	0	0.002184	-0.212787	0.034631	1.809598E+9
-2436.33	-1.6	2.102782	4.51986	0.001903	0	0.002314	-0.212787	0.034685	1.809599E+9
-2125.26	-1.4	2.09968	4.500182	0.001426	0	0.002128	-0.212787	0.03466	1.8096E+9
-1811.18	-1.2	2.034327	4.453753	0.002028	0	0.002497	-0.212787	0.034569	1.809601E+9
-1494.53	-1	2.004106	4.428558	0.001662	0	0.002173	-0.212787	0.034654	1.809602E+9
-1175.74	-0.8	1.953003	4.386148	0.002459	0	0.00183	-0.212787	0.034543	1.809603E+9
-855.25	-0.6	1.932041	4.347614	0.002577	0	0.00182	-0.212787	0.034559	1.809604E+9
-533.51	-0.4	1.8838	4.314327	0.002131	0	0.001959	-0.212787	0.034572	1.809605E+9
-210.93	-0.2	1.8515	4.268427	0.001098	0	0.00141	-0.212787	0.034661	1.809606E+9
112.03	0	1.816524	4.242684	0.002064	0	0.002151	-0.212787	0.034714	1.809607E+9
434.94	0.2	1.798298	4.217759	0.00203	0	0.001989	-0.212787	0.034728	1.809608E+9
757.37	0.4	1.74557	4.172538	0.003243	0	0.001437	-0.212787	0.034732	1.809609E+9
1078.87	0.6	1.706756	4.134829	0.001903	0	0.001893	-0.212787	0.034657	1.80961E+9
1399.02	0.8	1.658765	4.082293	0.00176	0	0.002569	-0.212787	0.034643	1.809611E+9
1717.37	1	1.631166	4.077731	0.002103	0	0.00197	-0.212787	0.0345	1.809612E+9
2033.48	1.2	1.59783	4.055383	0.001926	0	0.001645	-0.212787	0.034621	1.809613E+9
2346.93	1.4	1.588617	4.049779	0.001519	0	0.001542	-0.212787	0.034498	1.809614E+9
2657.27	1.6	1.566931	4.007989	0.001662	0	0.002261	-0.212787	0.034738	1.809615E+9
2964.07	1.8	1.553643	4.002219	0.00249	0	0.001655	-0.212787	0.03456	1.809616E+9
3266.89	2	1.552763	4.007196	0.002376	0	0.001358	-0.212787	0.034513	1.809617E+9
3565.29	2.2	1.534485	3.982924	0.001541	0	0.001721	-0.212787	0.034451	1.809618E+9
3858.83	2.4	1.526912	3.987625	0.001243	0	0.001836	-0.212787	0.034659	1.809619E+9
4147.09	2.6	1.530707	3.979065	0.001613	0	0.00239	-0.212787	0.034682	1.80962E+9
4429.62	2.8	1.543322	3.99192	0.00191	0	0.001289	-0.212787	0.034608	1.809621E+9
4705.98	3	1.522504	3.976999	0.001529	0	0.001793	-0.212787	0.034496	1.809622E+9
4975.74	3.2	1.533829	3.960875	0.001431	0	0.002122	-0.212787	0.034452	1.809623E+9
5238.46	3.4	1.528524	3.953873	0.001857	0	0.001979	-0.212787	0.034459	1.809624E+9
5493.71	3.6	1.513592	3.957876	0.002278	0	0.001086	-0.212787	0.034536	1.809625E+9
5741.05	3.8	1.518829	3.969923	0.002147	0	0.001185	-0.212787	0.034536	1.809626E+9
5980.04	4	1.526766	3.968191	0.001293	0	0.001509	-0.212787	0.034474	1.809627E+9
6210.24	4.2	1.521367	3.963003	0.001174	0	0.001448	-0.212787	0.034447	1.809628E+9
6431.22	4.4	1.504307	3.965962	0.002237	0	0.001637	-0.212787	0.03457	1.809629E+9
6642.54	4.6	1.510395	3.964081	0.001645	0	0.001202	-0.212787	0.034469	1.80963E+9
6843.76	4.8	1.504869	3.956018	0.001356	0	0.0015	-0.212787	0.034526	1.809631E+9
7034.46	5	1.512624	3.949081	0.001417	0	0.002085	-0.212787	0.034412	1.809632E+9
7214.18	5.2	1.491351	3.941197	0.001389	0	0.001329	-0.212787	0.034398	1.809633E+9
7382.49	5.4	1.498778	3.938939	0.001789	0	0.000839	-0.212787	0.034474	1.809634E+9
7538.96	5.6	1.4705	3.9243	0.001269	0	0.001104	-0.212787	0.034531	1.809635E+9
7683.15	5.8	1.482634	3.930164	0.00166	0	0.001893	-0.212787	0.034547	1.809636E+9
7814.63	6	1.470445	3.936918	0.002138	0	0.000816	-0.212787	0.034613	1.809637E+9
7932.95	6.2	1.465055	3.937249	0.002133	0	0.000784	-0.212787	0.034407	1.809638E+9
8037.67	6.4	1.479139	3.931665	0.001602	0	0.001175	-0.212787	0.034512	1.809639E+9
8128.37	6.6	1.449841	3.930765	0.001039	0	0.002086	-0.212787	0.034592	1.80964E+9
8204.61	6.8	1.463512	3.909209	0.001613	0	0.001124	-0.212787	0.034537	1.809641E+9
8265.94	7	1.441007	3.942113	0.001487	0	0.001015	-0.212787	0.034587	1.809642E+9
