25/05/2022	20:29

Si\Ta3\(Co88Tb12)75\Pt3-20220525_APEJ1

Field	Kepco	Channel A	Channel B	Agilent	0	RF out	Monitor+	Monitor-	Time
7814.63	6	4.956674	-0.495437	-0.010926	0	-0.010762	-0.212787	0.088408	3.486711E+9
7717.23	5.85	4.958815	-0.493985	-0.01008	0	-0.011114	-0.212787	0.088609	3.486711E+9
7612.62	5.7	4.961268	-0.49864	-0.01091	0	-0.011242	-0.212787	0.087985	3.486712E+9
7500.98	5.55	4.958753	-0.503312	-0.010805	0	-0.009971	-0.212787	0.087994	3.486712E+9
7382.49	5.4	4.965901	-0.499781	-0.011507	0	-0.010642	-0.212787	0.088438	3.486713E+9
7257.34	5.25	4.964942	-0.500261	-0.010067	0	-0.010117	-0.212787	0.087999	3.486713E+9
7125.71	5.1	4.966187	-0.497851	-0.011537	0	-0.011524	-0.212787	0.087961	3.486713E+9
6987.79	4.95	4.966784	-0.50109	-0.011424	0	-0.010845	-0.212787	0.088536	3.486714E+9
6843.76	4.8	4.974582	-0.501665	-0.010964	0	-0.010665	-0.212787	0.088061	3.486714E+9
6693.81	4.65	4.969432	-0.503686	-0.010316	0	-0.011536	-0.212787	0.088257	3.486715E+9
6538.11	4.5	4.973432	-0.500333	-0.011879	0	-0.010667	-0.212787	0.088553	3.486715E+9
6376.86	4.35	4.970358	-0.494641	-0.010382	0	-0.00994	-0.212787	0.088018	3.486715E+9
6210.24	4.2	4.970394	-0.495239	-0.010871	0	-0.011114	-0.212787	0.088049	3.486716E+9
6038.43	4.05	4.972229	-0.497325	-0.011044	0	-0.011108	-0.212787	0.088318	3.486716E+9
5861.61	3.9	4.973656	-0.498085	-0.011276	0	-0.011658	-0.212787	0.088511	3.486717E+9
5679.98	3.75	4.976609	-0.502078	-0.010562	0	-0.011476	-0.212787	0.08839	3.486717E+9
5493.71	3.6	4.977398	-0.499313	-0.010461	0	-0.011071	-0.212787	0.087973	3.486717E+9
5302.99	3.45	4.982541	-0.500372	-0.011572	0	-0.011551	-0.212787	0.088628	3.486718E+9
5108.01	3.3	4.981463	-0.499085	-0.010723	0	-0.011656	-0.212787	0.087981	3.486718E+9
4908.94	3.15	4.979465	-0.500076	-0.011362	0	-0.011774	-0.212787	0.088375	3.486719E+9
4705.98	3	4.987411	-0.503842	-0.011625	0	-0.010652	-0.212787	0.088229	3.486719E+9
4499.3	2.85	4.987424	-0.497208	-0.011528	0	-0.011444	-0.212787	0.088629	3.486719E+9
4289.09	2.7	4.984156	-0.501889	-0.010888	0	-0.011561	-0.212787	0.08834	3.48672E+9
4075.54	2.55	4.990553	-0.502013	-0.010184	0	-0.011456	-0.212787	0.088071	3.48672E+9
3858.83	2.4	4.987047	-0.493124	-0.011182	0	-0.0116	-0.212787	0.088645	3.486721E+9
3639.15	2.25	4.985615	-0.49904	-0.011653	0	-0.010534	-0.212787	0.088482	3.486721E+9
3416.67	2.1	4.989594	-0.50097	-0.010751	0	-0.011394	-0.212787	0.088417	3.486721E+9
3191.58	1.95	4.988649	-0.500989	-0.012023	0	-0.010682	-0.212787	0.08862	3.486722E+9
2964.07	1.8	4.988246	-0.503507	-0.011724	0	-0.011743	-0.212787	0.08847	3.486722E+9
2734.32	1.65	4.988597	-0.497718	-0.011335	0	-0.009895	-0.212787	0.088487	3.486723E+9
2502.52	1.5	4.991674	-0.497289	-0.010777	0	-0.011276	-0.212787	0.088084	3.486723E+9
2268.84	1.35	4.992106	-0.49839	-0.010954	0	-0.010866	-0.212787	0.088019	3.486723E+9
2033.48	1.2	4.990173	-0.500261	-0.011746	0	-0.011852	-0.212787	0.088208	3.486724E+9
1796.62	1.05	4.99092	-0.49713	-0.011557	0	-0.010851	-0.212787	0.088675	3.486724E+9
1558.44	0.9	4.991151	-0.498088	-0.012078	0	-0.011191	-0.212787	0.088227	3.486725E+9
1319.13	0.75	4.989731	-0.498429	-0.011718	0	-0.011885	-0.212787	0.088329	3.486725E+9
1078.87	0.6	4.990686	-0.501938	-0.011025	0	-0.01125	-0.212787	0.088125	3.486725E+9
837.85	0.45	4.994848	-0.505284	-0.011281	0	-0.010454	-0.212787	0.088612	3.486726E+9
596.24	0.3	4.990377	-0.500031	-0.011417	0	-0.010514	-0.212787	0.088695	3.486726E+9
354.24	0.15	4.995156	-0.501545	-0.012184	0	-0.011179	-0.212787	0.088612	3.486727E+9
112.03	0	4.993558	-0.503052	-0.010878	0	-0.010643	-0.212787	0.088417	3.486727E+9
-130.21	-0.15	4.994611	-0.498601	-0.010696	0	-0.011144	-0.212787	0.088623	3.486727E+9
-372.3	-0.3	4.998974	-0.500749	-0.011502	0	-0.011967	-0.212787	0.08827	3.486728E+9
-614.04	-0.45	4.998798	-0.501126	-0.011888	0	-0.011787	-0.212787	0.088581	3.486728E+9
-855.25	-0.6	4.998405	-0.496766	-0.011932	0	-0.010903	-0.212787	0.08812	3.486729E+9
-1095.76	-0.75	4.998568	-0.499527	-0.011421	0	-0.011868	-0.212787	0.088656	3.486729E+9
-1335.37	-0.9	4.996573	-0.496317	-0.011076	0	-0.010631	-0.212787	0.088359	3.486729E+9
-1573.91	-1.05	4.993581	-0.499368	-0.01057	0	-0.011473	-0.212787	0.088203	3.48673E+9
-1811.18	-1.2	5.003022	-0.499505	-0.011919	0	-0.011382	-0.212787	0.088613	3.48673E+9
-2047	-1.35	5.001683	-0.502259	-0.011002	0	-0.01163	-0.212787	0.087999	3.486731E+9
-2281.19	-1.5	5.002733	-0.496707	-0.010825	0	-0.010509	-0.212787	0.088577	3.486731E+9
-2513.57	-1.65	4.99823	-0.500284	-0.012047	0	-0.0119	-0.212787	0.088441	3.486731E+9
-2743.95	-1.8	4.994822	-0.49944	-0.011197	0	-0.012243	-0.212787	0.088085	3.486732E+9
-2972.14	-1.95	4.915976	-0.486204	-0.0117	0	-0.011307	-0.212787	0.088515	3.486732E+9
-3197.97	-2.1	2.610116	-0.172581	-0.018479	0	-0.018621	-0.212787	0.088499	3.486733E+9
-3421.24	-2.25	-2.191733	0.30943	-0.022048	0	-0.022024	-0.212787	0.088273	3.486733E+9
-3641.77	-2.4	-4.250986	0.499839	-0.023456	0	-0.022086	-0.212787	0.088476	3.486733E+9
-3859.38	-2.55	-4.84047	0.555586	-0.023623	0	-0.02267	-0.212787	0.088238	3.486734E+9
-4073.89	-2.7	-5.007998	0.564068	-0.023589	0	-0.023438	-0.212787	0.08814	3.486734E+9
-4285.11	-2.85	-5.075645	0.571407	-0.023611	0	-0.023239	-0.212787	0.088771	3.486735E+9
-4492.85	-3	-5.113614	0.576602	-0.023892	0	-0.023337	-0.212787	0.088225	3.486735E+9
-4696.93	-3.15	-5.138974	0.580637	-0.023231	0	-0.023345	-0.212787	0.088099	3.486735E+9
-4897.18	-3.3	-5.153513	0.582736	-0.023518	0	-0.023525	-0.212787	0.088204	3.486736E+9
-5093.39	-3.45	-5.163438	0.582294	-0.022857	0	-0.023322	-0.212787	0.088698	3.486736E+9
-5285.39	-3.6	-5.16323	0.583109	-0.022697	0	-0.023186	-0.212787	0.088335	3.486737E+9
-5473	-3.75	-5.166667	0.578857	-0.023494	0	-0.022855	-0.212787	0.088723	3.486737E+9
-5656.02	-3.9	-5.167005	0.586621	-0.023306	0	-0.022899	-0.212787	0.08834	3.486737E+9
-5834.29	-4.05	-5.167031	0.583223	-0.022621	0	-0.023447	-0.212787	0.088126	3.486738E+9
-6007.6	-4.2	-5.171027	0.583191	-0.022916	0	-0.022626	-0.212787	0.088447	3.486738E+9
-6175.78	-4.35	-5.171423	0.586725	-0.023781	0	-0.023156	-0.212787	0.088752	3.486739E+9
-6338.64	-4.5	-5.167921	0.584458	-0.02353	0	-0.022453	-0.212787	0.08815	3.486739E+9
-6496	-4.65	-5.174159	0.58283	-0.023456	0	-0.022644	-0.212787	0.088753	3.486739E+9
-6647.68	-4.8	-5.17013	0.580981	-0.023965	0	-0.023102	-0.212787	0.088199	3.48674E+9
-6793.49	-4.95	-5.16657	0.585559	-0.02341	0	-0.02263	-0.212787	0.08853	3.48674E+9
-6933.24	-5.1	-5.167064	0.58195	-0.022936	0	-0.022389	-0.212787	0.088838	3.486741E+9
-7066.75	-5.25	-5.168818	0.578509	-0.022509	0	-0.023419	-0.212787	0.088232	3.486741E+9
-7193.84	-5.4	-5.166222	0.584493	-0.024206	0	-0.022586	-0.212787	0.088754	3.486741E+9
-7314.32	-5.55	-5.162444	0.582297	-0.022744	0	-0.02222	-0.212787	0.088215	3.486742E+9
-7428.01	-5.7	-5.162437	0.583161	-0.023283	0	-0.022364	-0.212787	0.088132	3.486742E+9
-7534.72	-5.85	-5.163347	0.579633	-0.023123	0	-0.022645	-0.212787	0.088514	3.486743E+9
-7634.28	-6	-5.164932	0.582726	-0.023178	0	-0.022796	-0.212787	0.088294	3.486743E+9
-7534.72	-5.85	-5.167522	0.579721	-0.023092	0	-0.023074	-0.212787	0.08842	3.486743E+9
-7428.01	-5.7	-5.16412	0.580497	-0.022834	0	-0.022761	-0.212787	0.088781	3.486744E+9
-7314.32	-5.55	-5.164997	0.582421	-0.023249	0	-0.022401	-0.212787	0.088202	3.486744E+9
-7193.84	-5.4	-5.172804	0.582797	-0.02366	0	-0.022839	-0.212787	0.088803	3.486745E+9
-7066.75	-5.25	-5.176267	0.582784	-0.023187	0	-0.022446	-0.212787	0.088338	3.486745E+9
-6933.24	-5.1	-5.171891	0.581729	-0.022561	0	-0.022877	-0.212787	0.088151	3.486745E+9
-6793.49	-4.95	-5.175809	0.586628	-0.023456	0	-0.022299	-0.212787	0.088649	3.486746E+9
-6647.68	-4.8	-5.175381	0.581924	-0.022707	0	-0.023012	-0.212787	0.088082	3.486746E+9
-6496	-4.65	-5.176267	0.584529	-0.023277	0	-0.022876	-0.212787	0.08836	3.486747E+9
-6338.64	-4.5	-5.179152	0.58502	-0.023522	0	-0.022651	-0.212787	0.088696	3.486747E+9
-6175.78	-4.35	-5.175419	0.584022	-0.023729	0	-0.023046	-0.212787	0.088747	3.486747E+9
-6007.6	-4.2	-5.184893	0.58499	-0.023259	0	-0.023164	-0.212787	0.088271	3.486748E+9
-5834.29	-4.05	-5.176332	0.586176	-0.023773	0	-0.02282	-0.212787	0.088319	3.486748E+9
-5656.02	-3.9	-5.185611	0.584513	-0.02311	0	-0.023489	-0.212787	0.088714	3.486749E+9
-5473	-3.75	-5.182333	0.585351	-0.024005	0	-0.022628	-0.212787	0.088281	3.486749E+9
-5285.39	-3.6	-5.181807	0.582304	-0.023553	0	-0.022978	-0.212787	0.08876	3.486749E+9
-5093.39	-3.45	-5.187629	0.582382	-0.023201	0	-0.023407	-0.212787	0.088722	3.48675E+9
-4897.18	-3.3	-5.188957	0.585042	-0.023165	0	-0.022959	-0.212787	0.08866	3.48675E+9
-4696.93	-3.15	-5.190172	0.586595	-0.023357	0	-0.023622	-0.212787	0.088226	3.486751E+9
-4492.85	-3	-5.186696	0.585361	-0.023698	0	-0.023001	-0.212787	0.088452	3.486751E+9
-4285.11	-2.85	-5.185699	0.587557	-0.022893	0	-0.023636	-0.212787	0.088863	3.486751E+9
-4073.89	-2.7	-5.184523	0.582294	-0.023252	0	-0.023164	-0.212787	0.088229	3.486752E+9
-3859.38	-2.55	-5.189675	0.580068	-0.023414	0	-0.023586	-0.212787	0.088557	3.486752E+9
-3641.77	-2.4	-5.187404	0.581839	-0.023327	0	-0.023701	-0.212787	0.088723	3.486753E+9
-3421.24	-2.25	-5.193957	0.585796	-0.02368	0	-0.022752	-0.212787	0.088195	3.486753E+9
-3197.97	-2.1	-5.191248	0.584977	-0.023523	0	-0.023511	-0.212787	0.08817	3.486753E+9
-2972.14	-1.95	-5.195263	0.582781	-0.023123	0	-0.023212	-0.212787	0.088486	3.486754E+9
-2743.95	-1.8	-5.194529	0.587034	-0.02344	0	-0.02333	-0.212787	0.088114	3.486754E+9
-2513.57	-1.65	-5.192898	0.582853	-0.022798	0	-0.023515	-0.212787	0.088741	3.486755E+9
-2281.19	-1.5	-5.194955	0.58655	-0.023719	0	-0.022547	-0.212787	0.088768	3.486755E+9
-2047	-1.35	-5.190049	0.586244	-0.022876	0	-0.023773	-0.212787	0.088749	3.486755E+9
-1811.18	-1.2	-5.191946	0.585429	-0.023064	0	-0.023807	-0.212787	0.088336	3.486756E+9
-1573.91	-1.05	-5.191612	0.588769	-0.023388	0	-0.02294	-0.212787	0.08819	3.486756E+9
-1335.37	-0.9	-5.193694	0.584536	-0.023762	0	-0.023068	-0.212787	0.088502	3.486757E+9
-1095.76	-0.75	-5.195319	0.583678	-0.023883	0	-0.023423	-0.212787	0.088276	3.486757E+9
-855.25	-0.6	-5.195517	0.590546	-0.022663	0	-0.023435	-0.212787	0.088413	3.486757E+9
-614.04	-0.45	-5.196803	0.588525	-0.023316	0	-0.02341	-0.212787	0.088551	3.486758E+9
-372.3	-0.3	-5.197502	0.587989	-0.024134	0	-0.023906	-0.212787	0.088734	3.486758E+9
-130.21	-0.15	-5.197638	0.585406	-0.023909	0	-0.0234	-0.212787	0.088844	3.486759E+9
112.03	0	-5.197463	0.582817	-0.024166	0	-0.023707	-0.212787	0.088654	3.486759E+9
354.24	0.15	-5.1963	0.583213	-0.02297	0	-0.023905	-0.212787	0.088618	3.486759E+9
596.24	0.3	-5.198168	0.586482	-0.024007	0	-0.023719	-0.212787	0.088301	3.48676E+9
837.85	0.45	-5.200575	0.581963	-0.023828	0	-0.02376	-0.212787	0.088268	3.48676E+9
1078.87	0.6	-5.202148	0.590621	-0.023704	0	-0.023966	-0.212787	0.088759	3.486761E+9
1319.13	0.75	-5.201628	0.589253	-0.023099	0	-0.023898	-0.212787	0.088846	3.486761E+9
1558.44	0.9	-5.195588	0.588031	-0.023455	0	-0.023321	-0.212787	0.088685	3.486761E+9
1796.62	1.05	-5.200708	0.586631	-0.023241	0	-0.023363	-0.212787	0.08876	3.486762E+9
2033.48	1.2	-5.203801	0.583145	-0.023103	0	-0.023227	-0.212787	0.088809	3.486762E+9
2268.84	1.35	-5.199987	0.582079	-0.023482	0	-0.023684	-0.212787	0.088253	3.486763E+9
2502.52	1.5	-5.121051	0.573841	-0.023228	0	-0.023505	-0.212787	0.088686	3.486763E+9
2734.32	1.65	-2.857017	0.252005	-0.015423	0	-0.015171	-0.212787	0.088442	3.486763E+9
2964.07	1.8	2.373626	-0.259675	-0.012719	0	-0.011984	-0.212787	0.088241	3.486764E+9
3191.58	1.95	4.209084	-0.424399	-0.011854	0	-0.012578	-0.212787	0.088146	3.486764E+9
3416.67	2.1	4.665807	-0.465298	-0.011759	0	-0.011841	-0.212787	0.088624	3.486765E+9
3639.15	2.25	4.819873	-0.479287	-0.012187	0	-0.011225	-0.212787	0.088471	3.486765E+9
3858.83	2.4	4.879716	-0.488101	-0.011839	0	-0.011288	-0.212787	0.088144	3.486765E+9
4075.54	2.55	4.914134	-0.490245	-0.010423	0	-0.012369	-0.212787	0.088335	3.486766E+9
4289.09	2.7	4.934855	-0.495622	-0.011127	0	-0.01055	-0.212787	0.088087	3.486766E+9
4499.3	2.85	4.949264	-0.496743	-0.012351	0	-0.012147	-0.212787	0.088576	3.486767E+9
4705.98	3	4.959078	-0.495158	-0.011582	0	-0.011586	-0.212787	0.088303	3.486767E+9
4908.94	3.15	4.962837	-0.494475	-0.011296	0	-0.011292	-0.212787	0.088732	3.486767E+9
5108.01	3.3	4.963893	-0.496408	-0.011983	0	-0.010962	-0.212787	0.088457	3.486768E+9
5302.99	3.45	4.967476	-0.496415	-0.011456	0	-0.010286	-0.212787	0.088369	3.486768E+9
5493.71	3.6	4.963627	-0.497584	-0.011376	0	-0.01156	-0.212787	0.088095	3.486769E+9
5679.98	3.75	4.962463	-0.49519	-0.011158	0	-0.010515	-0.212787	0.088528	3.486769E+9
5861.61	3.9	4.962938	-0.492906	-0.01064	0	-0.011405	-0.212787	0.088097	3.486769E+9
6038.43	4.05	4.965339	-0.498215	-0.01094	0	-0.011845	-0.212787	0.087942	3.48677E+9
6210.24	4.2	4.96054	-0.492861	-0.011418	0	-0.010698	-0.212787	0.088047	3.48677E+9
6376.86	4.35	4.962876	-0.492357	-0.011305	0	-0.012099	-0.212787	0.088406	3.486771E+9
6538.11	4.5	4.960521	-0.493761	-0.010535	0	-0.011149	-0.212787	0.088527	3.486771E+9
6693.81	4.65	4.95976	-0.498049	-0.010654	0	-0.010794	-0.212787	0.087912	3.486771E+9
6843.76	4.8	4.958016	-0.491525	-0.009622	0	-0.011838	-0.212787	0.088296	3.486772E+9
6987.79	4.95	4.957785	-0.496866	-0.010295	0	-0.011322	-0.212787	0.088493	3.486772E+9
7125.71	5.1	4.95582	-0.496425	-0.011003	0	-0.011316	-0.212787	0.088033	3.486773E+9
7257.34	5.25	4.952291	-0.498621	-0.010173	0	-0.011525	-0.212787	0.088579	3.486773E+9
7382.49	5.4	4.951973	-0.499686	-0.010957	0	-0.012154	-0.212787	0.088309	3.486773E+9
7500.98	5.55	4.954722	-0.495996	-0.010945	0	-0.010768	-0.212787	0.088388	3.486774E+9
7612.62	5.7	4.95132	-0.494722	-0.010904	0	-0.011202	-0.212787	0.088571	3.486774E+9
7717.23	5.85	4.950352	-0.493121	-0.010812	0	-0.011016	-0.212787	0.088093	3.486775E+9
7814.63	6	4.949364	-0.497133	-0.011059	0	-0.010286	-0.212787	0.087979	3.486775E+9
