26/04/2022	16:28

Co88Tb12

Field	Kepco	Channel A	Channel B	Agilent	0	RF out	Monitor+	Monitor-	Time
7814.63	6	1.761216	1.563689	0.008946	0	0.010886	-0.212787	0.049863	9.674506E+8
7750.51	5.9	1.774559	1.570687	0.009113	0	0.011017	-0.212787	0.050015	9.674512E+8
7683.15	5.8	1.765618	1.587369	0.010493	0	0.01092	-0.212787	0.049912	9.674517E+8
7612.62	5.7	1.741502	1.558673	0.009806	0	0.010638	-0.212787	0.050088	9.674522E+8
7538.96	5.6	1.758468	1.565658	0.008611	0	0.010484	-0.212787	0.050015	9.674527E+8
7462.23	5.5	1.74593	1.547081	0.009716	0	0.00893	-0.212787	0.05002	9.674532E+8
7382.49	5.4	1.752561	1.550486	0.010204	0	0.0113	-0.212787	0.049824	9.674537E+8
7299.79	5.3	1.779078	1.55852	0.011703	0	0.01024	-0.212787	0.050012	9.674542E+8
7214.18	5.2	1.773929	1.56978	0.01071	0	0.012005	-0.212787	0.050066	9.674548E+8
7125.71	5.1	1.780982	1.570982	0.01135	0	0.011283	-0.212787	0.049956	9.674552E+8
7034.46	5	1.768604	1.549907	0.010471	0	0.010507	-0.212787	0.049755	9.674557E+8
6940.45	4.9	1.782509	1.551522	0.01076	0	0.01204	-0.212787	0.05006	9.674562E+8
6843.76	4.8	1.779607	1.552604	0.009983	0	0.012192	-0.212787	0.04984	9.674567E+8
6744.44	4.7	1.77962	1.538173	0.01081	0	0.010458	-0.212787	0.049901	9.674572E+8
6642.54	4.6	1.774348	1.564839	0.011544	0	0.011737	-0.212787	0.050041	9.674577E+8
6538.11	4.5	1.785332	1.54327	0.009539	0	0.012717	-0.212787	0.050053	9.674582E+8
6431.22	4.4	1.792245	1.53482	0.008475	0	0.011161	-0.212787	0.050008	9.674587E+8
6321.91	4.3	1.783977	1.547308	0.011216	0	0.011724	-0.212787	0.049892	9.674592E+8
6210.24	4.2	1.777736	1.541532	0.010467	0	0.01121	-0.212787	0.049936	9.674597E+8
6096.26	4.1	1.762639	1.537166	0.011807	0	0.009868	-0.212787	0.049963	9.674602E+8
5980.04	4	1.77912	1.537117	0.01245	0	0.011211	-0.212787	0.049895	9.674607E+8
5861.61	3.9	1.776703	1.540401	0.010589	0	0.010757	-0.212787	0.049857	9.674612E+8
5741.05	3.8	1.766771	1.546044	0.012176	0	0.009601	-0.212787	0.049806	9.674617E+8
5618.4	3.7	1.755339	1.542952	0.010266	0	0.010672	-0.212787	0.049837	9.674622E+8
5493.71	3.6	1.757863	1.536363	0.009578	0	0.012016	-0.212787	0.049908	9.674627E+8
5367.05	3.5	1.754767	1.534482	0.011766	0	0.010577	-0.212787	0.049906	9.674632E+8
5238.46	3.4	1.752733	1.515275	0.010735	0	0.009177	-0.212787	0.050031	9.674637E+8
5108.01	3.3	1.745001	1.505197	0.009901	0	0.010344	-0.212787	0.050047	9.674642E+8
4975.74	3.2	1.722519	1.504158	0.009806	0	0.008894	-0.212787	0.050009	9.674647E+8
4841.71	3.1	1.74083	1.483372	0.010029	0	0.010371	-0.212787	0.049988	9.674652E+8
4705.98	3	1.722146	1.500197	0.009794	0	0.00827	-0.212787	0.049965	9.674657E+8
4568.59	2.9	1.72697	1.494125	0.010094	0	0.007472	-0.212787	0.049966	9.674662E+8
4429.62	2.8	1.711932	1.483742	0.008663	0	0.007766	-0.212787	0.049806	9.674667E+8
4289.09	2.7	1.712104	1.469019	0.01001	0	0.00763	-0.212787	0.049953	9.674672E+8
4147.09	2.6	1.705203	1.472046	0.008853	0	0.007438	-0.212787	0.050014	9.674677E+8
4003.65	2.5	1.681763	1.460201	0.007781	0	0.007569	-0.212787	0.050032	9.674682E+8
3858.83	2.4	1.668329	1.458486	0.008854	0	0.00516	-0.212787	0.049873	9.674687E+8
3712.69	2.3	1.679811	1.447339	0.007401	0	0.006283	-0.212787	0.049824	9.674692E+8
3565.29	2.2	1.663554	1.444857	0.006779	0	0.004764	-0.212787	0.04998	9.674697E+8
3416.67	2.1	1.651588	1.427323	0.007574	0	0.005283	-0.212787	0.049962	9.674702E+8
3266.89	2	1.647086	1.423854	0.00525	0	0.00673	-0.212787	0.049974	9.674707E+8
3116	1.9	1.652167	1.409033	0.007492	0	0.00437	-0.212787	0.050001	9.674712E+8
2964.07	1.8	1.639945	1.399556	0.005932	0	0.004702	-0.212787	0.049875	9.674717E+8
2811.14	1.7	1.63386	1.395833	0.004822	0	0.004432	-0.212787	0.050001	9.674722E+8
2657.27	1.6	1.614896	1.389173	0.005012	0	0.003857	-0.212787	0.050016	9.674727E+8
2502.52	1.5	1.611865	1.375638	0.005415	0	0.003869	-0.212787	0.050037	9.674732E+8
2346.93	1.4	1.602421	1.382493	0.003899	0	0.003489	-0.212787	0.050038	9.674737E+8
2190.57	1.3	1.597824	1.371824	0.003245	0	0.003783	-0.212787	0.050053	9.674742E+8
2033.48	1.2	1.606238	1.378078	0.003505	0	0.00252	-0.212787	0.049983	9.674747E+8
1875.73	1.1	1.605793	1.376743	0.003667	0	0.002553	-0.212787	0.049916	9.674752E+8
1717.37	1	1.598399	1.365323	0.002352	0	0.002711	-0.212787	0.049824	9.674757E+8
1558.44	0.9	1.595907	1.37815	0.002385	0	0.001706	-0.212787	0.049923	9.674762E+8
1399.02	0.8	1.598773	1.373046	0.002679	0	0.002731	-0.212787	0.049898	9.674767E+8
1239.14	0.7	1.583497	1.368026	0.002363	0	0.003705	-0.212787	0.049915	9.674772E+8
1078.87	0.6	1.589744	1.373299	0.003761	0	0.001471	-0.212787	0.049938	9.674777E+8
918.26	0.5	1.576863	1.363705	0.003438	0	0.00135	-0.212787	0.049921	9.674782E+8
757.37	0.4	1.578997	1.361201	0.003359	0	0.001983	-0.212787	0.049921	9.674787E+8
596.24	0.3	1.597496	1.35149	0.001317	0	0.002267	-0.212787	0.050038	9.674792E+8
434.94	0.2	1.578325	1.343992	0.002599	0	0.00322	-0.212787	0.049852	9.674797E+8
273.52	0.1	1.576002	1.345161	0.001395	0	0.001513	-0.212787	0.050023	9.674802E+8
112.03	0	1.58145	1.345636	0.001771	0	0.002232	-0.212787	0.04986	9.674807E+8
-49.47	-0.1	1.564797	1.34471	0.000672	0	0.001931	-0.212787	0.049848	9.674812E+8
-210.93	-0.2	1.564566	1.349982	0.002025	0	0.001935	-0.212787	0.049868	9.674817E+8
-372.3	-0.3	1.552214	1.344752	0.000175	0	0.002057	-0.212787	0.050022	9.674822E+8
-533.51	-0.4	1.563721	1.347107	-0.000334	0	0.001933	-0.212787	0.049983	9.674827E+8
-694.51	-0.5	1.553088	1.345506	0.001711	0	0.00042	-0.212787	0.050004	9.674832E+8
-855.25	-0.6	1.552649	1.346513	0.001452	0	0.000923	-0.212787	0.049931	9.674837E+8
-1015.68	-0.7	1.549258	1.346272	0.000564	0	0.001453	-0.212787	0.049864	9.674842E+8
-1175.74	-0.8	1.551551	1.344888	0.001983	0	-0.000622	-0.212787	0.04984	9.674847E+8
-1335.37	-0.9	1.551528	1.341055	4.2E-5	0	0.00139	-0.212787	0.050048	9.674852E+8
-1494.53	-1	1.559332	1.349589	0.000579	0	8.1E-5	-0.212787	0.05003	9.674857E+8
-1653.15	-1.1	1.554871	1.338478	0.001015	0	0.001214	-0.212787	0.049916	9.674862E+8
-1811.18	-1.2	1.550762	1.34047	0.000473	0	0.000765	-0.212787	0.049993	9.674867E+8
-1968.57	-1.3	1.54776	1.343969	-0.000672	0	0.001016	-0.212787	0.049959	9.674872E+8
-2125.26	-1.4	1.558413	1.358358	0.000544	0	0.000363	-0.212787	0.049921	9.674877E+8
-2281.19	-1.5	1.552194	1.349164	0.000209	0	0.000873	-0.212787	0.049796	9.674882E+8
-2436.33	-1.6	1.55365	1.35635	-0.000274	0	0.000272	-0.212787	0.04978	9.674887E+8
-2590.6	-1.7	1.557643	1.354498	-0.000302	0	0.000208	-0.212787	0.050002	9.674892E+8
-2743.95	-1.8	1.562799	1.351568	-0.000847	0	-0.000293	-0.212787	0.049795	9.674897E+8
-2896.33	-1.9	1.570014	1.350778	-0.000183	0	-2.9E-5	-0.212787	0.049802	9.674902E+8
-3047.69	-2	1.555027	1.357393	-0.000622	0	-0.000681	-0.212787	0.049946	9.674907E+8
-3197.97	-2.1	1.573461	1.367835	-0.001462	0	-0.000676	-0.212787	0.049824	9.674912E+8
-3347.11	-2.2	1.572175	1.361045	-0.001738	0	-0.000812	-0.212787	0.04997	9.674917E+8
-3495.06	-2.3	1.574345	1.3688	-0.002151	0	-0.001302	-0.212787	0.049805	9.674922E+8
-3641.77	-2.4	1.575849	1.386821	-0.00111	0	-0.000678	-0.212787	0.049926	9.674927E+8
-3787.18	-2.5	1.575943	1.37583	-0.002606	0	-0.000751	-0.212787	0.049895	9.674932E+8
-3931.24	-2.6	1.58696	1.39453	-0.001816	0	-0.001449	-0.212787	0.049845	9.674937E+8
-4073.89	-2.7	1.595501	1.385567	-0.001316	0	-0.00331	-0.212787	0.049848	9.674942E+8
-4215.08	-2.8	1.601645	1.389416	-0.003191	0	-0.001232	-0.212787	0.04991	9.674947E+8
-4354.75	-2.9	1.60553	1.397464	-0.003173	0	-0.003128	-0.212787	0.049856	9.674952E+8
-4492.85	-3	1.607291	1.3935	-0.000191	0	-0.003157	-0.212787	0.050003	9.674957E+8
-4629.32	-3.1	1.625994	1.392347	-0.00306	0	-0.001897	-0.212787	0.049993	9.674962E+8
-4764.12	-3.2	1.633674	1.393731	-0.002227	0	-0.002723	-0.212787	0.049861	9.674967E+8
-4897.18	-3.3	1.640218	1.411209	-0.001313	0	-0.00274	-0.212787	0.049814	9.674972E+8
-5028.44	-3.4	1.637037	1.422304	-0.001618	0	-0.002674	-0.212787	0.049911	9.674977E+8
-5157.87	-3.5	1.642157	1.414029	-0.002017	0	-0.002682	-0.212787	0.049903	9.674982E+8
-5285.39	-3.6	1.673511	1.441498	-0.002352	0	-0.002013	-0.212787	0.049984	9.674987E+8
-5410.96	-3.7	1.65587	1.432291	-0.002858	0	-0.003755	-0.212787	0.049891	9.674992E+8
-5534.53	-3.8	1.666266	1.435696	-0.003495	0	-0.003063	-0.212787	0.049825	9.674997E+8
-5656.02	-3.9	1.661588	1.452567	-0.003142	0	-0.003195	-0.212787	0.04991	9.675002E+8
-5775.41	-4	1.69087	1.444536	-0.002768	0	-0.004294	-0.212787	0.050002	9.675007E+8
-5892.62	-4.1	1.685191	1.462092	-0.004034	0	-0.002177	-0.212787	0.049835	9.675012E+8
-6007.6	-4.2	1.715093	1.47948	-0.004327	0	-0.003098	-0.212787	0.049805	9.675017E+8
-6120.3	-4.3	1.719914	1.470861	-0.003248	0	-0.002115	-0.212787	0.049932	9.675022E+8
-6230.67	-4.4	1.724696	1.474727	-0.002412	0	-0.003833	-0.212787	0.050015	9.675027E+8
-6338.64	-4.5	1.730885	1.485659	-0.003177	0	-0.004205	-0.212787	0.049856	9.675032E+8
-6444.17	-4.6	1.726561	1.490237	-0.003242	0	-0.003085	-0.212787	0.049983	9.675037E+8
-6547.2	-4.7	1.737743	1.497566	-0.003197	0	-0.00258	-0.212787	0.049967	9.675042E+8
-6647.68	-4.8	1.759683	1.507416	-0.003493	0	-0.00317	-0.212787	0.04996	9.675047E+8
-6745.55	-4.9	1.758851	1.505269	-0.003628	0	-0.004422	-0.212787	0.049958	9.675052E+8
-6840.75	-5	1.783545	1.51318	-0.003133	0	-0.003892	-0.212787	0.049948	9.675057E+8
-6933.24	-5.1	1.788425	1.531951	-0.002898	0	-0.003203	-0.212787	0.049988	9.675062E+8
-7022.95	-5.2	1.773376	1.536415	-0.003844	0	-0.003405	-0.212787	0.049892	9.675067E+8
-7109.83	-5.3	1.794939	1.550297	-0.001563	0	-0.005173	-0.212787	0.04992	9.675072E+8
-7193.84	-5.4	1.804721	1.550895	-0.003576	0	-0.003413	-0.212787	0.049982	9.675077E+8
-7274.9	-5.5	1.81985	1.559573	-0.003815	0	-0.003684	-0.212787	0.049819	9.675082E+8
-7352.98	-5.6	1.818177	1.56274	-0.004063	0	-0.003242	-0.212787	0.049988	9.675087E+8
-7428.01	-5.7	1.830458	1.578838	-0.003557	0	-0.003837	-0.212787	0.049943	9.675092E+8
-7499.94	-5.8	1.8392	1.578026	-0.004025	0	-0.005107	-0.212787	0.049961	9.675097E+8
-7568.71	-5.9	1.842696	1.57746	-0.003161	0	-0.004147	-0.212787	0.049971	9.675102E+8
-7634.28	-6	1.850025	1.582174	-0.004382	0	-0.001982	-0.212787	0.049839	9.675107E+8
-7568.71	-5.9	1.834096	1.586174	-0.004065	0	-0.003854	-0.212787	0.050017	9.675112E+8
-7499.94	-5.8	1.834171	1.582467	-0.004946	0	-0.003513	-0.212787	0.049856	9.675117E+8
-7428.01	-5.7	1.83615	1.572789	-0.002759	0	-0.004403	-0.212787	0.049867	9.675122E+8
-7352.98	-5.6	1.825292	1.585673	-0.003134	0	-0.004887	-0.212787	0.049952	9.675127E+8
-7274.9	-5.5	1.825201	1.580482	-0.004271	0	-0.002613	-0.212787	0.04997	9.675132E+8
-7193.84	-5.4	1.839249	1.572688	-0.002234	0	-0.004434	-0.212787	0.049991	9.675137E+8
-7109.83	-5.3	1.816579	1.564452	-0.004056	0	-0.004058	-0.212787	0.049993	9.675142E+8
-7022.95	-5.2	1.821829	1.56978	-0.003731	0	-0.003745	-0.212787	0.049991	9.675147E+8
-6933.24	-5.1	1.82664	1.569345	-0.004332	0	-0.003706	-0.212787	0.049978	9.675152E+8
-6840.75	-5	1.831965	1.563039	-0.005601	0	-0.002696	-0.212787	0.0498	9.675157E+8
-6745.55	-4.9	1.826208	1.557812	-0.003277	0	-0.004134	-0.212787	0.049786	9.675162E+8
-6647.68	-4.8	1.823002	1.558539	-0.003458	0	-0.003794	-0.212787	0.049942	9.675167E+8
-6547.2	-4.7	1.81295	1.552243	-0.003681	0	-0.004279	-0.212787	0.049825	9.675172E+8
-6444.17	-4.6	1.805146	1.554423	-0.005074	0	-0.004441	-0.212787	0.049949	9.675177E+8
-6338.64	-4.5	1.805942	1.535216	-0.005042	0	-0.003424	-0.212787	0.04979	9.675182E+8
-6230.67	-4.4	1.807528	1.543839	-0.005313	0	-0.003072	-0.212787	0.049872	9.675187E+8
-6120.3	-4.3	1.801807	1.537409	-0.00325	0	-0.004322	-0.212787	0.049826	9.675192E+8
-6007.6	-4.2	1.782723	1.544323	-0.005005	0	-0.004194	-0.212787	0.049834	9.675197E+8
-5892.62	-4.1	1.789341	1.529934	-0.002901	0	-0.004584	-0.212787	0.04981	9.675202E+8
-5775.41	-4	1.798428	1.536798	-0.003187	0	-0.003606	-0.212787	0.049935	9.675207E+8
-5656.02	-3.9	1.786618	1.54557	-0.003551	0	-0.003192	-0.212787	0.049866	9.675212E+8
-5534.53	-3.8	1.781073	1.52777	-0.003813	0	-0.003431	-0.212787	0.04996	9.675217E+8
-5410.96	-3.7	1.774403	1.521623	-0.002633	0	-0.005746	-0.212787	0.049874	9.675222E+8
-5285.39	-3.6	1.778799	1.520714	-0.003002	0	-0.002793	-0.212787	0.049977	9.675227E+8
-5157.87	-3.5	1.769887	1.525964	-0.001788	0	-0.004308	-0.212787	0.04981	9.675232E+8
-5028.44	-3.4	1.778672	1.528183	-0.004138	0	-0.002869	-0.212787	0.049978	9.675237E+8
-4897.18	-3.3	1.778357	1.515077	-0.003106	0	-0.004026	-0.212787	0.049932	9.675242E+8
-4764.12	-3.2	1.764052	1.513209	-0.003186	0	-0.004335	-0.212787	0.04984	9.675247E+8
-4629.32	-3.1	1.759738	1.502056	-0.004382	0	-0.004039	-0.212787	0.04993	9.675252E+8
-4492.85	-3	1.777086	1.489957	-0.002899	0	-0.00404	-0.212787	0.049949	9.675257E+8
-4354.75	-2.9	1.784169	1.506289	-0.001755	0	-0.004156	-0.212787	0.049933	9.675262E+8
-4215.08	-2.8	1.773597	1.50625	-0.00385	0	-0.00276	-0.212787	0.049816	9.675267E+8
-4073.89	-2.7	1.765011	1.506789	-0.00295	0	-0.003084	-0.212787	0.049924	9.675272E+8
-3931.24	-2.6	1.776303	1.492884	-0.001833	0	-0.003562	-0.212787	0.049879	9.675277E+8
-3787.18	-2.5	1.777671	1.511139	-0.002229	0	-0.003599	-0.212787	0.049981	9.675282E+8
-3641.77	-2.4	1.765355	1.495847	-0.00329	0	-0.003387	-0.212787	0.049941	9.675287E+8
-3495.06	-2.3	1.764341	1.494866	-0.001966	0	-0.004061	-0.212787	0.04997	9.675292E+8
-3347.11	-2.2	1.752623	1.505789	-0.001746	0	-0.003055	-0.212787	0.049944	9.675297E+8
-3197.97	-2.1	1.751349	1.516903	-0.002413	0	-0.001747	-0.212787	0.049997	9.675302E+8
-3047.69	-2	1.734754	1.506243	-0.001452	0	-0.004188	-0.212787	0.049833	9.675307E+8
-2896.33	-1.9	1.743867	1.512845	-0.002705	0	-0.002245	-0.212787	0.049925	9.675312E+8
-2743.95	-1.8	1.745609	1.510577	-0.001735	0	-0.00362	-0.212787	0.049958	9.675317E+8
-2590.6	-1.7	1.746103	1.505841	-0.002259	0	-0.003357	-0.212787	0.04997	9.675322E+8
-2436.33	-1.6	1.735703	1.504612	-0.003327	0	-0.003365	-0.212787	0.049981	9.675327E+8
-2281.19	-1.5	1.741951	1.518404	-0.003877	0	-0.002133	-0.212787	0.049905	9.675332E+8
-2125.26	-1.4	1.748289	1.511061	-0.002707	0	-0.002618	-0.212787	0.049846	9.675337E+8
-1968.57	-1.3	1.727477	1.510506	-0.00354	0	-0.002523	-0.212787	0.049957	9.675342E+8
-1811.18	-1.2	1.731463	1.503843	-0.002584	0	-0.003141	-0.212787	0.04976	9.675347E+8
-1653.15	-1.1	1.735651	1.518225	-0.001462	0	-0.002523	-0.212787	0.049914	9.675352E+8
-1494.53	-1	1.741216	1.516224	-0.002357	0	-0.000648	-0.212787	0.04993	9.675357E+8
-1335.37	-0.9	1.736499	1.526181	-0.002716	0	-0.001245	-0.212787	0.049913	9.675362E+8
-1175.74	-0.8	1.736366	1.51917	-0.002517	0	-0.000787	-0.212787	0.049951	9.675367E+8
-1015.68	-0.7	1.732276	1.528364	-0.001492	0	-0.002143	-0.212787	0.049938	9.675372E+8
-855.25	-0.6	1.738669	1.525229	-0.001441	0	-0.002979	-0.212787	0.049837	9.67538E+8
-694.51	-0.5	1.716444	1.52701	-0.000771	0	-0.002748	-0.212787	0.049929	9.675387E+8
-533.51	-0.4	1.722675	1.522738	-0.003025	0	-0.002654	-0.212787	0.049878	9.675397E+8
-372.3	-0.3	1.73391	1.526243	-0.002467	0	-6.1E-5	-0.212787	0.04997	9.675402E+8
-210.93	-0.2	1.720521	1.523394	-0.003396	0	-0.000939	-0.212787	0.049928	9.675407E+8
-49.47	-0.1	1.732097	1.529125	-0.001802	0	-0.000335	-0.212787	0.049939	9.675412E+8
112.03	0	1.720687	1.508878	-0.002811	0	-0.000735	-0.212787	0.050012	9.675417E+8
273.52	0.1	1.704057	1.495295	-0.002181	0	-0.000307	-0.212787	0.050018	9.675422E+8
434.94	0.2	1.70932	1.510252	-0.00227	0	-0.000544	-0.212787	0.049915	9.675427E+8
596.24	0.3	1.710661	1.509184	-0.001456	0	-0.001404	-0.212787	0.049988	9.675432E+8
757.37	0.4	1.705382	1.485422	-0.002455	0	-0.000488	-0.212787	0.049843	9.675437E+8
918.26	0.5	1.72069	1.487111	-0.003221	0	0.001225	-0.212787	0.049852	9.675442E+8
1078.87	0.6	1.714635	1.492875	-0.000724	0	-0.001275	-0.212787	0.049879	9.675447E+8
1239.14	0.7	1.73673	1.505327	-0.00125	0	-0.000914	-0.212787	0.049962	9.675452E+8
1399.02	0.8	1.724202	1.51994	-0.001137	0	8E-6	-0.212787	0.04997	9.675457E+8
1558.44	0.9	1.717617	1.516263	-0.001622	0	0.000414	-0.212787	0.049866	9.675462E+8
1717.37	1	1.717075	1.502387	-0.000761	0	-0.00076	-0.212787	0.049845	9.675467E+8
1875.73	1.1	1.721071	1.497884	0.000103	0	-0.001617	-0.212787	0.049972	9.675472E+8
2033.48	1.2	1.734329	1.491569	-0.001436	0	-0.000258	-0.212787	0.050002	9.675477E+8
2190.57	1.3	1.737646	1.500438	-0.000297	0	-0.000624	-0.212787	0.04989	9.675482E+8
2346.93	1.4	1.729215	1.512049	-0.000332	0	-0.00152	-0.212787	0.049894	9.675487E+8
2502.52	1.5	1.730099	1.517322	-0.001384	0	0.000991	-0.212787	0.049943	9.675492E+8
2657.27	1.6	1.734985	1.492891	-0.000501	0	-0.000276	-0.212787	0.049983	9.675497E+8
2811.14	1.7	1.737844	1.500149	-0.000303	0	-0.000896	-0.212787	0.049992	9.675502E+8
2964.07	1.8	1.740342	1.512692	-0.000674	0	-0.000481	-0.212787	0.049994	9.675507E+8
3116	1.9	1.751791	1.498323	-0.000974	0	-9.3E-5	-0.212787	0.049847	9.675512E+8
3266.89	2	1.747681	1.511377	-0.000169	0	-0.000129	-0.212787	0.049866	9.675517E+8
3416.67	2.1	1.752337	1.526649	-0.001491	0	0.000483	-0.212787	0.049999	9.675522E+8
3565.29	2.2	1.76515	1.52495	0.000102	0	0.00036	-0.212787	0.049999	9.675527E+8
3712.69	2.3	1.760414	1.532776	0.000531	0	1.2E-5	-0.212787	0.049968	9.675532E+8
3858.83	2.4	1.762324	1.52137	0.000556	0	-0.000879	-0.212787	0.049812	9.675537E+8
4003.65	2.5	1.7571	1.529248	0.000463	0	0.000349	-0.212787	0.049948	9.675542E+8
4147.09	2.6	1.772571	1.526821	-0.001675	0	0.002042	-0.212787	0.050027	9.675547E+8
4289.09	2.7	1.770962	1.52289	0.001307	0	-0.001099	-0.212787	0.050017	9.675552E+8
4429.62	2.8	1.767532	1.504203	-0.000471	0	0.000303	-0.212787	0.04996	9.675557E+8
4568.59	2.9	1.781235	1.517777	2E-6	0	0.000494	-0.212787	0.04988	9.675562E+8
4705.98	3	1.772918	1.511169	-0.001584	0	0.001284	-0.212787	0.049961	9.675567E+8
4841.71	3.1	1.775611	1.523826	0.000691	0	-0.00071	-0.212787	0.050029	9.675572E+8
4975.74	3.2	1.777489	1.523274	0.000186	0	0.000903	-0.212787	0.049967	9.675577E+8
5108.01	3.3	1.783516	1.524135	0.000809	0	0.000445	-0.212787	0.049862	9.675582E+8
5238.46	3.4	1.788168	1.53583	0.002461	0	-0.000156	-0.212787	0.049942	9.675587E+8
5367.05	3.5	1.782619	1.512696	0.001589	0	0.000221	-0.212787	0.049995	9.675592E+8
5493.71	3.6	1.798161	1.523537	0.000624	0	-0.000607	-0.212787	0.049884	9.675597E+8
5618.4	3.7	1.789578	1.51817	-0.000322	0	0.001533	-0.212787	0.05003	9.675602E+8
5741.05	3.8	1.792362	1.515834	0.00223	0	0.000477	-0.212787	0.050046	9.675607E+8
5861.61	3.9	1.800423	1.515886	0.000786	0	0.000553	-0.212787	0.050051	9.675612E+8
5980.04	4	1.806228	1.528131	0.001585	0	-0.000832	-0.212787	0.050061	9.675617E+8
6096.26	4.1	1.806803	1.529375	0.001235	0	0.001294	-0.212787	0.050074	9.675622E+8
6210.24	4.2	1.804763	1.532081	0.001042	0	0.000607	-0.212787	0.050061	9.675627E+8
6321.91	4.3	1.807021	1.545583	0.001319	0	0.000305	-0.212787	0.050038	9.675632E+8
6431.22	4.4	1.806274	1.525889	0.001234	0	0.001382	-0.212787	0.049892	9.675637E+8
6538.11	4.5	1.81601	1.537308	0.002188	0	-0.000895	-0.212787	0.050083	9.675642E+8
6642.54	4.6	1.825074	1.537741	0.003067	0	0.000672	-0.212787	0.049963	9.675647E+8
6744.44	4.7	1.828989	1.546343	0.001162	0	0.00174	-0.212787	0.050093	9.675652E+8
6843.76	4.8	1.830048	1.554745	0.002506	0	0.000295	-0.212787	0.049976	9.675657E+8
6940.45	4.9	1.830649	1.563582	0.001352	0	0.00055	-0.212787	0.050087	9.675662E+8
7034.46	5	1.838823	1.563773	0.003186	0	0.001257	-0.212787	0.050059	9.675667E+8
7125.71	5.1	1.852686	1.585092	0.002615	0	0.001046	-0.212787	0.049883	9.675672E+8
7214.18	5.2	1.848092	1.589039	0.003132	0	0.001001	-0.212787	0.050047	9.675677E+8
7299.79	5.3	1.855737	1.589042	0.00104	0	0.003127	-0.212787	0.049988	9.675682E+8
7382.49	5.4	1.850496	1.588233	0.0024	0	0.001719	-0.212787	0.049916	9.675687E+8
7462.23	5.5	1.860561	1.599279	0.003594	0	0.003674	-0.212787	0.049889	9.675692E+8
7538.96	5.6	1.860837	1.600982	0.003634	0	0.000856	-0.212787	0.050031	9.675697E+8
7612.62	5.7	1.858576	1.615978	0.002275	0	0.00281	-0.212787	0.049941	9.675702E+8
7683.15	5.8	1.842634	1.597135	0.001374	0	0.002752	-0.212787	0.049884	9.675707E+8
7750.51	5.9	1.852228	1.595563	0.002963	0	0.001544	-0.212787	0.050007	9.675712E+8
7814.63	6	1.861559	1.608314	0.002496	0	0.00264	-0.212787	0.049948	9.675717E+8
