16/05/2022	10:23

Si\Ta3\(Co88Tb12)63\Pt3-20220511_APEJ2 

Field	Kepco	Channel A	Channel B	Agilent	0	RF out	Monitor+	Monitor-	Time
8265.94	7	-7.966666	-1.465779	0.005169	0	0.005827	-0.212787	0.05581	2.673557E+9
8186.93	6.75	-7.966211	-1.469924	0.006135	0	0.005354	-0.212787	0.055766	2.673558E+9
8084.8	6.5	-7.972455	-1.466071	0.005675	0	0.005544	-0.212787	0.055777	2.673559E+9
7960.42	6.25	-7.974993	-1.470551	0.006291	0	0.005314	-0.212787	0.055884	2.67356E+9
7814.63	6	-7.981445	-1.467049	0.006368	0	0.005981	-0.212787	0.055903	2.673561E+9
7648.28	5.75	-7.979262	-1.467842	0.006044	0	0.00531	-0.212787	0.055965	2.673562E+9
7462.23	5.5	-7.977556	-1.473495	0.005983	0	0.005429	-0.212787	0.05597	2.673563E+9
7257.34	5.25	-7.978414	-1.469119	0.005665	0	0.00521	-0.212787	0.05577	2.673564E+9
7034.46	5	-7.986403	-1.472705	0.005494	0	0.005446	-0.212787	0.055954	2.673565E+9
6794.43	4.75	-7.992013	-1.470051	0.005561	0	0.005582	-0.212787	0.055682	2.673566E+9
6538.11	4.5	-7.993238	-1.467533	0.005662	0	0.005899	-0.212787	0.055896	2.673567E+9
6266.37	4.25	-7.994063	-1.473053	0.005176	0	0.005541	-0.212787	0.055856	2.673568E+9
5980.04	4	-7.996162	-1.475005	0.005341	0	0.0054	-0.212787	0.055871	2.67357E+9
5679.98	3.75	-7.993657	-1.471182	0.005318	0	0.005436	-0.212787	0.055821	2.67357E+9
5367.05	3.5	-7.998014	-1.4752	0.005641	0	0.005727	-0.212787	0.055996	2.673571E+9
5042.1	3.25	-7.996679	-1.47276	0.005702	0	0.005321	-0.212787	0.055796	2.673572E+9
4705.98	3	-7.998576	-1.47149	0.005617	0	0.005425	-0.212787	0.055846	2.673573E+9
4359.54	2.75	-8.002903	-1.475681	0.005766	0	0.005498	-0.212787	0.055904	2.673574E+9
4003.65	2.5	-8.001227	-1.475746	0.005978	0	0.005831	-0.212787	0.055757	2.673575E+9
3639.15	2.25	-8.004599	-1.469356	0.005503	0	0.005413	-0.212787	0.056019	2.673576E+9
3266.89	2	-8.001302	-1.47609	0.005837	0	0.005377	-0.212787	0.056073	2.673577E+9
2887.73	1.75	-8.00816	-1.476782	0.005896	0	0.005598	-0.212787	0.056027	2.673578E+9
2502.52	1.5	-8.010236	-1.47854	0.005693	0	0.005303	-0.212787	0.055921	2.673579E+9
2112.11	1.25	-8.009963	-1.481574	0.005845	0	0.005379	-0.212787	0.055915	2.67358E+9
1717.37	1	-8.005194	-1.472491	0.005216	0	0.00532	-0.212787	0.056025	2.673581E+9
1319.13	0.75	-8.008358	-1.479433	0.004936	0	0.005656	-0.212787	0.055914	2.673582E+9
918.26	0.5	-8.008872	-1.479281	0.004957	0	0.005714	-0.212787	0.056025	2.673583E+9
515.61	0.25	-8.005529	-1.47585	0.004723	0	0.005427	-0.212787	0.055832	2.673584E+9
112.03	0	-8.004996	-1.480733	0.00518	0	0.005636	-0.212787	0.055936	2.673585E+9
-291.63	-0.25	-8.001584	-1.476766	0.00495	0	0.005883	-0.212787	0.055901	2.673586E+9
-694.51	-0.5	-8.00329	-1.480129	0.00535	0	0.005332	-0.212787	0.055893	2.673587E+9
-1095.76	-0.75	-7.997224	-1.473339	0.005271	0	0.00561	-0.212787	0.055833	2.673588E+9
-1494.53	-1	-7.988699	-1.474479	0.005201	0	0.005464	-0.212787	0.055938	2.673589E+9
-1889.96	-1.25	-7.968073	-1.472712	0.005025	0	0.005343	-0.212787	0.055992	2.67359E+9
-2281.19	-1.5	-7.93151	-1.465054	0.005264	0	0.005828	-0.212787	0.05599	2.673591E+9
-2667.39	-1.75	-7.868902	-1.453651	0.005198	0	0.005198	-0.212787	0.055909	2.673592E+9
-3047.69	-2	-7.758109	-1.437579	0.005213	0	0.005047	-0.212787	0.05586	2.673593E+9
-3421.24	-2.25	-7.582328	-1.404571	0.005217	0	0.005143	-0.212787	0.055945	2.673594E+9
-3787.18	-2.5	-7.272924	-1.356171	0.004596	0	0.004908	-0.212787	0.055716	2.673595E+9
-4144.67	-2.75	-6.539653	-1.227947	0.003783	0	0.004708	-0.212787	0.056028	2.673596E+9
-4492.85	-3	-5.134673	-0.963833	0.003272	0	0.003762	-0.212787	0.056042	2.673597E+9
-4830.87	-3.25	-3.388774	-0.645051	0.00239	0	0.00278	-0.212787	0.055829	2.673598E+9
-5157.87	-3.5	-1.595432	-0.306604	0.001174	0	0.001432	-0.212787	0.055844	2.673599E+9
-5473	-3.75	0.102368	0.014586	0.000568	0	0.000553	-0.212787	0.055861	2.6736E+9
-5775.41	-4	1.6386	0.308316	-8.3E-5	0	-0.000339	-0.212787	0.055999	2.673601E+9
-6064.24	-4.25	2.946287	0.553818	-0.000566	0	-0.001043	-0.212787	0.055982	2.673602E+9
-6338.64	-4.5	4.006881	0.75	-0.001052	0	-0.002103	-0.212787	0.056213	2.673603E+9
-6597.76	-4.75	4.82742	0.90503	-0.001801	0	-0.002012	-0.212787	0.056097	2.673604E+9
-6840.75	-5	5.432939	1.013611	-0.00222	0	-0.002583	-0.212787	0.05606	2.673605E+9
-7066.75	-5.25	5.855255	1.091115	-0.002794	0	-0.0029	-0.212787	0.055909	2.673606E+9
-7274.9	-5.5	6.140876	1.149362	-0.002121	0	-0.002809	-0.212787	0.05621	2.673607E+9
-7464.36	-5.75	6.32416	1.183891	-0.002696	0	-0.003586	-0.212787	0.056163	2.673608E+9
-7634.28	-6	6.445624	1.203267	-0.003139	0	-0.003247	-0.212787	0.056102	2.673609E+9
-7783.79	-6.25	6.529993	1.223344	-0.003514	0	-0.003239	-0.212787	0.055916	2.67361E+9
-7912.04	-6.5	6.592608	1.237116	-0.003045	0	-0.003468	-0.212787	0.055881	2.673611E+9
-8018.19	-6.75	6.644651	1.245192	-0.002912	0	-0.00324	-0.212787	0.055924	2.673612E+9
-8101.38	-7	6.680353	1.246739	-0.003104	0	-0.003446	-0.212787	0.056121	2.673613E+9
-8018.19	-6.75	6.690512	1.250465	-0.003346	0	-0.003471	-0.212787	0.055895	2.673614E+9
-7912.04	-6.5	6.689924	1.249981	-0.003512	0	-0.003304	-0.212787	0.055978	2.673615E+9
-7783.79	-6.25	6.690216	1.249747	-0.003078	0	-0.003329	-0.212787	0.056147	2.673616E+9
-7634.28	-6	6.697666	1.254744	-0.002952	0	-0.003452	-0.212787	0.056224	2.673617E+9
-7464.36	-5.75	6.700155	1.25577	-0.002995	0	-0.003244	-0.212787	0.056122	2.673618E+9
-7274.9	-5.5	6.704212	1.249214	-0.003393	0	-0.00293	-0.212787	0.056198	2.673619E+9
-7066.75	-5.25	6.706857	1.256872	-0.003282	0	-0.003391	-0.212787	0.056197	2.67362E+9
-6840.75	-5	6.706327	1.254893	-0.003089	0	-0.003242	-0.212787	0.056236	2.673621E+9
-6597.76	-4.75	6.711162	1.257872	-0.003325	0	-0.003535	-0.212787	0.056198	2.673622E+9
-6338.64	-4.5	6.715986	1.253772	-0.003069	0	-0.00332	-0.212787	0.056048	2.673623E+9
-6064.24	-4.25	6.7165	1.256469	-0.002953	0	-0.003554	-0.212787	0.05624	2.673624E+9
-5775.41	-4	6.716652	1.257947	-0.003088	0	-0.003308	-0.212787	0.056236	2.673625E+9
-5473	-3.75	6.722507	1.256453	-0.002992	0	-0.003366	-0.212787	0.056306	2.673626E+9
-5157.87	-3.5	6.724475	1.25643	-0.00345	0	-0.003604	-0.212787	0.056238	2.673627E+9
-4830.87	-3.25	6.723566	1.262544	-0.002908	0	-0.003188	-0.212787	0.056105	2.673628E+9
-4492.85	-3	6.72226	1.255855	-0.002975	0	-0.00312	-0.212787	0.056262	2.673629E+9
-4144.67	-2.75	6.729332	1.254331	-0.002844	0	-0.003592	-0.212787	0.0563	2.67363E+9
-3787.18	-2.5	6.727468	1.258503	-0.003792	0	-0.00359	-0.212787	0.056259	2.673631E+9
-3421.24	-2.25	6.730778	1.256381	-0.002991	0	-0.003374	-0.212787	0.056226	2.673632E+9
-3047.69	-2	6.730356	1.257284	-0.003803	0	-0.003345	-0.212787	0.056016	2.673633E+9
-2667.39	-1.75	6.729099	1.259507	-0.003803	0	-0.003718	-0.212787	0.056308	2.673634E+9
-2281.19	-1.5	6.728962	1.258158	-0.003827	0	-0.003616	-0.212787	0.056285	2.673635E+9
-1889.96	-1.25	6.730788	1.258149	-0.003987	0	-0.003479	-0.212787	0.056319	2.673636E+9
-1494.53	-1	6.732045	1.257713	-0.003419	0	-0.003517	-0.212787	0.056238	2.673637E+9
-1095.76	-0.75	6.733072	1.259526	-0.003448	0	-0.003388	-0.212787	0.056261	2.673638E+9
-694.51	-0.5	6.726694	1.260056	-0.003982	0	-0.003358	-0.212787	0.056101	2.673639E+9
-291.63	-0.25	6.723598	1.26423	-0.003779	0	-0.003465	-0.212787	0.056143	2.67364E+9
112.03	0	6.72276	1.257668	-0.003967	0	-0.003436	-0.212787	0.056216	2.673641E+9
515.61	0.25	6.714089	1.263035	-0.003754	0	-0.003086	-0.212787	0.0563	2.673642E+9
918.26	0.5	6.703322	1.256784	-0.004296	0	-0.003579	-0.212787	0.056207	2.673643E+9
1319.13	0.75	6.685431	1.249965	-0.004055	0	-0.003635	-0.212787	0.05613	2.673644E+9
1717.37	1	6.646779	1.246417	-0.003867	0	-0.003307	-0.212787	0.056314	2.673645E+9
2112.11	1.25	6.58025	1.235898	-0.003989	0	-0.003537	-0.212787	0.056152	2.673646E+9
2502.52	1.5	6.451686	1.207942	-0.003462	0	-0.003279	-0.212787	0.056184	2.673647E+9
2887.73	1.75	6.250486	1.171513	-0.003469	0	-0.003109	-0.212787	0.056289	2.673648E+9
3266.89	2	5.939367	1.115987	-0.003296	0	-0.002927	-0.212787	0.05616	2.673649E+9
3639.15	2.25	5.280686	0.987026	-0.002774	0	-0.0026	-0.212787	0.056098	2.67365E+9
4003.65	2.5	3.974244	0.74501	-0.002327	0	-0.00197	-0.212787	0.056241	2.673651E+9
4359.54	2.75	2.247617	0.415189	-0.000766	0	-0.000648	-0.212787	0.056225	2.673652E+9
4705.98	3	0.447115	0.077547	0.000282	0	0.000499	-0.212787	0.056067	2.673653E+9
5042.1	3.25	-1.290119	-0.255858	0.000961	0	0.001161	-0.212787	0.056212	2.673654E+9
5367.05	3.5	-2.864313	-0.556112	0.002204	0	0.002715	-0.212787	0.056127	2.673655E+9
5679.98	3.75	-4.238627	-0.807254	0.004095	0	0.003234	-0.212787	0.05612	2.673656E+9
5980.04	4	-5.343169	-1.017308	0.003875	0	0.003827	-0.212787	0.056187	2.673657E+9
6266.37	4.25	-6.208922	-1.176359	0.004365	0	0.004573	-0.212787	0.056051	2.673658E+9
6538.11	4.5	-6.857694	-1.298826	0.004082	0	0.004837	-0.212787	0.056012	2.673659E+9
6794.43	4.75	-7.292307	-1.38105	0.004516	0	0.005035	-0.212787	0.05604	2.67366E+9
7034.46	5	-7.559686	-1.423886	0.004792	0	0.005289	-0.212787	0.056222	2.673661E+9
7257.34	5.25	-7.716121	-1.450038	0.004966	0	0.005425	-0.212787	0.055948	2.673662E+9
7462.23	5.5	-7.815572	-1.460941	0.004955	0	0.005257	-0.212787	0.056035	2.673663E+9
7648.28	5.75	-7.873041	-1.469677	0.00503	0	0.005647	-0.212787	0.055939	2.673664E+9
7814.63	6	-7.916526	-1.47942	0.005011	0	0.005656	-0.212787	0.056075	2.673665E+9
7960.42	6.25	-7.949323	-1.481019	0.005552	0	0.005494	-0.212787	0.056093	2.673666E+9
8084.8	6.5	-7.972439	-1.492156	0.005163	0	0.005638	-0.212787	0.056048	2.673667E+9
8186.93	6.75	-7.985496	-1.492195	0.004915	0	0.005686	-0.212787	0.055876	2.673668E+9
8265.94	7	-7.982982	-1.487835	0.005186	0	0.00534	-0.212787	0.055882	2.673669E+9
