19/05/2022	16:23

Si\Pt3\(Co88Tb12)75\Pt3-20220518_APEJ7

Field	Kepco	Channel A	Channel B	Agilent	0	RF out	Monitor+	Monitor-	Time
8265.94	7	3.013322	-0.08743	0.004448	0	0.003397	-0.212787	0.049266	2.954312E+9
8204.61	6.8	3.030993	-0.087833	0.002929	0	0.003767	-0.212787	0.049394	2.954312E+9
8128.37	6.6	3.03007	-0.08908	0.004066	0	0.005193	-0.212787	0.049039	2.954313E+9
8037.67	6.4	3.028767	-0.087352	0.003811	0	0.005298	-0.212787	0.04916	2.954314E+9
7932.95	6.2	3.026259	-0.087726	0.003506	0	0.0044	-0.212787	0.049474	2.954315E+9
7814.63	6	3.024053	-0.086712	0.003814	0	0.004899	-0.212787	0.049326	2.954316E+9
7683.15	5.8	3.021786	-0.087287	0.005352	0	0.004194	-0.212787	0.048949	2.954317E+9
7538.96	5.6	3.018751	-0.08615	0.004857	0	0.004994	-0.212787	0.049162	2.954318E+9
7382.49	5.4	3.016464	-0.087514	0.004304	0	0.005424	-0.212787	0.049391	2.954319E+9
7214.18	5.2	3.015161	-0.087313	0.004535	0	0.005658	-0.212787	0.048896	2.95432E+9
7034.46	5	3.014382	-0.087739	0.004816	0	0.004838	-0.212787	0.0493	2.954321E+9
6843.76	4.8	3.012588	-0.08732	0.004174	0	0.005609	-0.212787	0.049441	2.954322E+9
6642.54	4.6	3.010343	-0.087138	0.005612	0	0.005771	-0.212787	0.04841	2.954323E+9
6431.22	4.4	3.008566	-0.087677	0.00543	0	0.006908	-0.212787	0.048857	2.954324E+9
6210.24	4.2	3.008147	-0.087297	0.004991	0	0.005806	-0.212787	0.049268	2.954325E+9
5980.04	4	3.007851	-0.08783	0.006078	0	0.005772	-0.212787	0.049121	2.954326E+9
5741.05	3.8	3.006539	-0.087904	0.006419	0	0.005958	-0.212787	0.048428	2.954327E+9
5493.71	3.6	3.005655	-0.086832	0.005084	0	0.006048	-0.212787	0.049333	2.954328E+9
5238.46	3.4	3.004304	-0.087862	0.005795	0	0.007029	-0.212787	0.048504	2.954329E+9
4975.74	3.2	3.003063	-0.08768	0.006406	0	0.005918	-0.212787	0.048711	2.95433E+9
4705.98	3	3.001796	-0.088171	0.005702	0	0.005836	-0.212787	0.048832	2.954331E+9
4429.62	2.8	3.0001	-0.086764	0.007157	0	0.006314	-0.212787	0.048293	2.954332E+9
4147.09	2.6	2.998339	-0.087102	0.00546	0	0.005784	-0.212787	0.048386	2.954333E+9
3858.83	2.4	2.996887	-0.087271	0.005818	0	0.005827	-0.212787	0.048632	2.954334E+9
3565.29	2.2	2.995623	-0.087251	0.006295	0	0.005794	-0.212787	0.048754	2.954335E+9
3266.89	2	2.99393	-0.08808	0.006103	0	0.005879	-0.212787	0.048438	2.954336E+9
2964.07	1.8	2.992816	-0.087183	0.006049	0	0.006114	-0.212787	0.048675	2.954337E+9
2657.27	1.6	2.991299	-0.087677	0.00571	0	0.005953	-0.212787	0.048157	2.954338E+9
2346.93	1.4	2.989983	-0.087079	0.00509	0	0.005542	-0.212787	0.048261	2.954339E+9
2033.48	1.2	2.988765	-0.087758	0.004801	0	0.005447	-0.212787	0.048463	2.95434E+9
1717.37	1	2.987494	-0.087258	0.005768	0	0.005009	-0.212787	0.048662	2.954341E+9
1399.02	0.8	2.986656	-0.086686	0.005297	0	0.005267	-0.212787	0.048353	2.954342E+9
1078.87	0.6	2.985191	-0.086644	0.005651	0	0.005169	-0.212787	0.047976	2.954343E+9
757.37	0.4	2.984083	-0.087274	0.005197	0	0.004816	-0.212787	0.048544	2.954344E+9
434.94	0.2	2.97984	-0.086657	0.004794	0	0.005155	-0.212787	0.048035	2.954345E+9
112.03	0	2.977819	-0.088109	0.00513	0	0.004376	-0.212787	0.048592	2.954346E+9
-210.93	-0.2	2.972517	-0.086293	0.005541	0	0.00494	-0.212787	0.048049	2.954347E+9
-533.51	-0.4	2.961991	-0.086949	0.004811	0	0.004722	-0.212787	0.048233	2.954348E+9
-855.25	-0.6	2.940088	-0.085114	0.004392	0	0.003949	-0.212787	0.048366	2.954349E+9
-1175.74	-0.8	2.906904	-0.083899	0.003726	0	0.00425	-0.212787	0.047951	2.95435E+9
-1494.53	-1	2.848907	-0.08357	0.004503	0	0.004053	-0.212787	0.04823	2.954351E+9
-1811.18	-1.2	2.76295	-0.081066	0.004013	0	0.003889	-0.212787	0.048028	2.954352E+9
-2125.26	-1.4	2.625382	-0.07679	0.004035	0	0.00375	-0.212787	0.04809	2.954353E+9
-2436.33	-1.6	2.411552	-0.069929	0.003623	0	0.003413	-0.212787	0.047738	2.954354E+9
-2743.95	-1.8	2.115115	-0.059867	0.003458	0	0.003613	-0.212787	0.048097	2.954355E+9
-3047.69	-2	1.760657	-0.049799	0.002519	0	0.002713	-0.212787	0.04828	2.954356E+9
-3347.11	-2.2	1.382483	-0.03809	0.00245	0	0.001963	-0.212787	0.048103	2.954357E+9
-3641.77	-2.4	0.990678	-0.025875	0.002044	0	0.002216	-0.212787	0.04815	2.954358E+9
-3931.24	-2.6	0.609165	-0.011161	0.001614	0	0.001152	-0.212787	0.047991	2.954359E+9
-4215.08	-2.8	0.234672	0.00034	0.000618	0	0.000968	-0.212787	0.048031	2.95436E+9
-4492.85	-3	-0.131295	0.011295	6.2E-5	0	0.001211	-0.212787	0.04815	2.954361E+9
-4764.12	-3.2	-0.485931	0.020989	-0.000546	0	-0.000601	-0.212787	0.048322	2.954362E+9
-5028.44	-3.4	-0.835651	0.031833	-0.000948	0	-0.000553	-0.212787	0.047929	2.954363E+9
-5285.39	-3.6	-1.182181	0.043714	-0.001003	0	-0.001403	-0.212787	0.048112	2.954364E+9
-5534.53	-3.8	-1.517877	0.054211	-0.002029	0	-0.001622	-0.212787	0.048149	2.954365E+9
-5775.41	-4	-1.831961	0.063279	-0.002503	0	-0.00227	-0.212787	0.048146	2.954366E+9
-6007.6	-4.2	-2.114659	0.071141	-0.002017	0	-0.003251	-0.212787	0.048676	2.954367E+9
-6230.67	-4.4	-2.357607	0.078626	-0.003286	0	-0.003637	-0.212787	0.048138	2.954368E+9
-6444.17	-4.6	-2.565443	0.085354	-0.003439	0	-0.003404	-0.212787	0.048418	2.954369E+9
-6647.68	-4.8	-2.739163	0.090932	-0.003655	0	-0.004155	-0.212787	0.048534	2.95437E+9
-6840.75	-5	-2.883264	0.095328	-0.00455	0	-0.004332	-0.212787	0.048252	2.954371E+9
-7022.95	-5.2	-2.999155	0.099327	-0.004252	0	-0.004513	-0.212787	0.048136	2.954372E+9
-7193.84	-5.4	-3.093734	0.10192	-0.003951	0	-0.004567	-0.212787	0.048564	2.954373E+9
-7352.98	-5.6	-3.16668	0.104035	-0.00439	0	-0.004643	-0.212787	0.048094	2.954374E+9
-7499.94	-5.8	-3.227972	0.106267	-0.003387	0	-0.004715	-0.212787	0.048237	2.954375E+9
-7634.28	-6	-3.276106	0.106757	-0.004674	0	-0.005365	-0.212787	0.048775	2.954376E+9
-7755.56	-6.2	-3.316826	0.107992	-0.004925	0	-0.005287	-0.212787	0.047986	2.954377E+9
-7863.34	-6.4	-3.350195	0.109282	-0.005062	0	-0.005664	-0.212787	0.048344	2.954378E+9
-7957.2	-6.6	-3.378677	0.110526	-0.005246	0	-0.006097	-0.212787	0.048778	2.954379E+9
-8036.69	-6.8	-3.402189	0.11112	-0.0053	0	-0.005497	-0.212787	0.048233	2.95438E+9
-8101.38	-7	-3.422315	0.111552	-0.005858	0	-0.005787	-0.212787	0.048383	2.954381E+9
-8036.69	-6.8	-3.424401	0.111598	-0.006323	0	-0.005475	-0.212787	0.048644	2.954382E+9
-7957.2	-6.6	-3.424885	0.111104	-0.005898	0	-0.005772	-0.212787	0.048013	2.954383E+9
-7863.34	-6.4	-3.425363	0.111166	-0.006346	0	-0.005864	-0.212787	0.047928	2.954384E+9
-7755.56	-6.2	-3.424303	0.111354	-0.006404	0	-0.006224	-0.212787	0.048345	2.954385E+9
-7634.28	-6	-3.426191	0.110367	-0.007009	0	-0.006104	-0.212787	0.048281	2.954386E+9
-7499.94	-5.8	-3.423904	0.110523	-0.007053	0	-0.006061	-0.212787	0.048548	2.954387E+9
-7352.98	-5.6	-3.423572	0.111283	-0.006569	0	-0.006206	-0.212787	0.048601	2.954388E+9
-7193.84	-5.4	-3.423572	0.111406	-0.006388	0	-0.006402	-0.212787	0.047891	2.954389E+9
-7022.95	-5.2	-3.422322	0.110558	-0.007234	0	-0.006089	-0.212787	0.048372	2.95439E+9
-6840.75	-5	-3.422474	0.11049	-0.006454	0	-0.006612	-0.212787	0.048184	2.954391E+9
-6647.68	-4.8	-3.420892	0.111426	-0.007246	0	-0.006585	-0.212787	0.04814	2.954392E+9
-6444.17	-4.6	-3.419619	0.110825	-0.006675	0	-0.006337	-0.212787	0.048196	2.954393E+9
-6230.67	-4.4	-3.419563	0.110298	-0.007117	0	-0.006828	-0.212787	0.047974	2.954394E+9
-6007.6	-4.2	-3.419092	0.111254	-0.006725	0	-0.006815	-0.212787	0.047918	2.954395E+9
-5775.41	-4	-3.419063	0.112069	-0.00667	0	-0.006494	-0.212787	0.047899	2.954396E+9
-5534.53	-3.8	-3.417361	0.110825	-0.005861	0	-0.006092	-0.212787	0.048304	2.954397E+9
-5285.39	-3.6	-3.417393	0.111728	-0.006784	0	-0.006606	-0.212787	0.047891	2.954398E+9
-5028.44	-3.4	-3.417046	0.111195	-0.006839	0	-0.006952	-0.212787	0.048192	2.954399E+9
-4764.12	-3.2	-3.417543	0.111825	-0.006238	0	-0.006311	-0.212787	0.047842	2.9544E+9
-4492.85	-3	-3.417202	0.111744	-0.007541	0	-0.007163	-0.212787	0.04772	2.954401E+9
-4215.08	-2.8	-3.416542	0.111072	-0.007043	0	-0.005564	-0.212787	0.048112	2.954402E+9
-3931.24	-2.6	-3.416545	0.111572	-0.00628	0	-0.006714	-0.212787	0.048167	2.954403E+9
-3641.77	-2.4	-3.416987	0.110935	-0.007069	0	-0.007182	-0.212787	0.047781	2.954404E+9
-3347.11	-2.2	-3.417751	0.110909	-0.007094	0	-0.005747	-0.212787	0.047623	2.954405E+9
-3047.69	-2	-3.417299	0.111341	-0.005999	0	-0.007116	-0.212787	0.047966	2.954406E+9
-2743.95	-1.8	-3.416639	0.111458	-0.007226	0	-0.007151	-0.212787	0.047751	2.954407E+9
-2436.33	-1.6	-3.417036	0.110916	-0.007183	0	-0.007179	-0.212787	0.047834	2.954408E+9
-2125.26	-1.4	-3.417124	0.111179	-0.006767	0	-0.006738	-0.212787	0.047851	2.954409E+9
-1811.18	-1.2	-3.416669	0.11177	-0.007347	0	-0.006611	-0.212787	0.047578	2.95441E+9
-1494.53	-1	-3.415434	0.111751	-0.007209	0	-0.006433	-0.212787	0.047893	2.954411E+9
-1175.74	-0.8	-3.41456	0.110783	-0.006391	0	-0.006841	-0.212787	0.047659	2.954412E+9
-855.25	-0.6	-3.412377	0.11164	-0.007083	0	-0.006203	-0.212787	0.047734	2.954413E+9
-533.51	-0.4	-3.410691	0.11088	-0.007705	0	-0.005589	-0.212787	0.047651	2.954414E+9
-210.93	-0.2	-3.405659	0.111786	-0.007536	0	-0.00721	-0.212787	0.04769	2.954415E+9
112.03	0	-3.393563	0.109554	-0.007056	0	-0.006523	-0.212787	0.047593	2.954416E+9
434.94	0.2	-3.370705	0.109438	-0.006143	0	-0.006947	-0.212787	0.047699	2.954417E+9
757.37	0.4	-3.334558	0.109288	-0.006491	0	-0.006019	-0.212787	0.047907	2.954418E+9
1078.87	0.6	-3.277132	0.106367	-0.00737	0	-0.006793	-0.212787	0.047687	2.954419E+9
1399.02	0.8	-3.187251	0.105214	-0.007126	0	-0.006729	-0.212787	0.047644	2.95442E+9
1717.37	1	-3.038985	0.10037	-0.005098	0	-0.006339	-0.212787	0.047849	2.954421E+9
2033.48	1.2	-2.809789	0.092878	-0.00505	0	-0.00557	-0.212787	0.047721	2.954422E+9
2346.93	1.4	-2.501932	0.083441	-0.00465	0	-0.005672	-0.212787	0.047712	2.954423E+9
2657.27	1.6	-2.144759	0.072963	-0.004912	0	-0.005098	-0.212787	0.047753	2.954424E+9
2964.07	1.8	-1.761982	0.061583	-0.004278	0	-0.004081	-0.212787	0.047714	2.954425E+9
3266.89	2	-1.378328	0.049244	-0.003941	0	-0.002718	-0.212787	0.047444	2.954426E+9
3565.29	2.2	-0.998361	0.036837	-0.003142	0	-0.004503	-0.212787	0.04774	2.954427E+9
3858.83	2.4	-0.628134	0.026164	-0.002924	0	-0.002776	-0.212787	0.047578	2.954428E+9
4147.09	2.6	-0.270246	0.016246	-0.003171	0	-0.002001	-0.212787	0.047817	2.954429E+9
4429.62	2.8	0.084805	0.004709	-0.002514	0	-0.001968	-0.212787	0.047635	2.95443E+9
4705.98	3	0.432716	-0.005875	-0.00277	0	-0.002331	-0.212787	0.047572	2.954431E+9
4975.74	3.2	0.775692	-0.018796	-0.00053	0	-0.001438	-0.212787	0.047807	2.954432E+9
5238.46	3.4	1.105627	-0.030381	-0.000999	0	-0.001886	-0.212787	0.047481	2.954433E+9
5493.71	3.6	1.411024	-0.039016	-0.001427	0	-0.000247	-0.212787	0.047644	2.954434E+9
5741.05	3.8	1.683488	-0.047538	0.000177	0	-0.000461	-0.212787	0.047929	2.954435E+9
5980.04	4	1.917747	-0.054728	0.000632	0	-0.000114	-0.212787	0.048162	2.954436E+9
6210.24	4.2	2.116885	-0.060186	-0.00048	0	2E-6	-0.212787	0.047414	2.954437E+9
6431.22	4.4	2.279774	-0.065767	0.001552	0	0.000593	-0.212787	0.047447	2.954438E+9
6642.54	4.6	2.414411	-0.070738	-0.000577	0	0.000104	-0.212787	0.04733	2.954439E+9
6843.76	4.8	2.523197	-0.073376	0.000132	0	0.001037	-0.212787	0.047629	2.95444E+9
7034.46	5	2.610918	-0.076241	4.1E-5	0	0.000157	-0.212787	0.04761	2.954441E+9
7214.18	5.2	2.679039	-0.077892	0.00053	0	-2.3E-5	-0.212787	0.047511	2.954442E+9
7382.49	5.4	2.734523	-0.079194	0.000788	0	0.000522	-0.212787	0.047573	2.954443E+9
7538.96	5.6	2.777667	-0.081478	0.001824	0	0.001007	-0.212787	0.047685	2.954444E+9
7683.15	5.8	2.812682	-0.081865	0.000737	0	0.000175	-0.212787	0.047489	2.954445E+9
7814.63	6	2.845024	-0.083561	0.001051	0	0.000894	-0.212787	0.047556	2.954446E+9
7932.95	6.2	2.870079	-0.084379	0.001076	0	0.000647	-0.212787	0.047629	2.954447E+9
8037.67	6.4	2.890553	-0.084025	0.001323	0	0.000306	-0.212787	0.047618	2.954448E+9
8128.37	6.6	2.905404	-0.084782	0.001173	0	0.001456	-0.212787	0.047412	2.954449E+9
8204.61	6.8	2.908006	-0.085	0.001256	0	0.001204	-0.212787	0.047648	2.95445E+9
8265.94	7	2.908886	-0.084675	0.000891	0	-0.000288	-0.212787	0.047573	2.954451E+9
