05/05/2022	15:54

Co88Tb12_20210514_CVMH2

Field	Kepco	Channel A	Channel B	Agilent	0	RF out	Monitor+	Monitor-	Time
5980.04	4	0.121429	-0.030368	-0.082213	0	-0.081747	-0.212787	0.103964	1.742697E+9
5679.98	3.75	0.117491	-0.029455	-0.082209	0	-0.081792	-0.212787	0.104121	1.742698E+9
5367.05	3.5	0.113726	-0.028932	-0.081847	0	-0.082395	-0.212787	0.103085	1.742699E+9
5042.1	3.25	0.111994	-0.030803	-0.081929	0	-0.081556	-0.212787	0.103211	1.7427E+9
4705.98	3	0.110581	-0.026895	-0.081897	0	-0.08198	-0.212787	0.103809	1.742701E+9
4359.54	2.75	0.107657	-0.030417	-0.082562	0	-0.082438	-0.212787	0.104166	1.742702E+9
4003.65	2.5	0.103184	-0.029562	-0.081173	0	-0.081839	-0.212787	0.104111	1.742703E+9
3639.15	2.25	0.101478	-0.031421	-0.082024	0	-0.082638	-0.212787	0.103995	1.742704E+9
3266.89	2	0.103804	-0.029988	-0.082889	0	-0.081937	-0.212787	0.103822	1.742705E+9
3236.8	1.98	0.10333	-0.031463	-0.082352	0	-0.082577	-0.212787	0.103984	1.742706E+9
3206.66	1.96	0.099857	-0.029549	-0.081506	0	-0.082047	-0.212787	0.104104	1.742707E+9
3176.49	1.94	0.101605	-0.032223	-0.08271	0	-0.082117	-0.212787	0.103865	1.742708E+9
3146.27	1.92	0.100848	-0.030885	-0.08274	0	-0.082196	-0.212787	0.103153	1.742709E+9
3116	1.9	0.102979	-0.032197	-0.08345	0	-0.081826	-0.212787	0.103049	1.74271E+9
3085.7	1.88	0.103791	-0.031749	-0.081979	0	-0.081923	-0.212787	0.103128	1.742711E+9
3055.35	1.86	0.102992	-0.032291	-0.082393	0	-0.081556	-0.212787	0.103487	1.742712E+9
3024.97	1.84	0.099899	-0.031859	-0.082753	0	-0.081972	-0.212787	0.103322	1.742713E+9
2994.54	1.82	0.101228	-0.032688	-0.082292	0	-0.082249	-0.212787	0.103144	1.742714E+9
2964.07	1.8	0.100685	-0.032376	-0.082715	0	-0.082108	-0.212787	0.104004	1.742715E+9
2933.56	1.78	0.101621	-0.031762	-0.081986	0	-0.082074	-0.212787	0.104138	1.742716E+9
2903.01	1.76	0.100318	-0.031843	-0.082558	0	-0.082858	-0.212787	0.10358	1.742717E+9
2872.43	1.74	0.099857	-0.034481	-0.082561	0	-0.082938	-0.212787	0.103233	1.742718E+9
2841.8	1.72	0.10025	-0.034062	-0.082185	0	-0.082593	-0.212787	0.103845	1.742719E+9
2811.14	1.7	0.102456	-0.029848	-0.082075	0	-0.081888	-0.212787	0.103834	1.74272E+9
2780.44	1.68	0.100689	-0.029078	-0.082755	0	-0.083114	-0.212787	0.103149	1.742721E+9
2749.7	1.66	0.100432	-0.029439	-0.081978	0	-0.082323	-0.212787	0.103164	1.742722E+9
2718.93	1.64	0.102436	-0.032174	-0.082462	0	-0.082709	-0.212787	0.103776	1.742723E+9
2688.12	1.62	0.100646	-0.033	-0.082591	0	-0.082311	-0.212787	0.104211	1.742724E+9
2657.27	1.6	0.100048	-0.033825	-0.082576	0	-0.082446	-0.212787	0.103903	1.742725E+9
2626.39	1.58	0.09922	-0.033519	-0.081613	0	-0.08252	-0.212787	0.103901	1.742726E+9
2595.47	1.56	0.100312	-0.030108	-0.082558	0	-0.081455	-0.212787	0.104144	1.742727E+9
2564.52	1.54	0.096504	-0.033214	-0.081974	0	-0.082281	-0.212787	0.104254	1.742728E+9
2533.54	1.52	0.097888	-0.031603	-0.082687	0	-0.082471	-0.212787	0.103499	1.742729E+9
2502.52	1.5	0.098762	-0.031466	-0.082269	0	-0.083053	-0.212787	0.10323	1.74273E+9
2471.46	1.48	0.095497	-0.030953	-0.082188	0	-0.08186	-0.212787	0.103972	1.742731E+9
2440.38	1.46	0.098382	-0.031008	-0.082555	0	-0.082518	-0.212787	0.1041	1.742732E+9
2409.26	1.44	0.096868	-0.032181	-0.081838	0	-0.082401	-0.212787	0.103402	1.742733E+9
2378.11	1.42	0.097654	-0.031609	-0.082328	0	-0.082184	-0.212787	0.10414	1.742734E+9
2346.93	1.4	0.096075	-0.033952	-0.082954	0	-0.082161	-0.212787	0.103126	1.742735E+9
2315.72	1.38	0.097388	-0.033298	-0.082448	0	-0.082256	-0.212787	0.103235	1.742736E+9
2284.48	1.36	0.094685	-0.034039	-0.082515	0	-0.081824	-0.212787	0.10353	1.742737E+9
2253.2	1.34	0.093921	-0.031645	-0.081677	0	-0.082683	-0.212787	0.103269	1.742738E+9
2221.9	1.32	0.095162	-0.035794	-0.082261	0	-0.082028	-0.212787	0.10398	1.742739E+9
2190.57	1.3	0.095273	-0.033633	-0.083021	0	-0.082376	-0.212787	0.10411	1.74274E+9
2159.21	1.28	0.095763	-0.034887	-0.082856	0	-0.082625	-0.212787	0.104062	1.742741E+9
2127.82	1.26	0.092365	-0.033221	-0.082619	0	-0.083202	-0.212787	0.104161	1.742742E+9
2096.4	1.24	0.094539	-0.03272	-0.083021	0	-0.083305	-0.212787	0.103191	1.742743E+9
2064.96	1.22	0.096013	-0.033188	-0.083198	0	-0.082855	-0.212787	0.104002	1.742744E+9
2033.48	1.2	0.093093	-0.032749	-0.082347	0	-0.082847	-0.212787	0.104183	1.742745E+9
2001.99	1.18	0.092411	-0.032217	-0.082455	0	-0.08246	-0.212787	0.103992	1.742746E+9
1970.46	1.16	0.094409	-0.033003	-0.082879	0	-0.082031	-0.212787	0.104134	1.742747E+9
1938.91	1.14	0.094074	-0.03311	-0.082989	0	-0.08289	-0.212787	0.104084	1.742748E+9
1907.33	1.12	0.093905	-0.035089	-0.083179	0	-0.082552	-0.212787	0.103876	1.742749E+9
1875.73	1.1	0.09395	-0.032074	-0.083208	0	-0.082398	-0.212787	0.103361	1.74275E+9
1844.11	1.08	0.093073	-0.033822	-0.083346	0	-0.083525	-0.212787	0.103583	1.742751E+9
1812.46	1.06	0.090413	-0.033376	-0.084036	0	-0.083205	-0.212787	0.103201	1.742752E+9
1780.78	1.04	0.090052	-0.034572	-0.083601	0	-0.083231	-0.212787	0.103372	1.742753E+9
1749.09	1.02	0.090432	-0.033513	-0.083458	0	-0.082951	-0.212787	0.104208	1.742754E+9
1717.37	1	0.091332	-0.033334	-0.082304	0	-0.08287	-0.212787	0.104153	1.742755E+9
1685.63	0.98	0.089721	-0.032876	-0.083159	0	-0.083577	-0.212787	0.103701	1.742756E+9
1653.86	0.96	0.090819	-0.034172	-0.083817	0	-0.083291	-0.212787	0.103856	1.742757E+9
1622.08	0.94	0.089162	-0.033844	-0.083632	0	-0.083065	-0.212787	0.103375	1.742758E+9
1590.27	0.92	0.093002	-0.035163	-0.083491	0	-0.083057	-0.212787	0.103706	1.742759E+9
1558.44	0.9	0.088795	-0.035618	-0.082363	0	-0.083369	-0.212787	0.104198	1.74276E+9
1526.6	0.88	0.088827	-0.034653	-0.082466	0	-0.083504	-0.212787	0.10411	1.742761E+9
1494.73	0.86	0.090088	-0.033815	-0.083253	0	-0.083086	-0.212787	0.103264	1.742762E+9
1462.84	0.84	0.091546	-0.034653	-0.082151	0	-0.083075	-0.212787	0.103503	1.742763E+9
1430.94	0.82	0.091858	-0.032922	-0.082389	0	-0.082946	-0.212787	0.104141	1.742764E+9
1399.02	0.8	0.090292	-0.033445	-0.08243	0	-0.083146	-0.212787	0.103868	1.742765E+9
1367.08	0.78	0.091247	-0.032057	-0.082775	0	-0.0826	-0.212787	0.104113	1.742766E+9
1335.12	0.76	0.092463	-0.034715	-0.082367	0	-0.082363	-0.212787	0.103302	1.742767E+9
1303.14	0.74	0.091316	-0.034267	-0.081677	0	-0.082512	-0.212787	0.103857	1.742768E+9
1271.15	0.72	0.091608	-0.033328	-0.082525	0	-0.083091	-0.212787	0.104158	1.742769E+9
1239.14	0.7	0.091715	-0.034241	-0.08233	0	-0.08289	-0.212787	0.103663	1.74277E+9
1207.12	0.68	0.091176	-0.032889	-0.082871	0	-0.082807	-0.212787	0.103959	1.742771E+9
1175.08	0.66	0.090806	-0.032594	-0.082521	0	-0.083064	-0.212787	0.104225	1.742772E+9
1143.02	0.64	0.088596	-0.034692	-0.082687	0	-0.082827	-0.212787	0.104195	1.742773E+9
1110.95	0.62	0.091585	-0.031768	-0.082961	0	-0.083584	-0.212787	0.104127	1.742774E+9
1078.87	0.6	0.08936	-0.032603	-0.082905	0	-0.082535	-0.212787	0.104158	1.742775E+9
1046.78	0.58	0.088493	-0.033753	-0.083114	0	-0.082848	-0.212787	0.103983	1.742776E+9
1014.67	0.56	0.089652	-0.032337	-0.082539	0	-0.08296	-0.212787	0.103896	1.742777E+9
982.54	0.54	0.087969	-0.033269	-0.082709	0	-0.082365	-0.212787	0.104219	1.742778E+9
950.41	0.52	0.08807	-0.03093	-0.083147	0	-0.082668	-0.212787	0.103568	1.742779E+9
918.26	0.5	0.090396	-0.034114	-0.08274	0	-0.082647	-0.212787	0.103898	1.74278E+9
886.1	0.48	0.090149	-0.033221	-0.083049	0	-0.082454	-0.212787	0.103453	1.742781E+9
853.93	0.46	0.086582	-0.034721	-0.082661	0	-0.083161	-0.212787	0.103591	1.742782E+9
821.76	0.44	0.08934	-0.033848	-0.083027	0	-0.083146	-0.212787	0.104042	1.742783E+9
789.57	0.42	0.086985	-0.033786	-0.082783	0	-0.083137	-0.212787	0.104233	1.742784E+9
757.37	0.4	0.087541	-0.034436	-0.082712	0	-0.08248	-0.212787	0.104263	1.742785E+9
725.16	0.38	0.087352	-0.036567	-0.082946	0	-0.083366	-0.212787	0.103429	1.742786E+9
692.94	0.36	0.088255	-0.033942	-0.082548	0	-0.083573	-0.212787	0.103412	1.742787E+9
660.72	0.34	0.089795	-0.033071	-0.083029	0	-0.083547	-0.212787	0.104255	1.742788E+9
628.48	0.32	0.090799	-0.034046	-0.083807	0	-0.083112	-0.212787	0.103933	1.742789E+9
596.24	0.3	0.090711	-0.033607	-0.083132	0	-0.082304	-0.212787	0.10427	1.74279E+9
563.99	0.28	0.088519	-0.033565	-0.082362	0	-0.082202	-0.212787	0.103377	1.742791E+9
531.74	0.26	0.087235	-0.035742	-0.082262	0	-0.082285	-0.212787	0.103462	1.742792E+9
499.48	0.24	0.088895	-0.033919	-0.083379	0	-0.082268	-0.212787	0.10431	1.742793E+9
467.21	0.22	0.087235	-0.032675	-0.083319	0	-0.08249	-0.212787	0.104092	1.742794E+9
434.94	0.2	0.085494	-0.035297	-0.082739	0	-0.082661	-0.212787	0.103567	1.742795E+9
402.66	0.18	0.090117	-0.034809	-0.082056	0	-0.082593	-0.212787	0.104269	1.742796E+9
370.38	0.16	0.09101	-0.035261	-0.083192	0	-0.08286	-0.212787	0.103346	1.742797E+9
338.1	0.14	0.090156	-0.038519	-0.082234	0	-0.082519	-0.212787	0.104306	1.742798E+9
305.81	0.12	0.092339	-0.033016	-0.082961	0	-0.082673	-0.212787	0.104303	1.742799E+9
273.52	0.1	0.09078	-0.033581	-0.082697	0	-0.082999	-0.212787	0.104367	1.7428E+9
241.22	0.08	0.091368	-0.034439	-0.082979	0	-0.083005	-0.212787	0.104068	1.742801E+9
208.93	0.06	0.090341	-0.03312	-0.082273	0	-0.082211	-0.212787	0.104257	1.742802E+9
176.63	0.04	0.088847	-0.034449	-0.082857	0	-0.082404	-0.212787	0.103407	1.742803E+9
144.33	0.02	0.088285	-0.034747	-0.08208	0	-0.08231	-0.212787	0.104357	1.742804E+9
112.03	0	0.090604	-0.034916	-0.082495	0	-0.083168	-0.212787	0.104386	1.742805E+9
79.73	-0.02	0.089363	-0.033977	-0.083123	0	-0.08275	-0.212787	0.104236	1.742806E+9
47.42	-0.04	0.089272	-0.033591	-0.082924	0	-0.08196	-0.212787	0.103928	1.742807E+9
15.12	-0.06	0.090019	-0.035342	-0.082713	0	-0.082487	-0.212787	0.103666	1.742808E+9
-17.18	-0.08	0.089691	-0.035322	-0.082194	0	-0.082849	-0.212787	0.103636	1.742809E+9
-49.47	-0.1	0.089003	-0.036167	-0.083004	0	-0.082819	-0.212787	0.10421	1.74281E+9
-81.77	-0.12	0.087495	-0.033393	-0.082823	0	-0.082523	-0.212787	0.103435	1.742811E+9
-114.07	-0.14	0.089509	-0.035761	-0.083004	0	-0.081572	-0.212787	0.103666	1.742812E+9
-146.36	-0.16	0.088648	-0.035758	-0.082538	0	-0.08218	-0.212787	0.103463	1.742813E+9
-178.65	-0.18	0.089652	-0.036489	-0.082674	0	-0.081577	-0.212787	0.104161	1.742814E+9
-210.93	-0.2	0.089977	-0.034218	-0.083238	0	-0.082078	-0.212787	0.103305	1.742815E+9
-243.22	-0.22	0.088311	-0.037775	-0.082429	0	-0.081538	-0.212787	0.103573	1.742816E+9
-275.49	-0.24	0.088314	-0.036495	-0.082488	0	-0.081994	-0.212787	0.104342	1.742817E+9
-307.77	-0.26	0.088246	-0.034556	-0.082489	0	-0.081846	-0.212787	0.104171	1.742818E+9
-340.03	-0.28	0.08808	-0.033776	-0.08267	0	-0.082162	-0.212787	0.10431	1.742819E+9
-372.3	-0.3	0.090555	-0.036375	-0.083059	0	-0.08237	-0.212787	0.103296	1.74282E+9
-404.55	-0.32	0.088531	-0.035085	-0.08239	0	-0.082709	-0.212787	0.103796	1.742821E+9
-436.8	-0.34	0.089305	-0.037265	-0.082913	0	-0.082578	-0.212787	0.103926	1.742822E+9
-469.04	-0.36	0.089376	-0.038373	-0.081883	0	-0.082467	-0.212787	0.10362	1.742823E+9
-501.28	-0.38	0.089405	-0.033783	-0.083088	0	-0.082451	-0.212787	0.10338	1.742824E+9
-533.51	-0.4	0.087346	-0.035498	-0.082393	0	-0.082875	-0.212787	0.104261	1.742825E+9
-565.73	-0.42	0.089045	-0.035098	-0.08215	0	-0.082512	-0.212787	0.103745	1.742826E+9
-597.94	-0.44	0.086456	-0.036492	-0.082354	0	-0.083412	-0.212787	0.104362	1.742827E+9
-630.14	-0.46	0.086494	-0.036018	-0.082291	0	-0.082894	-0.212787	0.103459	1.742828E+9
-662.33	-0.48	0.088259	-0.034267	-0.081943	0	-0.082273	-0.212787	0.103412	1.742829E+9
-694.51	-0.5	0.085549	-0.035582	-0.082186	0	-0.082453	-0.212787	0.104055	1.74283E+9
-726.68	-0.52	0.086553	-0.0335	-0.08255	0	-0.082867	-0.212787	0.104374	1.742831E+9
-758.84	-0.54	0.086101	-0.035638	-0.081769	0	-0.082925	-0.212787	0.104336	1.742832E+9
-790.99	-0.56	0.088616	-0.035608	-0.082713	0	-0.082103	-0.212787	0.104224	1.742833E+9
-823.13	-0.58	0.08821	-0.035098	-0.082651	0	-0.082787	-0.212787	0.103392	1.742834E+9
-855.25	-0.6	0.088135	-0.034354	-0.081311	0	-0.082057	-0.212787	0.104364	1.742835E+9
-887.37	-0.62	0.088736	-0.034705	-0.081635	0	-0.082049	-0.212787	0.104022	1.742836E+9
-919.47	-0.64	0.089386	-0.035612	-0.082127	0	-0.08228	-0.212787	0.103467	1.742837E+9
-951.55	-0.66	0.090062	-0.034208	-0.082109	0	-0.081027	-0.212787	0.104159	1.742838E+9
-983.62	-0.68	0.089854	-0.03645	-0.081879	0	-0.081876	-0.212787	0.103398	1.742839E+9
-1015.68	-0.7	0.08974	-0.036853	-0.081798	0	-0.082274	-0.212787	0.103853	1.74284E+9
-1047.73	-0.72	0.090253	-0.034595	-0.081808	0	-0.082347	-0.212787	0.104203	1.742841E+9
-1079.75	-0.74	0.089802	-0.03415	-0.081247	0	-0.082176	-0.212787	0.103402	1.742842E+9
-1111.76	-0.76	0.09051	-0.031966	-0.082032	0	-0.082224	-0.212787	0.103393	1.742843E+9
-1143.76	-0.78	0.087144	-0.032012	-0.082398	0	-0.082605	-0.212787	0.103814	1.742844E+9
-1175.74	-0.8	0.087258	-0.035495	-0.083063	0	-0.082831	-0.212787	0.103375	1.742845E+9
-1207.7	-0.82	0.087849	-0.035082	-0.082215	0	-0.083136	-0.212787	0.104417	1.742846E+9
-1239.65	-0.84	0.08795	-0.033376	-0.083806	0	-0.083094	-0.212787	0.104155	1.742847E+9
-1271.57	-0.86	0.089214	-0.032684	-0.083089	0	-0.083466	-0.212787	0.104208	1.742848E+9
-1303.48	-0.88	0.089633	-0.034793	-0.082727	0	-0.082607	-0.212787	0.104169	1.742849E+9
-1335.37	-0.9	0.087492	-0.03607	-0.082936	0	-0.082569	-0.212787	0.104356	1.74285E+9
-1367.24	-0.92	0.090429	-0.035647	-0.082718	0	-0.082879	-0.212787	0.103413	1.742851E+9
-1399.1	-0.94	0.088596	-0.034861	-0.083172	0	-0.082183	-0.212787	0.103381	1.742852E+9
-1430.93	-0.96	0.087632	-0.03402	-0.082165	0	-0.081779	-0.212787	0.103979	1.742853E+9
-1462.74	-0.98	0.089815	-0.034894	-0.082	0	-0.082284	-0.212787	0.103642	1.742854E+9
-1494.53	-1	0.090205	-0.03566	-0.082725	0	-0.082586	-0.212787	0.103904	1.742855E+9
-1526.3	-1.02	0.090663	-0.033464	-0.082138	0	-0.082363	-0.212787	0.104369	1.742856E+9
-1558.04	-1.04	0.089682	-0.03348	-0.082771	0	-0.0821	-0.212787	0.103529	1.742857E+9
-1589.77	-1.06	0.089269	-0.032148	-0.08172	0	-0.082268	-0.212787	0.104371	1.742858E+9
-1621.47	-1.08	0.089012	-0.033087	-0.082384	0	-0.08228	-0.212787	0.103314	1.742859E+9
-1653.15	-1.1	0.08729	-0.032171	-0.082505	0	-0.081639	-0.212787	0.103489	1.74286E+9
-1684.8	-1.12	0.088645	-0.032321	-0.081765	0	-0.082417	-0.212787	0.104244	1.742861E+9
-1716.43	-1.14	0.089334	-0.033952	-0.082948	0	-0.081929	-0.212787	0.104227	1.742862E+9
-1748.04	-1.16	0.091079	-0.033802	-0.082404	0	-0.082805	-0.212787	0.103451	1.742863E+9
-1779.62	-1.18	0.089262	-0.033003	-0.08233	0	-0.082628	-0.212787	0.104277	1.742864E+9
-1811.18	-1.2	0.092411	-0.031008	-0.082824	0	-0.081426	-0.212787	0.103919	1.742865E+9
-1842.71	-1.22	0.091088	-0.034708	-0.082221	0	-0.081506	-0.212787	0.103973	1.742866E+9
-1874.21	-1.24	0.092141	-0.035527	-0.081868	0	-0.08199	-0.212787	0.104365	1.742867E+9
-1905.69	-1.26	0.0909	-0.033198	-0.082444	0	-0.082351	-0.212787	0.103456	1.742868E+9
-1937.14	-1.28	0.089103	-0.037779	-0.082187	0	-0.082418	-0.212787	0.104099	1.742869E+9
-1968.57	-1.3	0.092099	-0.033844	-0.082028	0	-0.082011	-0.212787	0.104089	1.74287E+9
-1999.96	-1.32	0.09077	-0.035339	-0.082746	0	-0.082359	-0.212787	0.103352	1.742871E+9
-2031.33	-1.34	0.090179	-0.033604	-0.082047	0	-0.082227	-0.212787	0.104089	1.742872E+9
-2062.67	-1.36	5.618886	1.14995	-0.090904	0	-0.090542	-0.212787	0.103834	1.742873E+9
-2093.98	-1.38	8.203078	1.66051	-0.092058	0	-0.09294	-0.212787	0.104265	1.742875E+9
-2125.26	-1.4	9.775375	1.974649	-0.093812	0	-0.094654	-0.212787	0.104371	1.742875E+9
-2156.51	-1.42	10.587129	2.135163	-0.094305	0	-0.094542	-0.212787	0.104291	1.742876E+9
-2187.73	-1.44	10.597161	2.263446	-0.09597	0	-0.09527	-0.212787	0.103597	1.742877E+9
-2218.91	-1.46	10.597161	2.361381	-0.096395	0	-0.095575	-0.212787	0.104386	1.742878E+9
-2250.07	-1.48	10.597161	2.43521	-0.095992	0	-0.095025	-0.212787	0.10468	1.742879E+9
-2281.19	-1.5	10.597161	2.48644	-0.096084	0	-0.096235	-0.212787	0.104311	1.74288E+9
-2312.29	-1.52	10.597161	2.534269	-0.096437	0	-0.096222	-0.212787	0.104475	1.742881E+9
-2343.35	-1.54	10.597161	2.563924	-0.096564	0	-0.097113	-0.212787	0.10458	1.742882E+9
-2374.37	-1.56	10.597161	2.592381	-0.09728	0	-0.096787	-0.212787	0.104575	1.742883E+9
-2405.37	-1.58	10.597161	2.608674	-0.096409	0	-0.096702	-0.212787	0.104661	1.742884E+9
-2436.33	-1.6	10.597161	2.627965	-0.09845	0	-0.097781	-0.212787	0.104312	1.742885E+9
-2467.25	-1.62	10.597161	2.636941	-0.098634	0	-0.097587	-0.212787	0.10442	1.742886E+9
-2498.14	-1.64	10.597161	2.647178	-0.097824	0	-0.098087	-0.212787	0.104718	1.742887E+9
-2528.99	-1.66	10.597161	2.656619	-0.097167	0	-0.098023	-0.212787	0.10375	1.742888E+9
-2559.81	-1.68	10.597161	2.659417	-0.097256	0	-0.098806	-0.212787	0.104215	1.742889E+9
-2590.6	-1.7	10.597161	2.665112	-0.097805	0	-0.097798	-0.212787	0.104254	1.74289E+9
-2621.34	-1.72	10.597161	2.670736	-0.098033	0	-0.098313	-0.212787	0.104634	1.742891E+9
-2652.05	-1.74	10.597161	2.673767	-0.097476	0	-0.098135	-0.212787	0.103793	1.742892E+9
-2682.72	-1.76	10.597161	2.67556	-0.097887	0	-0.097932	-0.212787	0.103698	1.742893E+9
-2713.35	-1.78	10.597161	2.674689	-0.097861	0	-0.097673	-0.212787	0.103578	1.742894E+9
-2743.95	-1.8	10.597161	2.679826	-0.097731	0	-0.097803	-0.212787	0.104035	1.742895E+9
-2774.5	-1.82	10.597161	2.678494	-0.098022	0	-0.097659	-0.212787	0.104356	1.742896E+9
-2805.02	-1.84	10.597161	2.683315	-0.097827	0	-0.098902	-0.212787	0.104094	1.742897E+9
-2835.5	-1.86	10.597161	2.681089	-0.097254	0	-0.098015	-0.212787	0.103723	1.742898E+9
-2865.93	-1.88	10.597161	2.681665	-0.096842	0	-0.097276	-0.212787	0.104019	1.742899E+9
-2896.33	-1.9	10.597161	2.682415	-0.09812	0	-0.098115	-0.212787	0.104549	1.7429E+9
-2926.69	-1.92	10.597161	2.68259	-0.097801	0	-0.098343	-0.212787	0.103943	1.742901E+9
-2957	-1.94	10.597161	2.682509	-0.097067	0	-0.097332	-0.212787	0.103642	1.742902E+9
-2987.27	-1.96	10.597161	2.682357	-0.097462	0	-0.097499	-0.212787	0.103611	1.742903E+9
-3017.5	-1.98	10.597161	2.685537	-0.096796	0	-0.098067	-0.212787	0.104283	1.742904E+9
-3047.69	-2	10.597161	2.682259	-0.096683	0	-0.098873	-0.212787	0.104636	1.742905E+9
-3421.24	-2.25	10.597161	2.686967	-0.097763	0	-0.098386	-0.212787	0.103905	1.742906E+9
-3787.18	-2.5	10.597161	2.687347	-0.097953	0	-0.098826	-0.212787	0.103616	1.742907E+9
-4144.67	-2.75	10.597161	2.687317	-0.097674	0	-0.099199	-0.212787	0.104626	1.742908E+9
-4492.85	-3	10.597161	2.689117	-0.098278	0	-0.098652	-0.212787	0.103891	1.742909E+9
-4830.87	-3.25	10.597161	2.688545	-0.098092	0	-0.098125	-0.212787	0.104472	1.74291E+9
-5157.87	-3.5	10.597161	2.687746	-0.098757	0	-0.098669	-0.212787	0.104251	1.742911E+9
-5473	-3.75	10.597161	2.684718	-0.09851	0	-0.098547	-0.212787	0.103827	1.742912E+9
-5775.41	-4	10.597161	2.683968	-0.098278	0	-0.098283	-0.212787	0.104041	1.742913E+9
-5473	-3.75	10.597161	2.68735	-0.098259	0	-0.098865	-0.212787	0.103654	1.742914E+9
-5157.87	-3.5	10.597161	2.687675	-0.098086	0	-0.098097	-0.212787	0.104446	1.742915E+9
-4830.87	-3.25	10.597161	2.687347	-0.098453	0	-0.098436	-0.212787	0.104547	1.742916E+9
-4492.85	-3	10.597161	2.68952	-0.097829	0	-0.098587	-0.212787	0.104238	1.742917E+9
-4144.67	-2.75	10.597161	2.687522	-0.098088	0	-0.097306	-0.212787	0.1037	1.742918E+9
-3787.18	-2.5	10.597161	2.693708	-0.097128	0	-0.097152	-0.212787	0.103984	1.742919E+9
-3421.24	-2.25	10.597161	2.689608	-0.097776	0	-0.098169	-0.212787	0.104101	1.74292E+9
-3047.69	-2	10.597161	2.691018	-0.097952	0	-0.097844	-0.212787	0.10414	1.742921E+9
-3017.5	-1.98	10.597161	2.691616	-0.097532	0	-0.098207	-0.212787	0.103879	1.742922E+9
-2987.27	-1.96	10.597161	2.692269	-0.096993	0	-0.097749	-0.212787	0.104423	1.742923E+9
-2957	-1.94	10.597161	2.69145	-0.096517	0	-0.098066	-0.212787	0.104584	1.742924E+9
-2926.69	-1.92	10.597161	2.690628	-0.096591	0	-0.097918	-0.212787	0.104734	1.742925E+9
-2896.33	-1.9	10.597161	2.689991	-0.096988	0	-0.098226	-0.212787	0.103998	1.742926E+9
-2865.93	-1.88	10.597161	2.688234	-0.096542	0	-0.097004	-0.212787	0.104135	1.742927E+9
-2835.5	-1.86	10.597161	2.689069	-0.097351	0	-0.098117	-0.212787	0.104682	1.742928E+9
-2805.02	-1.84	10.597161	2.690014	-0.09748	0	-0.097476	-0.212787	0.104261	1.742929E+9
-2774.5	-1.82	10.597161	2.690342	-0.097362	0	-0.098986	-0.212787	0.104656	1.74293E+9
-2743.95	-1.8	10.597161	2.692668	-0.097949	0	-0.097505	-0.212787	0.104837	1.742931E+9
-2713.35	-1.78	10.597161	2.690397	-0.097181	0	-0.097865	-0.212787	0.1045	1.742932E+9
-2682.72	-1.76	10.597161	2.690284	-0.097907	0	-0.097449	-0.212787	0.104019	1.742933E+9
-2652.05	-1.74	10.597161	2.691759	-0.097349	0	-0.097604	-0.212787	0.103916	1.742934E+9
-2621.34	-1.72	10.597161	2.691586	-0.096806	0	-0.098146	-0.212787	0.10431	1.742935E+9
-2590.6	-1.7	10.597161	2.691752	-0.097906	0	-0.098295	-0.212787	0.104538	1.742936E+9
-2559.81	-1.68	10.597161	2.690797	-0.097786	0	-0.098087	-0.212787	0.103759	1.742937E+9
-2528.99	-1.66	10.597161	2.692918	-0.098112	0	-0.09779	-0.212787	0.103711	1.742938E+9
-2498.14	-1.64	10.597161	2.694153	-0.097137	0	-0.097746	-0.212787	0.1039	1.742939E+9
-2467.25	-1.62	10.597161	2.694718	-0.097747	0	-0.098006	-0.212787	0.104474	1.74294E+9
-2436.33	-1.6	10.597161	2.691671	-0.098268	0	-0.097207	-0.212787	0.104283	1.742941E+9
-2405.37	-1.58	10.597161	2.695943	-0.098117	0	-0.096858	-0.212787	0.104397	1.742942E+9
-2374.37	-1.56	10.597161	2.693844	-0.097585	0	-0.097034	-0.212787	0.103768	1.742943E+9
-2343.35	-1.54	10.597161	2.694666	-0.09782	0	-0.097838	-0.212787	0.104329	1.742944E+9
-2312.29	-1.52	10.597161	2.692941	-0.097117	0	-0.097541	-0.212787	0.104351	1.742945E+9
-2281.19	-1.5	10.597161	2.69108	-0.097335	0	-0.097357	-0.212787	0.104702	1.742946E+9
-2250.07	-1.48	10.597161	2.690735	-0.098083	0	-0.097529	-0.212787	0.104415	1.742947E+9
-2218.91	-1.46	10.597161	2.692438	-0.097032	0	-0.096934	-0.212787	0.104373	1.742948E+9
-2187.73	-1.44	10.597161	2.695683	-0.096924	0	-0.097281	-0.212787	0.103901	1.742949E+9
-2156.51	-1.42	10.597161	2.693373	-0.097256	0	-0.09738	-0.212787	0.104541	1.74295E+9
-2125.26	-1.4	10.597161	2.692122	-0.098698	0	-0.098229	-0.212787	0.104359	1.742951E+9
-2093.98	-1.38	10.597161	2.688984	-0.097853	0	-0.09826	-0.212787	0.104692	1.742952E+9
-2062.67	-1.36	10.597161	2.690709	-0.097644	0	-0.097396	-0.212787	0.104556	1.742953E+9
-2031.33	-1.34	10.597161	2.694286	-0.098537	0	-0.098478	-0.212787	0.104131	1.742954E+9
-1999.96	-1.32	10.597161	2.692506	-0.097834	0	-0.096842	-0.212787	0.103707	1.742955E+9
-1968.57	-1.3	10.597161	2.691547	-0.097198	0	-0.096956	-0.212787	0.104525	1.742956E+9
-1937.14	-1.28	10.597161	2.695014	-0.096422	0	-0.097046	-0.212787	0.104773	1.742957E+9
-1905.69	-1.26	10.597161	2.692483	-0.098327	0	-0.096439	-0.212787	0.104673	1.742958E+9
-1874.21	-1.24	10.597161	2.693627	-0.09749	0	-0.097325	-0.212787	0.104536	1.742959E+9
-1842.71	-1.22	10.597161	2.692561	-0.097173	0	-0.097646	-0.212787	0.103838	1.74296E+9
-1811.18	-1.2	10.597161	2.694657	-0.096831	0	-0.097256	-0.212787	0.104823	1.742961E+9
-1779.62	-1.18	10.597161	2.692925	-0.097473	0	-0.097704	-0.212787	0.104509	1.742962E+9
-1748.04	-1.16	10.597161	2.693152	-0.098096	0	-0.09764	-0.212787	0.103647	1.742963E+9
-1716.43	-1.14	10.597161	2.693825	-0.097753	0	-0.097001	-0.212787	0.103584	1.742964E+9
-1684.8	-1.12	10.597161	2.692425	-0.097783	0	-0.09741	-0.212787	0.104226	1.742965E+9
-1653.15	-1.1	10.597161	2.691115	-0.097418	0	-0.097762	-0.212787	0.103825	1.742966E+9
-1621.47	-1.08	10.597161	2.690271	-0.097633	0	-0.097503	-0.212787	0.103878	1.742967E+9
-1589.77	-1.06	10.597161	2.691625	-0.099143	0	-0.100072	-0.212787	0.104115	1.742968E+9
-1558.04	-1.04	10.597161	2.689787	-0.097899	0	-0.096914	-0.212787	0.103793	1.742969E+9
-1526.3	-1.02	10.597161	2.690085	-0.09707	0	-0.097524	-0.212787	0.104404	1.74297E+9
-1494.53	-1	10.597161	2.694052	-0.097099	0	-0.097026	-0.212787	0.103812	1.742971E+9
-1462.74	-0.98	10.597161	2.692386	-0.098407	0	-0.098288	-0.212787	0.104187	1.742972E+9
-1430.93	-0.96	10.597161	2.692243	-0.097958	0	-0.09741	-0.212787	0.104166	1.742973E+9
-1399.1	-0.94	10.597161	2.69262	-0.099064	0	-0.097379	-0.212787	0.104393	1.742974E+9
-1367.24	-0.92	10.597161	2.691421	-0.098483	0	-0.098055	-0.212787	0.104655	1.742975E+9
-1335.37	-0.9	10.597161	2.694864	-0.099111	0	-0.09827	-0.212787	0.104658	1.742976E+9
-1303.48	-0.88	10.597161	2.695271	-0.09818	0	-0.098616	-0.212787	0.104616	1.742977E+9
-1271.57	-0.86	10.597161	2.694527	-0.098078	0	-0.098639	-0.212787	0.103838	1.742978E+9
-1239.65	-0.84	10.597161	2.693493	-0.098466	0	-0.098237	-0.212787	0.104764	1.742979E+9
-1207.7	-0.82	10.597161	2.693078	-0.098155	0	-0.098485	-0.212787	0.103786	1.74298E+9
-1175.74	-0.8	10.597161	2.691798	-0.097068	0	-0.097881	-0.212787	0.10457	1.742981E+9
-1143.76	-0.78	10.597161	2.694107	-0.09677	0	-0.096199	-0.212787	0.10453	1.742982E+9
-1111.76	-0.76	10.597161	2.694029	-0.095617	0	-0.097737	-0.212787	0.104664	1.742983E+9
-1079.75	-0.74	10.597161	2.696674	-0.097053	0	-0.097809	-0.212787	0.10372	1.742984E+9
-1047.73	-0.72	10.597161	2.694445	-0.096687	0	-0.097033	-0.212787	0.104665	1.742985E+9
-1015.68	-0.7	10.597161	2.692324	-0.097522	0	-0.09781	-0.212787	0.104677	1.742986E+9
-983.62	-0.68	10.597161	2.691469	-0.097086	0	-0.097229	-0.212787	0.104098	1.742987E+9
-951.55	-0.66	10.597161	2.691882	-0.096967	0	-0.09748	-0.212787	0.104765	1.742988E+9
-919.47	-0.64	10.597161	2.694033	-0.097836	0	-0.098607	-0.212787	0.103687	1.742989E+9
-887.37	-0.62	10.597161	2.691843	-0.098553	0	-0.097451	-0.212787	0.104712	1.74299E+9
-855.25	-0.6	10.597161	2.692756	-0.097138	0	-0.097438	-0.212787	0.103752	1.742991E+9
-823.13	-0.58	10.597161	2.69094	-0.095969	0	-0.097031	-0.212787	0.104725	1.742992E+9
-790.99	-0.56	10.597161	2.689988	-0.09776	0	-0.097547	-0.212787	0.10406	1.742993E+9
-758.84	-0.54	10.597161	2.695297	-0.098013	0	-0.098005	-0.212787	0.103799	1.742994E+9
-726.68	-0.52	10.597161	2.694016	-0.097661	0	-0.096619	-0.212787	0.104685	1.742995E+9
-694.51	-0.5	10.597161	2.693607	-0.097438	0	-0.097445	-0.212787	0.104772	1.742996E+9
-662.33	-0.48	10.597161	2.690885	-0.099414	0	-0.098606	-0.212787	0.104613	1.742997E+9
-630.14	-0.46	10.597161	2.692603	-0.09789	0	-0.097367	-0.212787	0.103693	1.742998E+9
-597.94	-0.44	10.597161	2.694328	-0.096989	0	-0.098276	-0.212787	0.10426	1.742999E+9
-565.73	-0.42	10.597161	2.692119	-0.09739	0	-0.097541	-0.212787	0.104742	1.743E+9
-533.51	-0.4	10.597161	2.692158	-0.098669	0	-0.098208	-0.212787	0.104693	1.743001E+9
-501.28	-0.38	10.597161	2.694699	-0.098685	0	-0.097441	-0.212787	0.104629	1.743002E+9
-469.04	-0.36	10.597161	2.692931	-0.097274	0	-0.097649	-0.212787	0.104572	1.743003E+9
-436.8	-0.34	10.597161	2.691931	-0.098136	0	-0.097523	-0.212787	0.103752	1.743004E+9
-404.55	-0.32	10.597161	2.69516	-0.0977	0	-0.098046	-0.212787	0.103768	1.743005E+9
-372.3	-0.3	10.597161	2.693484	-0.098333	0	-0.097142	-0.212787	0.103673	1.743006E+9
-340.03	-0.28	10.597161	2.691262	-0.098975	0	-0.098451	-0.212787	0.10407	1.743007E+9
-307.77	-0.26	10.597161	2.692074	-0.098285	0	-0.097437	-0.212787	0.103691	1.743008E+9
-275.49	-0.24	10.597161	2.694835	-0.09766	0	-0.09757	-0.212787	0.104656	1.743009E+9
-243.22	-0.22	10.597161	2.691703	-0.099082	0	-0.098636	-0.212787	0.104197	1.74301E+9
-210.93	-0.2	10.597161	2.695225	-0.098702	0	-0.098493	-0.212787	0.103912	1.743011E+9
-178.65	-0.18	10.597161	2.695725	-0.098516	0	-0.097565	-0.212787	0.10403	1.743012E+9
-146.36	-0.16	10.597161	2.692249	-0.099427	0	-0.097408	-0.212787	0.104613	1.743013E+9
-114.07	-0.14	10.597161	2.693139	-0.099071	0	-0.098539	-0.212787	0.104712	1.743014E+9
-81.77	-0.12	10.597161	2.693575	-0.09792	0	-0.097999	-0.212787	0.104648	1.743015E+9
-49.47	-0.1	10.597161	2.69271	-0.097848	0	-0.098396	-0.212787	0.103902	1.743016E+9
-17.18	-0.08	10.597161	2.693484	-0.098273	0	-0.098445	-0.212787	0.103747	1.743017E+9
15.12	-0.06	10.597161	2.696694	-0.097925	0	-0.099125	-0.212787	0.103954	1.743018E+9
47.42	-0.04	10.597161	2.692944	-0.097565	0	-0.097882	-0.212787	0.103911	1.743019E+9
79.73	-0.02	10.597161	2.693536	-0.096904	0	-0.097944	-0.212787	0.104588	1.74302E+9
112.03	0	10.597161	2.694754	-0.098095	0	-0.098166	-0.212787	0.104737	1.743021E+9
144.33	0.02	10.597161	2.693945	-0.096893	0	-0.098028	-0.212787	0.104193	1.743022E+9
176.63	0.04	10.597161	2.695667	-0.096712	0	-0.097969	-0.212787	0.103801	1.743023E+9
208.93	0.06	10.597161	2.696161	-0.097515	0	-0.097127	-0.212787	0.104694	1.743024E+9
241.22	0.08	10.597161	2.694595	-0.098168	0	-0.098515	-0.212787	0.104684	1.743025E+9
273.52	0.1	10.597161	2.699367	-0.098334	0	-0.098065	-0.212787	0.104393	1.743026E+9
305.81	0.12	10.597161	2.696131	-0.098333	0	-0.097989	-0.212787	0.103655	1.743027E+9
338.1	0.14	10.597161	2.695716	-0.097442	0	-0.097307	-0.212787	0.104393	1.743028E+9
370.38	0.16	10.597161	2.696284	-0.098604	0	-0.098557	-0.212787	0.104556	1.743029E+9
402.66	0.18	10.597161	2.698776	-0.097927	0	-0.098164	-0.212787	0.104097	1.74303E+9
434.94	0.2	10.597161	2.696853	-0.098525	0	-0.097397	-0.212787	0.104846	1.743031E+9
467.21	0.22	10.597161	2.69531	-0.098009	0	-0.098773	-0.212787	0.103693	1.743032E+9
499.48	0.24	10.597161	2.698604	-0.097045	0	-0.098251	-0.212787	0.104194	1.743033E+9
531.74	0.26	10.597161	2.698302	-0.097436	0	-0.098218	-0.212787	0.104758	1.743034E+9
563.99	0.28	10.597161	2.695599	-0.098434	0	-0.09769	-0.212787	0.104713	1.743035E+9
596.24	0.3	10.597161	2.695534	-0.098587	0	-0.097913	-0.212787	0.104874	1.743036E+9
628.48	0.32	10.597161	2.698406	-0.097585	0	-0.097041	-0.212787	0.104794	1.743037E+9
660.72	0.34	10.597161	2.697525	-0.097597	0	-0.098003	-0.212787	0.104774	1.743038E+9
692.94	0.36	10.597161	2.698292	-0.098027	0	-0.097114	-0.212787	0.10433	1.743039E+9
725.16	0.38	10.597161	2.696619	-0.097221	0	-0.098459	-0.212787	0.104655	1.74304E+9
757.37	0.4	10.597161	2.697824	-0.097821	0	-0.097681	-0.212787	0.104117	1.743041E+9
789.57	0.42	10.597161	2.699202	-0.096841	0	-0.098015	-0.212787	0.104522	1.743042E+9
821.76	0.44	10.597161	2.700202	-0.097129	0	-0.09798	-0.212787	0.103748	1.743043E+9
853.93	0.46	10.597161	2.696616	-0.096406	0	-0.096836	-0.212787	0.103815	1.743044E+9
886.1	0.48	10.597161	2.69569	-0.097399	0	-0.097045	-0.212787	0.104321	1.743045E+9
918.26	0.5	10.597161	2.698464	-0.097373	0	-0.097323	-0.212787	0.103733	1.743046E+9
950.41	0.52	10.597161	2.696931	-0.096639	0	-0.096862	-0.212787	0.104803	1.743047E+9
982.54	0.54	10.597161	2.699198	-0.097259	0	-0.096139	-0.212787	0.104668	1.743048E+9
1014.67	0.56	10.597161	2.69861	-0.096677	0	-0.096236	-0.212787	0.104184	1.743049E+9
1046.78	0.58	10.597161	2.698987	-0.096265	0	-0.096277	-0.212787	0.104689	1.74305E+9
1078.87	0.6	10.597161	2.69669	-0.0971	0	-0.097131	-0.212787	0.103964	1.743051E+9
1110.95	0.62	10.597161	2.699627	-0.096837	0	-0.09731	-0.212787	0.104038	1.743052E+9
1143.02	0.64	10.597161	2.69966	-0.096763	0	-0.097219	-0.212787	0.104387	1.743053E+9
1175.08	0.66	10.597161	2.701092	-0.096746	0	-0.097052	-0.212787	0.104348	1.743054E+9
1207.12	0.68	10.597161	2.699306	-0.097208	0	-0.0984	-0.212787	0.103818	1.743055E+9
1239.14	0.7	10.597161	2.696801	-0.09711	0	-0.0983	-0.212787	0.104723	1.743056E+9
1271.15	0.72	10.597161	2.698003	-0.097899	0	-0.0981	-0.212787	0.104406	1.743057E+9
1303.14	0.74	10.597161	2.696625	-0.098096	0	-0.097561	-0.212787	0.103832	1.743058E+9
1335.12	0.76	10.597161	2.695176	-0.097256	0	-0.097751	-0.212787	0.104156	1.743059E+9
1367.08	0.78	10.597161	2.697382	-0.097621	0	-0.097656	-0.212787	0.104167	1.74306E+9
1399.02	0.8	10.597161	2.695209	-0.097776	0	-0.097887	-0.212787	0.104628	1.743061E+9
1430.94	0.82	10.597161	2.694436	-0.097453	0	-0.09848	-0.212787	0.1047	1.743062E+9
1462.84	0.84	10.597161	2.694741	-0.097819	0	-0.097523	-0.212787	0.104733	1.743063E+9
1494.73	0.86	10.597161	2.693948	-0.098028	0	-0.098893	-0.212787	0.104047	1.743064E+9
1526.6	0.88	10.597161	2.694845	-0.096869	0	-0.097356	-0.212787	0.104089	1.743065E+9
1558.44	0.9	10.597161	2.12403	-0.092286	0	-0.093387	-0.212787	0.104332	1.743066E+9
1590.27	0.92	4.869901	0.954834	-0.086506	0	-0.087658	-0.212787	0.104538	1.743067E+9
1622.08	0.94	3.697844	0.711297	-0.085296	0	-0.08692	-0.212787	0.10382	1.743068E+9
1653.86	0.96	2.877412	0.543952	-0.085747	0	-0.085042	-0.212787	0.104316	1.743069E+9
1685.63	0.98	2.245973	0.412018	-0.083392	0	-0.083757	-0.212787	0.104483	1.74307E+9
1717.37	1	1.737035	0.305639	-0.082863	0	-0.084301	-0.212787	0.10449	1.743071E+9
1749.09	1.02	1.390482	0.238119	-0.083092	0	-0.084159	-0.212787	0.103615	1.743072E+9
1780.78	1.04	1.131754	0.182994	-0.083871	0	-0.083069	-0.212787	0.10353	1.743073E+9
1812.46	1.06	0.897343	0.136156	-0.082448	0	-0.082919	-0.212787	0.104103	1.743074E+9
1844.11	1.08	0.741508	0.103232	-0.0828	0	-0.083079	-0.212787	0.104432	1.743075E+9
1875.73	1.1	0.596394	0.073012	-0.082308	0	-0.083165	-0.212787	0.104294	1.743076E+9
1907.33	1.12	0.498848	0.052532	-0.082621	0	-0.083508	-0.212787	0.103878	1.743077E+9
1938.91	1.14	0.416647	0.035885	-0.082429	0	-0.082697	-0.212787	0.104378	1.743078E+9
1970.46	1.16	0.365333	0.024488	-0.081717	0	-0.08329	-0.212787	0.103854	1.743079E+9
2001.99	1.18	0.325834	0.015869	-0.081913	0	-0.081895	-0.212787	0.104199	1.74308E+9
2033.48	1.2	0.281637	0.009108	-0.081554	0	-0.082013	-0.212787	0.104236	1.743081E+9
2064.96	1.22	0.252352	0.001886	-0.082143	0	-0.081598	-0.212787	0.104335	1.743082E+9
2096.4	1.24	0.228961	-0.002974	-0.081886	0	-0.08212	-0.212787	0.103787	1.743083E+9
2127.82	1.26	0.213432	-0.007038	-0.081823	0	-0.082513	-0.212787	0.103435	1.743084E+9
2159.21	1.28	0.198058	-0.008205	-0.081503	0	-0.081928	-0.212787	0.104164	1.743085E+9
2190.57	1.3	0.183942	-0.017298	-0.081257	0	-0.08169	-0.212787	0.103931	1.743086E+9
2221.9	1.32	0.17302	-0.016366	-0.081546	0	-0.082184	-0.212787	0.104569	1.743087E+9
2253.2	1.34	0.165294	-0.019868	-0.080904	0	-0.082197	-0.212787	0.104528	1.743088E+9
2284.48	1.36	0.156048	-0.019481	-0.082234	0	-0.082674	-0.212787	0.103878	1.743089E+9
2315.72	1.38	0.149534	-0.020703	-0.082407	0	-0.081933	-0.212787	0.104349	1.74309E+9
2346.93	1.4	0.145519	-0.021645	-0.082234	0	-0.082317	-0.212787	0.104277	1.743091E+9
2378.11	1.42	0.143937	-0.022873	-0.081984	0	-0.082602	-0.212787	0.103494	1.743092E+9
2409.26	1.44	0.138742	-0.023237	-0.082002	0	-0.082513	-0.212787	0.10437	1.743093E+9
2440.38	1.46	0.137722	-0.023269	-0.081716	0	-0.082217	-0.212787	0.104475	1.743094E+9
2471.46	1.48	0.137283	-0.020255	-0.082203	0	-0.082638	-0.212787	0.104435	1.743095E+9
2502.52	1.5	0.136451	-0.023195	-0.08202	0	-0.081983	-0.212787	0.103693	1.743096E+9
2533.54	1.52	0.135886	-0.023763	-0.081848	0	-0.082111	-0.212787	0.104469	1.743097E+9
2564.52	1.54	0.136822	-0.021531	-0.082583	0	-0.082652	-0.212787	0.104305	1.743098E+9
2595.47	1.56	0.132325	-0.024657	-0.082196	0	-0.082242	-0.212787	0.103414	1.743099E+9
2626.39	1.58	0.134258	-0.025183	-0.081738	0	-0.082503	-0.212787	0.103553	1.7431E+9
2657.27	1.6	0.130688	-0.025186	-0.081771	0	-0.082309	-0.212787	0.104259	1.743101E+9
2688.12	1.62	0.13227	-0.025251	-0.081909	0	-0.082158	-0.212787	0.104138	1.743102E+9
2718.93	1.64	0.130454	-0.025505	-0.082569	0	-0.082434	-0.212787	0.104221	1.743103E+9
2749.7	1.66	0.131049	-0.024286	-0.08159	0	-0.081924	-0.212787	0.104542	1.743104E+9
2780.44	1.68	0.129525	-0.025306	-0.081756	0	-0.081727	-0.212787	0.104529	1.743105E+9
2811.14	1.7	0.129164	-0.023958	-0.082081	0	-0.081768	-0.212787	0.103765	1.743106E+9
2841.8	1.72	0.13048	-0.026219	-0.081944	0	-0.082072	-0.212787	0.103391	1.743107E+9
2872.43	1.74	0.129544	-0.027441	-0.082188	0	-0.082311	-0.212787	0.104151	1.743108E+9
2903.01	1.76	0.130197	-0.026538	-0.082123	0	-0.082207	-0.212787	0.10369	1.743109E+9
2933.56	1.78	0.129483	-0.028256	-0.081587	0	-0.082307	-0.212787	0.104579	1.74311E+9
2964.07	1.8	0.126939	-0.022613	-0.081405	0	-0.082377	-0.212787	0.104579	1.743111E+9
2994.54	1.82	0.130357	-0.025391	-0.082516	0	-0.082022	-0.212787	0.103526	1.743112E+9
3024.97	1.84	0.129483	-0.026232	-0.081474	0	-0.082024	-0.212787	0.104527	1.743113E+9
3055.35	1.86	0.128687	-0.026512	-0.082158	0	-0.08234	-0.212787	0.104077	1.743114E+9
3085.7	1.88	0.127264	-0.025254	-0.081714	0	-0.082287	-0.212787	0.103812	1.743115E+9
3116	1.9	0.131373	-0.023055	-0.082525	0	-0.082848	-0.212787	0.104601	1.743116E+9
3146.27	1.92	0.128294	-0.025758	-0.082332	0	-0.082234	-0.212787	0.103838	1.743117E+9
3176.49	1.94	0.129554	-0.0253	-0.082593	0	-0.083084	-0.212787	0.104229	1.743118E+9
3206.66	1.96	0.129863	-0.02442	-0.082541	0	-0.082184	-0.212787	0.104572	1.743119E+9
3236.8	1.98	0.130386	-0.025008	-0.082493	0	-0.083139	-0.212787	0.103454	1.74312E+9
3266.89	2	0.129911	-0.025258	-0.081692	0	-0.081647	-0.212787	0.104652	1.743121E+9
3639.15	2.25	0.128294	-0.023052	-0.082368	0	-0.08177	-0.212787	0.104668	1.743122E+9
4003.65	2.5	0.129915	-0.023188	-0.08226	0	-0.082481	-0.212787	0.10419	1.743123E+9
4359.54	2.75	0.130071	-0.024884	-0.081652	0	-0.082107	-0.212787	0.104092	1.743124E+9
4705.98	3	0.129856	-0.024238	-0.082321	0	-0.081348	-0.212787	0.10423	1.743125E+9
5042.1	3.25	0.134375	-0.023981	-0.081305	0	-0.081609	-0.212787	0.104392	1.743126E+9
5367.05	3.5	0.1347	-0.021749	-0.080965	0	-0.081865	-0.212787	0.104213	1.743127E+9
5679.98	3.75	0.133752	-0.020761	-0.081484	0	-0.08098	-0.212787	0.10366	1.743128E+9
5980.04	4	0.13868	-0.022639	-0.081041	0	-0.081394	-0.212787	0.103667	1.743129E+9
