05/05/2022	15:40

Co88Tb12_20210514_CVMH2

Field	Kepco	Channel A	Channel B	Agilent	0	RF out	Monitor+	Monitor-	Time
5980.04	4	0.155596	-0.023292	-0.075965	0	-0.07653	-0.212787	0.100854	1.741832E+9
5679.98	3.75	0.145457	-0.024195	-0.076537	0	-0.076703	-0.212787	0.100814	1.741832E+9
5367.05	3.5	0.14149	-0.023763	-0.076371	0	-0.07609	-0.212787	0.100897	1.741833E+9
5042.1	3.25	0.140665	-0.027516	-0.076539	0	-0.076666	-0.212787	0.100974	1.741834E+9
4705.98	3	0.137215	-0.026791	-0.076752	0	-0.076607	-0.212787	0.100625	1.741835E+9
4359.54	2.75	0.138638	-0.025618	-0.076876	0	-0.07702	-0.212787	0.100453	1.741836E+9
4003.65	2.5	0.13469	-0.025086	-0.07649	0	-0.076894	-0.212787	0.100274	1.741837E+9
3639.15	2.25	0.132556	-0.026421	-0.076491	0	-0.076842	-0.212787	0.100357	1.741838E+9
3266.89	2	0.130672	-0.026096	-0.076031	0	-0.076873	-0.212787	0.101029	1.741839E+9
3236.8	1.98	0.130675	-0.026778	-0.076519	0	-0.077329	-0.212787	0.10083	1.74184E+9
3206.66	1.96	0.12919	-0.025189	-0.077188	0	-0.076885	-0.212787	0.100858	1.741841E+9
3176.49	1.94	0.129678	-0.027025	-0.076285	0	-0.077116	-0.212787	0.100989	1.741842E+9
3146.27	1.92	0.13202	-0.025488	-0.076624	0	-0.077377	-0.212787	0.100909	1.741843E+9
3116	1.9	0.130763	-0.028474	-0.077868	0	-0.077409	-0.212787	0.10096	1.741844E+9
3085.7	1.88	0.129141	-0.027246	-0.077563	0	-0.077098	-0.212787	0.100694	1.741845E+9
3055.35	1.86	0.129671	-0.028052	-0.077243	0	-0.077063	-0.212787	0.100673	1.741846E+9
3024.97	1.84	0.129898	-0.027785	-0.077028	0	-0.077588	-0.212787	0.100563	1.741847E+9
2994.54	1.82	0.129213	-0.026762	-0.07719	0	-0.076676	-0.212787	0.1007	1.741848E+9
2964.07	1.8	0.127368	-0.028136	-0.076608	0	-0.077007	-0.212787	0.100518	1.741849E+9
2933.56	1.78	0.128703	-0.028234	-0.077239	0	-0.076993	-0.212787	0.100853	1.74185E+9
2903.01	1.76	0.128534	-0.026759	-0.076821	0	-0.076813	-0.212787	0.100996	1.741851E+9
2872.43	1.74	0.129116	-0.02889	-0.077639	0	-0.077151	-0.212787	0.100686	1.741852E+9
2841.8	1.72	0.127647	-0.028308	-0.076819	0	-0.07646	-0.212787	0.101102	1.741853E+9
2811.14	1.7	0.13061	-0.029202	-0.076748	0	-0.076842	-0.212787	0.101198	1.741854E+9
2780.44	1.68	0.128813	-0.028818	-0.077004	0	-0.076593	-0.212787	0.100852	1.741855E+9
2749.7	1.66	0.131006	-0.026973	-0.077006	0	-0.076605	-0.212787	0.100605	1.741856E+9
2718.93	1.64	0.12973	-0.029663	-0.076765	0	-0.076118	-0.212787	0.100847	1.741857E+9
2688.12	1.62	0.126845	-0.026021	-0.07703	0	-0.076804	-0.212787	0.100459	1.741858E+9
2657.27	1.6	0.127637	-0.028643	-0.077289	0	-0.076863	-0.212787	0.100705	1.741859E+9
2626.39	1.58	0.126838	-0.029309	-0.077317	0	-0.076558	-0.212787	0.100737	1.74186E+9
2595.47	1.56	0.128589	-0.028	-0.077242	0	-0.07667	-0.212787	0.10054	1.741861E+9
2564.52	1.54	0.131156	-0.028682	-0.076856	0	-0.076888	-0.212787	0.100719	1.741862E+9
2533.54	1.52	0.128859	-0.028802	-0.076865	0	-0.077262	-0.212787	0.101069	1.741863E+9
2502.52	1.5	0.128235	-0.028669	-0.076794	0	-0.07675	-0.212787	0.101012	1.741864E+9
2471.46	1.48	0.128911	-0.027477	-0.077141	0	-0.077179	-0.212787	0.101119	1.741865E+9
2440.38	1.46	0.124863	-0.02875	-0.077162	0	-0.076876	-0.212787	0.100849	1.741866E+9
2409.26	1.44	0.125587	-0.029696	-0.076792	0	-0.077242	-0.212787	0.101277	1.741867E+9
2378.11	1.42	0.125116	-0.03057	-0.076945	0	-0.077239	-0.212787	0.101188	1.741868E+9
2346.93	1.4	0.124622	-0.030053	-0.077067	0	-0.076951	-0.212787	0.101116	1.741869E+9
2315.72	1.38	0.121845	-0.030446	-0.077616	0	-0.077555	-0.212787	0.101181	1.74187E+9
2284.48	1.36	0.125779	-0.029657	-0.077873	0	-0.077003	-0.212787	0.100887	1.741871E+9
2253.2	1.34	0.12509	-0.031785	-0.07737	0	-0.077474	-0.212787	0.100923	1.741872E+9
2221.9	1.32	0.125886	-0.030833	-0.077666	0	-0.07756	-0.212787	0.100902	1.741873E+9
2190.57	1.3	0.123544	-0.027896	-0.077835	0	-0.077165	-0.212787	0.100601	1.741874E+9
2159.21	1.28	0.124044	-0.031876	-0.077912	0	-0.077712	-0.212787	0.101295	1.741875E+9
2127.82	1.26	0.123625	-0.02736	-0.077514	0	-0.077475	-0.212787	0.10099	1.741876E+9
2096.4	1.24	0.122238	-0.029043	-0.078012	0	-0.07813	-0.212787	0.10061	1.741877E+9
2064.96	1.22	0.125509	-0.029731	-0.078235	0	-0.077856	-0.212787	0.100869	1.741878E+9
2033.48	1.2	0.122365	-0.028325	-0.078478	0	-0.07829	-0.212787	0.101336	1.741879E+9
2001.99	1.18	0.120448	-0.029968	-0.078244	0	-0.077649	-0.212787	0.100588	1.74188E+9
1970.46	1.16	0.123326	-0.028152	-0.077657	0	-0.077869	-0.212787	0.101322	1.741881E+9
1938.91	1.14	0.121036	-0.03031	-0.078748	0	-0.07846	-0.212787	0.101184	1.741882E+9
1907.33	1.12	0.120571	-0.030764	-0.079125	0	-0.077398	-0.212787	0.100973	1.741883E+9
1875.73	1.1	0.121549	-0.030209	-0.078612	0	-0.077895	-0.212787	0.101107	1.741884E+9
1844.11	1.08	0.120591	-0.030043	-0.077807	0	-0.077933	-0.212787	0.101147	1.741885E+9
1812.46	1.06	0.120948	-0.03043	-0.077982	0	-0.07777	-0.212787	0.101234	1.741886E+9
1780.78	1.04	0.124561	-0.028675	-0.078267	0	-0.077478	-0.212787	0.101153	1.741887E+9
1749.09	1.02	0.11971	-0.02902	-0.077902	0	-0.077797	-0.212787	0.101023	1.741888E+9
1717.37	1	0.12036	-0.028052	-0.077543	0	-0.077877	-0.212787	0.101398	1.741889E+9
1685.63	0.98	0.119337	-0.030264	-0.077821	0	-0.077728	-0.212787	0.100691	1.74189E+9
1653.86	0.96	0.119262	-0.029039	-0.078228	0	-0.077421	-0.212787	0.101126	1.741891E+9
1622.08	0.94	0.122553	-0.029484	-0.077873	0	-0.077034	-0.212787	0.101277	1.741892E+9
1590.27	0.92	0.122585	-0.029416	-0.077742	0	-0.078008	-0.212787	0.100677	1.741893E+9
1558.44	0.9	0.120347	-0.028919	-0.076963	0	-0.07781	-0.212787	0.100932	1.741894E+9
1526.6	0.88	0.121679	-0.031132	-0.078019	0	-0.078084	-0.212787	0.101192	1.741895E+9
1494.73	0.86	0.119928	-0.030644	-0.077661	0	-0.07771	-0.212787	0.101338	1.741896E+9
1462.84	0.84	0.118654	-0.030157	-0.077408	0	-0.078174	-0.212787	0.101093	1.741897E+9
1430.94	0.82	0.120584	-0.030147	-0.077321	0	-0.077776	-0.212787	0.100972	1.741898E+9
1399.02	0.8	0.118606	-0.028623	-0.077696	0	-0.078167	-0.212787	0.100708	1.741899E+9
1367.08	0.78	0.121468	-0.029533	-0.077668	0	-0.077727	-0.212787	0.100679	1.7419E+9
1335.12	0.76	0.120019	-0.028178	-0.077479	0	-0.078319	-0.212787	0.101264	1.741901E+9
1303.14	0.74	0.120003	-0.028974	-0.077235	0	-0.078519	-0.212787	0.101268	1.741902E+9
1271.15	0.72	0.119213	-0.031508	-0.077376	0	-0.078006	-0.212787	0.101427	1.741903E+9
1239.14	0.7	0.120379	-0.028068	-0.077441	0	-0.078312	-0.212787	0.101332	1.741904E+9
1207.12	0.68	0.119577	-0.028022	-0.078227	0	-0.077691	-0.212787	0.101407	1.741905E+9
1175.08	0.66	0.118742	-0.029806	-0.07693	0	-0.077776	-0.212787	0.100864	1.741906E+9
1143.02	0.64	0.119096	-0.03031	-0.077236	0	-0.078084	-0.212787	0.101435	1.741907E+9
1110.95	0.62	0.116075	-0.029416	-0.077361	0	-0.078257	-0.212787	0.100985	1.741908E+9
1078.87	0.6	0.116637	-0.029332	-0.077375	0	-0.078056	-0.212787	0.101378	1.741909E+9
1046.78	0.58	0.117829	-0.030712	-0.077647	0	-0.07754	-0.212787	0.101157	1.74191E+9
1014.67	0.56	0.116741	-0.030735	-0.076871	0	-0.077874	-0.212787	0.101161	1.741911E+9
982.54	0.54	0.119106	-0.027607	-0.077528	0	-0.078014	-0.212787	0.100772	1.741912E+9
950.41	0.52	0.119207	-0.028978	-0.077479	0	-0.077887	-0.212787	0.101022	1.741913E+9
918.26	0.5	0.118209	-0.028117	-0.077598	0	-0.07796	-0.212787	0.101443	1.741914E+9
886.1	0.48	0.116952	-0.030667	-0.077244	0	-0.078559	-0.212787	0.101487	1.741915E+9
853.93	0.46	0.116874	-0.032402	-0.078683	0	-0.078887	-0.212787	0.101482	1.741916E+9
821.76	0.44	0.116257	-0.0313	-0.078571	0	-0.078594	-0.212787	0.1012	1.741917E+9
789.57	0.42	0.116718	-0.03197	-0.077937	0	-0.079042	-0.212787	0.101185	1.741918E+9
757.37	0.4	0.11612	-0.026765	-0.07858	0	-0.079007	-0.212787	0.101555	1.741919E+9
725.16	0.38	0.114824	-0.029	-0.079701	0	-0.079172	-0.212787	0.101466	1.74192E+9
692.94	0.36	0.113986	-0.030245	-0.079085	0	-0.079508	-0.212787	0.100959	1.741921E+9
660.72	0.34	0.11575	-0.031232	-0.079112	0	-0.078937	-0.212787	0.100918	1.741922E+9
628.48	0.32	0.114376	-0.032951	-0.078572	0	-0.07912	-0.212787	0.101754	1.741923E+9
596.24	0.3	0.11306	-0.031609	-0.079865	0	-0.079312	-0.212787	0.101336	1.741924E+9
563.99	0.28	0.114844	-0.030219	-0.080709	0	-0.079205	-0.212787	0.101555	1.741925E+9
531.74	0.26	0.112962	-0.031158	-0.079667	0	-0.079687	-0.212787	0.10078	1.741926E+9
499.48	0.24	0.112482	-0.031596	-0.079277	0	-0.078996	-0.212787	0.101222	1.741927E+9
467.21	0.22	0.115207	-0.030323	-0.079516	0	-0.079467	-0.212787	0.101638	1.741928E+9
434.94	0.2	0.113499	-0.029527	-0.079414	0	-0.07951	-0.212787	0.101277	1.741929E+9
402.66	0.18	0.111682	-0.029328	-0.079184	0	-0.07901	-0.212787	0.101603	1.74193E+9
370.38	0.16	0.11458	-0.0308	-0.079546	0	-0.079484	-0.212787	0.1016	1.741931E+9
338.1	0.14	0.113365	-0.030466	-0.080055	0	-0.079893	-0.212787	0.101468	1.741932E+9
305.81	0.12	0.111478	-0.029653	-0.080058	0	-0.079166	-0.212787	0.101515	1.741933E+9
273.52	0.1	0.114538	-0.031294	-0.07933	0	-0.079037	-0.212787	0.101571	1.741934E+9
241.22	0.08	0.113528	-0.0331	-0.079201	0	-0.079699	-0.212787	0.101194	1.741935E+9
208.93	0.06	0.111588	-0.031346	-0.079389	0	-0.079468	-0.212787	0.101669	1.741936E+9
176.63	0.04	0.111163	-0.02953	-0.079715	0	-0.079102	-0.212787	0.101452	1.741937E+9
144.33	0.02	0.109392	-0.031365	-0.079246	0	-0.079138	-0.212787	0.101154	1.741938E+9
112.03	0	0.112394	-0.032753	-0.07982	0	-0.079489	-0.212787	0.101175	1.741939E+9
79.73	-0.02	0.111328	-0.032226	-0.079814	0	-0.079245	-0.212787	0.100995	1.74194E+9
47.42	-0.04	0.109964	-0.03476	-0.079358	0	-0.079073	-0.212787	0.101093	1.741941E+9
15.12	-0.06	0.112975	-0.02864	-0.078869	0	-0.079402	-0.212787	0.101624	1.741942E+9
-17.18	-0.08	0.111572	-0.030953	-0.079395	0	-0.079548	-0.212787	0.10109	1.741943E+9
-49.47	-0.1	0.108707	-0.031375	-0.079056	0	-0.079478	-0.212787	0.101552	1.741944E+9
-81.77	-0.12	0.110169	-0.032824	-0.080022	0	-0.079682	-0.212787	0.101088	1.741945E+9
-114.07	-0.14	0.109483	-0.033958	-0.079678	0	-0.079764	-0.212787	0.101242	1.741946E+9
-146.36	-0.16	0.108203	-0.031482	-0.079325	0	-0.079147	-0.212787	0.101735	1.741947E+9
-178.65	-0.18	0.109652	-0.031349	-0.079734	0	-0.080012	-0.212787	0.101786	1.741948E+9
-210.93	-0.2	0.107677	-0.031414	-0.08029	0	-0.0803	-0.212787	0.101598	1.741949E+9
-243.22	-0.22	0.106874	-0.031781	-0.080337	0	-0.079813	-0.212787	0.101525	1.74195E+9
-275.49	-0.24	0.10742	-0.032363	-0.080207	0	-0.080003	-0.212787	0.101798	1.741951E+9
-307.77	-0.26	0.10539	-0.03131	-0.07987	0	-0.079775	-0.212787	0.101907	1.741952E+9
-340.03	-0.28	0.106104	-0.033139	-0.080128	0	-0.079968	-0.212787	0.101753	1.741953E+9
-372.3	-0.3	0.106026	-0.031785	-0.07989	0	-0.08027	-0.212787	0.101768	1.741954E+9
-404.55	-0.32	0.105685	-0.033467	-0.080359	0	-0.079557	-0.212787	0.101523	1.741955E+9
-436.8	-0.34	0.108226	-0.033201	-0.079711	0	-0.079317	-0.212787	0.101206	1.741956E+9
-469.04	-0.36	0.105841	-0.032733	-0.079747	0	-0.079696	-0.212787	0.10125	1.741957E+9
-501.28	-0.38	0.105789	-0.036294	-0.079458	0	-0.07999	-0.212787	0.101668	1.741958E+9
-533.51	-0.4	0.106104	-0.034449	-0.079913	0	-0.07989	-0.212787	0.101442	1.741959E+9
-565.73	-0.42	0.103924	-0.033029	-0.078853	0	-0.079614	-0.212787	0.101924	1.74196E+9
-597.94	-0.44	0.108057	-0.032148	-0.079871	0	-0.079417	-0.212787	0.101432	1.741961E+9
-630.14	-0.46	0.108106	-0.033415	-0.08025	0	-0.078965	-0.212787	0.101196	1.741962E+9
-662.33	-0.48	0.108388	-0.031918	-0.079658	0	-0.079634	-0.212787	0.101836	1.741963E+9
-694.51	-0.5	0.106783	-0.033126	-0.079523	0	-0.079401	-0.212787	0.101931	1.741964E+9
-726.68	-0.52	0.104483	-0.032152	-0.079185	0	-0.07939	-0.212787	0.101985	1.741965E+9
-758.84	-0.54	0.106176	-0.031892	-0.079631	0	-0.07964	-0.212787	0.10197	1.741966E+9
-790.99	-0.56	0.107963	-0.032038	-0.07975	0	-0.07924	-0.212787	0.101942	1.741967E+9
-823.13	-0.58	0.107491	-0.031213	-0.080189	0	-0.07922	-0.212787	0.101772	1.741968E+9
-855.25	-0.6	0.107612	-0.032161	-0.079284	0	-0.078963	-0.212787	0.101896	1.741969E+9
-887.37	-0.62	0.107111	-0.031752	-0.08041	0	-0.078948	-0.212787	0.101403	1.74197E+9
-919.47	-0.64	0.107147	-0.032548	-0.080214	0	-0.079396	-0.212787	0.101264	1.741971E+9
-951.55	-0.66	0.106696	-0.030235	-0.080024	0	-0.079529	-0.212787	0.102009	1.741972E+9
-983.62	-0.68	0.105328	-0.032161	-0.08019	0	-0.079105	-0.212787	0.1021	1.741973E+9
-1015.68	-0.7	0.104126	-0.03297	-0.079824	0	-0.079293	-0.212787	0.101808	1.741974E+9
-1047.73	-0.72	0.104727	-0.031905	-0.080001	0	-0.080396	-0.212787	0.102091	1.741975E+9
-1079.75	-0.74	0.101127	-0.034286	-0.080265	0	-0.079239	-0.212787	0.10193	1.741976E+9
-1111.76	-0.76	0.103856	-0.032574	-0.07929	0	-0.079251	-0.212787	0.101395	1.741977E+9
-1143.76	-0.78	0.10384	-0.031924	-0.07852	0	-0.079526	-0.212787	0.102156	1.741978E+9
-1175.74	-0.8	0.104805	-0.033731	-0.079042	0	-0.080155	-0.212787	0.101457	1.741979E+9
-1207.7	-0.82	0.102969	-0.032431	-0.079356	0	-0.080559	-0.212787	0.101823	1.74198E+9
-1239.65	-0.84	0.102592	-0.036437	-0.079528	0	-0.079889	-0.212787	0.102139	1.741981E+9
-1271.57	-0.86	0.100779	-0.034669	-0.079426	0	-0.07969	-0.212787	0.102155	1.741982E+9
-1303.48	-0.88	0.103037	-0.034738	-0.079468	0	-0.079756	-0.212787	0.102079	1.741983E+9
-1335.37	-0.9	0.099529	-0.033448	-0.07935	0	-0.079988	-0.212787	0.102006	1.741984E+9
-1367.24	-0.92	0.098525	-0.033792	-0.079864	0	-0.080165	-0.212787	0.101562	1.741985E+9
-1399.1	-0.94	0.102648	-0.031252	-0.079622	0	-0.080118	-0.212787	0.101454	1.741986E+9
-1430.93	-0.96	0.100442	-0.034702	-0.079543	0	-0.080349	-0.212787	0.102075	1.741987E+9
-1462.74	-0.98	0.102115	-0.033698	-0.079882	0	-0.080589	-0.212787	0.101977	1.741988E+9
-1494.53	-1	0.099724	-0.035118	-0.079909	0	-0.079998	-0.212787	0.10195	1.741989E+9
-1526.3	-1.02	0.100663	-0.03428	-0.080083	0	-0.080184	-0.212787	0.102091	1.74199E+9
-1558.04	-1.04	0.099071	-0.031216	-0.080426	0	-0.079904	-0.212787	0.101622	1.741991E+9
-1589.77	-1.06	0.099126	-0.03325	-0.080472	0	-0.079509	-0.212787	0.101931	1.741992E+9
-1621.47	-1.08	0.098541	-0.034452	-0.080321	0	-0.080537	-0.212787	0.101475	1.741993E+9
-1653.15	-1.1	0.101169	-0.033402	-0.080715	0	-0.080661	-0.212787	0.101373	1.741994E+9
-1684.8	-1.12	0.099561	-0.034124	-0.080746	0	-0.08012	-0.212787	0.101618	1.741995E+9
-1716.43	-1.14	0.101601	-0.03518	-0.080623	0	-0.080785	-0.212787	0.101736	1.741996E+9
-1748.04	-1.16	0.101056	-0.033831	-0.080471	0	-0.080589	-0.212787	0.101974	1.741997E+9
-1779.62	-1.18	0.100061	-0.033123	-0.080825	0	-0.080847	-0.212787	0.101904	1.741998E+9
-1811.18	-1.2	0.100637	-0.033682	-0.080836	0	-0.08029	-0.212787	0.102002	1.741999E+9
-1842.71	-1.22	0.101588	-0.034647	-0.079852	0	-0.080514	-0.212787	0.101548	1.742E+9
-1874.21	-1.24	0.10115	-0.033185	-0.079781	0	-0.080721	-0.212787	0.101599	1.742001E+9
-1905.69	-1.26	0.100084	-0.034075	-0.08056	0	-0.08086	-0.212787	0.101488	1.742002E+9
-1937.14	-1.28	0.100139	-0.034244	-0.080743	0	-0.080366	-0.212787	0.101696	1.742003E+9
-1968.57	-1.3	0.102069	-0.0381	-0.08053	0	-0.080314	-0.212787	0.102166	1.742004E+9
-1999.96	-1.32	0.100204	-0.036027	-0.080507	0	-0.080662	-0.212787	0.101755	1.742005E+9
-2031.33	-1.34	0.527864	0.085029	-0.081813	0	-0.082698	-0.212787	0.101415	1.742006E+9
-2062.67	-1.36	5.115971	1.047249	-0.087362	0	-0.087387	-0.212787	0.101849	1.742007E+9
-2093.98	-1.38	8.38903	1.678683	-0.090465	0	-0.089776	-0.212787	0.10235	1.742008E+9
-2125.26	-1.4	9.625611	1.928549	-0.091118	0	-0.091836	-0.212787	0.102268	1.742009E+9
-2156.51	-1.42	10.389712	2.084735	-0.092501	0	-0.093085	-0.212787	0.102333	1.74201E+9
-2187.73	-1.44	10.597161	2.211916	-0.093588	0	-0.094049	-0.212787	0.101544	1.742011E+9
-2218.91	-1.46	10.597161	2.298143	-0.094482	0	-0.094053	-0.212787	0.1016	1.742012E+9
-2250.07	-1.48	10.597161	2.362667	-0.093757	0	-0.094108	-0.212787	0.102533	1.742013E+9
-2281.19	-1.5	10.597161	2.422735	-0.094093	0	-0.095177	-0.212787	0.102375	1.742014E+9
-2312.29	-1.52	10.597161	2.46187	-0.094921	0	-0.094774	-0.212787	0.102375	1.742015E+9
-2343.35	-1.54	10.597161	2.4972	-0.095608	0	-0.09483	-0.212787	0.102461	1.742016E+9
-2374.37	-1.56	10.597161	2.528279	-0.095006	0	-0.095724	-0.212787	0.101819	1.742017E+9
-2405.37	-1.58	10.597161	2.551426	-0.095463	0	-0.09518	-0.212787	0.10239	1.742018E+9
-2436.33	-1.6	10.597161	2.568509	-0.094569	0	-0.095995	-0.212787	0.102484	1.742019E+9
-2467.25	-1.62	10.597161	2.576809	-0.095946	0	-0.094769	-0.212787	0.102426	1.74202E+9
-2498.14	-1.64	10.597161	2.585805	-0.095832	0	-0.095764	-0.212787	0.102277	1.742021E+9
-2528.99	-1.66	10.597161	2.595682	-0.095734	0	-0.096104	-0.212787	0.102372	1.742022E+9
-2559.81	-1.68	10.597161	2.600597	-0.096166	0	-0.095776	-0.212787	0.102054	1.742023E+9
-2590.6	-1.7	10.597161	2.605318	-0.09642	0	-0.096296	-0.212787	0.102147	1.742024E+9
-2621.34	-1.72	10.597161	2.609301	-0.095376	0	-0.096558	-0.212787	0.102564	1.742025E+9
-2652.05	-1.74	10.597161	2.61097	-0.094988	0	-0.09617	-0.212787	0.102661	1.742026E+9
-2682.72	-1.76	10.597161	2.613573	-0.095652	0	-0.096694	-0.212787	0.102546	1.742027E+9
-2713.35	-1.78	10.597161	2.618478	-0.096662	0	-0.096355	-0.212787	0.102445	1.742028E+9
-2743.95	-1.8	10.597161	2.617553	-0.096852	0	-0.096939	-0.212787	0.101906	1.742029E+9
-2774.5	-1.82	10.597161	2.620538	-0.096048	0	-0.095685	-0.212787	0.102159	1.74203E+9
-2805.02	-1.84	10.597161	2.619323	-0.095874	0	-0.097139	-0.212787	0.102558	1.742031E+9
-2835.5	-1.86	10.597161	2.620697	-0.096383	0	-0.096501	-0.212787	0.102069	1.742032E+9
-2865.93	-1.88	10.597161	2.621565	-0.097022	0	-0.096007	-0.212787	0.101951	1.742033E+9
-2896.33	-1.9	10.597161	2.621565	-0.095685	0	-0.096492	-0.212787	0.10233	1.742034E+9
-2926.69	-1.92	10.597161	2.622855	-0.09584	0	-0.096513	-0.212787	0.102316	1.742035E+9
-2957	-1.94	10.597161	2.623625	-0.095435	0	-0.095916	-0.212787	0.102503	1.742036E+9
-2987.27	-1.96	10.597161	2.623303	-0.095162	0	-0.095852	-0.212787	0.10265	1.742037E+9
-3017.5	-1.98	10.597161	2.627244	-0.094885	0	-0.095709	-0.212787	0.101899	1.742038E+9
-3047.69	-2	10.597161	2.624102	-0.094623	0	-0.094925	-0.212787	0.102613	1.742039E+9
-3421.24	-2.25	10.597161	2.627266	-0.094799	0	-0.095515	-0.212787	0.10252	1.74204E+9
-3787.18	-2.5	10.597161	2.625528	-0.095522	0	-0.095802	-0.212787	0.102656	1.742041E+9
-4144.67	-2.75	10.597161	2.626841	-0.096114	0	-0.096021	-0.212787	0.102501	1.742042E+9
-4492.85	-3	10.597161	2.626828	-0.095303	0	-0.095389	-0.212787	0.102555	1.742043E+9
-4830.87	-3.25	10.597161	2.624677	-0.095472	0	-0.096486	-0.212787	0.101898	1.742044E+9
-5157.87	-3.5	10.597161	2.624164	-0.096731	0	-0.095797	-0.212787	0.102328	1.742045E+9
-5473	-3.75	10.597161	2.624609	-0.095963	0	-0.095157	-0.212787	0.10258	1.742046E+9
-5775.41	-4	10.597161	2.624242	-0.096056	0	-0.095977	-0.212787	0.102471	1.742047E+9
-5473	-3.75	10.597161	2.625515	-0.09555	0	-0.096197	-0.212787	0.102327	1.742048E+9
-5157.87	-3.5	10.597161	2.624161	-0.095582	0	-0.096158	-0.212787	0.101897	1.742049E+9
-4830.87	-3.25	10.597161	2.627214	-0.095769	0	-0.096661	-0.212787	0.102636	1.74205E+9
-4492.85	-3	10.597161	2.628465	-0.095507	0	-0.095716	-0.212787	0.102051	1.742051E+9
-4144.67	-2.75	10.597161	2.629417	-0.095725	0	-0.096187	-0.212787	0.102121	1.742052E+9
-3787.18	-2.5	10.597161	2.63072	-0.095511	0	-0.096283	-0.212787	0.102397	1.742053E+9
-3421.24	-2.25	10.597161	2.632049	-0.095677	0	-0.09654	-0.212787	0.10208	1.742054E+9
-3047.69	-2	10.597161	2.629781	-0.095457	0	-0.095748	-0.212787	0.102642	1.742055E+9
-3017.5	-1.98	10.597161	2.629359	-0.095323	0	-0.096875	-0.212787	0.102352	1.742056E+9
-2987.27	-1.96	10.597161	2.6311	-0.095761	0	-0.096427	-0.212787	0.102199	1.742057E+9
-2957	-1.94	10.597161	2.631581	-0.09572	0	-0.096465	-0.212787	0.102709	1.742058E+9
-2926.69	-1.92	10.597161	2.634817	-0.095995	0	-0.096482	-0.212787	0.102205	1.742059E+9
-2896.33	-1.9	10.597161	2.632042	-0.095519	0	-0.096582	-0.212787	0.102708	1.74206E+9
-2865.93	-1.88	10.597161	2.635408	-0.096088	0	-0.095706	-0.212787	0.102355	1.742061E+9
-2835.5	-1.86	10.597161	2.634173	-0.096115	0	-0.096171	-0.212787	0.102706	1.742062E+9
-2805.02	-1.84	10.597161	2.631522	-0.095299	0	-0.096202	-0.212787	0.101932	1.742063E+9
-2774.5	-1.82	10.597161	2.633608	-0.096047	0	-0.095627	-0.212787	0.102092	1.742064E+9
-2743.95	-1.8	10.597161	2.633566	-0.095932	0	-0.096193	-0.212787	0.102572	1.742065E+9
-2713.35	-1.78	10.597161	2.632364	-0.095664	0	-0.096661	-0.212787	0.102717	1.742066E+9
-2682.72	-1.76	10.597161	2.631967	-0.09643	0	-0.096306	-0.212787	0.102189	1.742067E+9
-2652.05	-1.74	10.597161	2.630541	-0.096117	0	-0.096695	-0.212787	0.102282	1.742068E+9
-2621.34	-1.72	10.597161	2.632884	-0.09545	0	-0.096259	-0.212787	0.102064	1.742069E+9
-2590.6	-1.7	10.597161	2.63366	-0.095049	0	-0.096216	-0.212787	0.102671	1.74207E+9
-2559.81	-1.68	10.597161	2.633368	-0.095509	0	-0.096335	-0.212787	0.102567	1.742071E+9
-2528.99	-1.66	10.597161	2.634719	-0.095944	0	-0.095796	-0.212787	0.102877	1.742072E+9
-2498.14	-1.64	10.597161	2.63547	-0.096289	0	-0.095251	-0.212787	0.102545	1.742073E+9
-2467.25	-1.62	10.597161	2.637374	-0.095703	0	-0.096801	-0.212787	0.102387	1.742074E+9
-2436.33	-1.6	10.597161	2.633774	-0.095994	0	-0.095552	-0.212787	0.101975	1.742075E+9
-2405.37	-1.58	10.597161	2.637283	-0.095871	0	-0.096484	-0.212787	0.102468	1.742076E+9
-2374.37	-1.56	10.597161	2.636386	-0.095901	0	-0.096249	-0.212787	0.102895	1.742077E+9
-2343.35	-1.54	10.597161	2.637789	-0.095645	0	-0.096269	-0.212787	0.102159	1.742078E+9
-2312.29	-1.52	10.597161	2.636334	-0.095795	0	-0.096017	-0.212787	0.102134	1.742079E+9
-2281.19	-1.5	10.597161	2.635921	-0.096652	0	-0.095687	-0.212787	0.102766	1.74208E+9
-2250.07	-1.48	10.597161	2.638053	-0.096309	0	-0.095893	-0.212787	0.102852	1.742081E+9
-2218.91	-1.46	10.597161	2.635044	-0.096237	0	-0.096475	-0.212787	0.102849	1.742082E+9
-2187.73	-1.44	10.597161	2.634498	-0.096071	0	-0.095949	-0.212787	0.102501	1.742083E+9
-2156.51	-1.42	10.597161	2.63598	-0.095325	0	-0.095824	-0.212787	0.102715	1.742084E+9
-2125.26	-1.4	10.597161	2.637101	-0.09608	0	-0.096175	-0.212787	0.102855	1.742085E+9
-2093.98	-1.38	10.597161	2.63634	-0.095604	0	-0.096957	-0.212787	0.102972	1.742086E+9
-2062.67	-1.36	10.597161	2.639307	-0.096135	0	-0.097056	-0.212787	0.102992	1.742087E+9
-2031.33	-1.34	10.597161	2.639709	-0.096511	0	-0.09695	-0.212787	0.102897	1.742088E+9
-1999.96	-1.32	10.597161	2.638199	-0.096849	0	-0.096629	-0.212787	0.102413	1.742089E+9
-1968.57	-1.3	10.597161	2.636643	-0.096893	0	-0.096137	-0.212787	0.102782	1.74209E+9
-1937.14	-1.28	10.597161	2.638423	-0.096439	0	-0.096406	-0.212787	0.102715	1.742091E+9
-1905.69	-1.26	10.597161	2.639242	-0.096766	0	-0.096602	-0.212787	0.102696	1.742092E+9
-1874.21	-1.24	10.597161	2.640944	-0.096827	0	-0.096455	-0.212787	0.102361	1.742093E+9
-1842.71	-1.22	10.597161	2.641067	-0.096499	0	-0.096894	-0.212787	0.102945	1.742094E+9
-1811.18	-1.2	10.597161	2.637994	-0.096911	0	-0.096691	-0.212787	0.103045	1.742095E+9
-1779.62	-1.18	10.597161	2.638852	-0.09657	0	-0.096984	-0.212787	0.102944	1.742096E+9
-1748.04	-1.16	10.597161	2.639333	-0.096181	0	-0.096656	-0.212787	0.102624	1.742097E+9
-1716.43	-1.14	10.597161	2.641132	-0.096802	0	-0.096332	-0.212787	0.102124	1.742098E+9
-1684.8	-1.12	10.597161	2.638819	-0.096826	0	-0.096639	-0.212787	0.102344	1.742099E+9
-1653.15	-1.1	10.597161	2.637458	-0.096645	0	-0.096708	-0.212787	0.102933	1.7421E+9
-1621.47	-1.08	10.597161	2.638023	-0.096146	0	-0.096427	-0.212787	0.102615	1.742101E+9
-1589.77	-1.06	10.597161	2.638881	-0.096673	0	-0.09712	-0.212787	0.102302	1.742102E+9
-1558.04	-1.04	10.597161	2.638839	-0.096901	0	-0.097126	-0.212787	0.102858	1.742103E+9
-1526.3	-1.02	10.597161	2.641126	-0.097123	0	-0.096738	-0.212787	0.103056	1.742104E+9
-1494.53	-1	10.597161	2.636727	-0.096589	0	-0.097172	-0.212787	0.102835	1.742105E+9
-1462.74	-0.98	10.597161	2.638442	-0.097498	0	-0.097468	-0.212787	0.102163	1.742106E+9
-1430.93	-0.96	10.597161	2.637114	-0.097379	0	-0.096368	-0.212787	0.102812	1.742107E+9
-1399.1	-0.94	10.597161	2.638504	-0.097075	0	-0.096405	-0.212787	0.102983	1.742108E+9
-1367.24	-0.92	10.597161	2.637494	-0.097256	0	-0.096045	-0.212787	0.102783	1.742109E+9
-1335.37	-0.9	10.597161	2.638384	-0.096458	0	-0.096101	-0.212787	0.102674	1.74211E+9
-1303.48	-0.88	10.597161	2.63929	-0.097423	0	-0.095978	-0.212787	0.102323	1.742111E+9
-1271.57	-0.86	10.597161	2.638472	-0.09627	0	-0.096159	-0.212787	0.102663	1.742112E+9
-1239.65	-0.84	10.597161	2.641266	-0.096451	0	-0.095808	-0.212787	0.103106	1.742113E+9
-1207.7	-0.82	10.597161	2.639807	-0.096683	0	-0.096805	-0.212787	0.102703	1.742114E+9
-1175.74	-0.8	10.597161	2.639446	-0.09724	0	-0.096764	-0.212787	0.10226	1.742115E+9
-1143.76	-0.78	10.597161	2.640733	-0.096688	0	-0.095845	-0.212787	0.102258	1.742116E+9
-1111.76	-0.76	10.597161	2.641045	-0.096527	0	-0.096896	-0.212787	0.102876	1.742117E+9
-1079.75	-0.74	10.597161	2.64159	-0.09627	0	-0.096978	-0.212787	0.102615	1.742118E+9
-1047.73	-0.72	10.597161	2.638962	-0.097313	0	-0.097098	-0.212787	0.102856	1.742119E+9
-1015.68	-0.7	10.597161	2.641594	-0.097106	0	-0.097031	-0.212787	0.102299	1.74212E+9
-983.62	-0.68	10.597161	2.641603	-0.096353	0	-0.097405	-0.212787	0.102517	1.742121E+9
-951.55	-0.66	10.597161	2.641474	-0.097263	0	-0.095993	-0.212787	0.102506	1.742122E+9
-919.47	-0.64	10.597161	2.63967	-0.096281	0	-0.097564	-0.212787	0.102478	1.742123E+9
-887.37	-0.62	10.597161	2.643868	-0.096657	0	-0.09685	-0.212787	0.102846	1.742124E+9
-855.25	-0.6	10.597161	2.643972	-0.096671	0	-0.096485	-0.212787	0.103023	1.742125E+9
-823.13	-0.58	10.597161	2.643137	-0.096875	0	-0.096764	-0.212787	0.103092	1.742126E+9
-790.99	-0.56	10.597161	2.64314	-0.097192	0	-0.097513	-0.212787	0.103039	1.742127E+9
-758.84	-0.54	10.597161	2.644008	-0.096633	0	-0.096444	-0.212787	0.102992	1.742128E+9
-726.68	-0.52	10.597161	2.644566	-0.097182	0	-0.09638	-0.212787	0.102414	1.742129E+9
-694.51	-0.5	10.597161	2.641129	-0.096226	0	-0.096288	-0.212787	0.10241	1.74213E+9
-662.33	-0.48	10.597161	2.644495	-0.09655	0	-0.096891	-0.212787	0.103109	1.742131E+9
-630.14	-0.46	10.597161	2.644105	-0.096371	0	-0.09651	-0.212787	0.10309	1.742132E+9
-597.94	-0.44	10.597161	2.645502	-0.096722	0	-0.097344	-0.212787	0.102471	1.742133E+9
-565.73	-0.42	10.597161	2.640184	-0.097642	0	-0.096785	-0.212787	0.103075	1.742134E+9
-533.51	-0.4	10.597161	2.641945	-0.097041	0	-0.096681	-0.212787	0.103134	1.742135E+9
-501.28	-0.38	10.597161	2.64493	-0.096218	0	-0.097386	-0.212787	0.103107	1.742136E+9
-469.04	-0.36	10.597161	2.645638	-0.097365	0	-0.096335	-0.212787	0.103065	1.742137E+9
-436.8	-0.34	10.597161	2.643588	-0.097678	0	-0.096144	-0.212787	0.102953	1.742138E+9
-404.55	-0.32	10.597161	2.643634	-0.096545	0	-0.097754	-0.212787	0.102555	1.742139E+9
-372.3	-0.3	10.597161	2.645366	-0.098092	0	-0.096945	-0.212787	0.103044	1.74214E+9
-340.03	-0.28	10.597161	2.646152	-0.097459	0	-0.096776	-0.212787	0.103098	1.742141E+9
-307.77	-0.26	10.597161	2.644034	-0.097037	0	-0.096751	-0.212787	0.103158	1.742142E+9
-275.49	-0.24	10.597161	2.64751	-0.097464	0	-0.097302	-0.212787	0.103335	1.742143E+9
-243.22	-0.22	10.597161	2.646149	-0.097166	0	-0.096884	-0.212787	0.103165	1.742144E+9
-210.93	-0.2	10.597161	2.645437	-0.097086	0	-0.096532	-0.212787	0.10308	1.742145E+9
-178.65	-0.18	10.597161	2.644235	-0.095898	0	-0.097101	-0.212787	0.102968	1.742146E+9
-146.36	-0.16	10.597161	2.644661	-0.096902	0	-0.096006	-0.212787	0.103246	1.742147E+9
-114.07	-0.14	10.597161	2.648527	-0.09683	0	-0.097268	-0.212787	0.102979	1.742148E+9
-81.77	-0.12	10.597161	2.64763	-0.09753	0	-0.096545	-0.212787	0.10319	1.742149E+9
-49.47	-0.1	10.597161	2.644563	-0.097343	0	-0.097219	-0.212787	0.103031	1.74215E+9
-17.18	-0.08	10.597161	2.645414	-0.097117	0	-0.096841	-0.212787	0.103133	1.742151E+9
15.12	-0.06	10.597161	2.644937	-0.097117	0	-0.096111	-0.212787	0.102506	1.742152E+9
47.42	-0.04	10.597161	2.647604	-0.097187	0	-0.096979	-0.212787	0.102354	1.742153E+9
79.73	-0.02	10.597161	2.647523	-0.097271	0	-0.096862	-0.212787	0.102406	1.742154E+9
112.03	0	10.597161	2.648416	-0.096084	0	-0.096261	-0.212787	0.102735	1.742155E+9
144.33	0.02	10.597161	2.646691	-0.096502	0	-0.096511	-0.212787	0.10298	1.742156E+9
176.63	0.04	10.597161	2.646626	-0.097089	0	-0.09664	-0.212787	0.103108	1.742157E+9
208.93	0.06	10.597161	2.646295	-0.097167	0	-0.097088	-0.212787	0.103163	1.742158E+9
241.22	0.08	10.597161	2.645817	-0.09742	0	-0.096747	-0.212787	0.102413	1.742159E+9
273.52	0.1	10.597161	2.645369	-0.096225	0	-0.096769	-0.212787	0.103147	1.74216E+9
305.81	0.12	10.597161	2.647035	-0.097066	0	-0.096804	-0.212787	0.103097	1.742161E+9
338.1	0.14	10.597161	2.64622	-0.096515	0	-0.096222	-0.212787	0.102523	1.742162E+9
370.38	0.16	10.597161	2.643166	-0.095563	0	-0.096956	-0.212787	0.103177	1.742163E+9
402.66	0.18	10.597161	2.647152	-0.095747	0	-0.096435	-0.212787	0.103297	1.742164E+9
434.94	0.2	10.597161	2.646243	-0.096118	0	-0.097589	-0.212787	0.103196	1.742165E+9
467.21	0.22	10.597161	2.647266	-0.097118	0	-0.097363	-0.212787	0.102369	1.742166E+9
499.48	0.24	10.597161	2.645531	-0.097228	0	-0.09696	-0.212787	0.102551	1.742167E+9
531.74	0.26	10.597161	2.650408	-0.096828	0	-0.096894	-0.212787	0.102399	1.742168E+9
563.99	0.28	10.597161	2.646035	-0.096181	0	-0.096115	-0.212787	0.103089	1.742169E+9
596.24	0.3	10.597161	2.645824	-0.096813	0	-0.096022	-0.212787	0.102767	1.74217E+9
628.48	0.32	10.597161	2.645411	-0.095423	0	-0.09701	-0.212787	0.102831	1.742171E+9
660.72	0.34	10.597161	2.647637	-0.096481	0	-0.096894	-0.212787	0.103157	1.742172E+9
692.94	0.36	10.597161	2.644911	-0.09692	0	-0.096692	-0.212787	0.102605	1.742173E+9
725.16	0.38	10.597161	2.644056	-0.095814	0	-0.09555	-0.212787	0.103207	1.742174E+9
757.37	0.4	10.597161	2.64546	-0.095891	0	-0.096812	-0.212787	0.102916	1.742175E+9
789.57	0.42	10.597161	2.645119	-0.096358	0	-0.095272	-0.212787	0.102634	1.742176E+9
821.76	0.44	10.597161	2.645457	-0.096137	0	-0.095839	-0.212787	0.102485	1.742177E+9
853.93	0.46	10.597161	2.648173	-0.096185	0	-0.09569	-0.212787	0.102447	1.742178E+9
886.1	0.48	10.597161	2.649881	-0.096306	0	-0.096226	-0.212787	0.102652	1.742179E+9
918.26	0.5	10.597161	2.649881	-0.096682	0	-0.096573	-0.212787	0.103258	1.74218E+9
950.41	0.52	10.597161	2.646421	-0.097338	0	-0.096633	-0.212787	0.102993	1.742181E+9
982.54	0.54	10.597161	2.649059	-0.097174	0	-0.097136	-0.212787	0.103185	1.742182E+9
1014.67	0.56	10.597161	2.648598	-0.096862	0	-0.096824	-0.212787	0.102541	1.742183E+9
1046.78	0.58	10.597161	2.64813	-0.096164	0	-0.096295	-0.212787	0.103171	1.742184E+9
1078.87	0.6	10.597161	2.648212	-0.096654	0	-0.096982	-0.212787	0.102584	1.742185E+9
1110.95	0.62	10.597161	2.647607	-0.096562	0	-0.096123	-0.212787	0.103164	1.742186E+9
1143.02	0.64	10.597161	2.647198	-0.097221	0	-0.096261	-0.212787	0.103357	1.742187E+9
1175.08	0.66	10.597161	2.649605	-0.096821	0	-0.097093	-0.212787	0.103322	1.742188E+9
1207.12	0.68	10.597161	2.650733	-0.098048	0	-0.097311	-0.212787	0.102692	1.742189E+9
1239.14	0.7	10.597161	2.647455	-0.097318	0	-0.097135	-0.212787	0.102597	1.74219E+9
1271.15	0.72	10.597161	2.646149	-0.097401	0	-0.096791	-0.212787	0.103171	1.742191E+9
1303.14	0.74	10.597161	2.649241	-0.097428	0	-0.097463	-0.212787	0.102996	1.742192E+9
1335.12	0.76	10.597161	2.646197	-0.09712	0	-0.097817	-0.212787	0.102592	1.742193E+9
1367.08	0.78	10.597161	2.646584	-0.097466	0	-0.096933	-0.212787	0.102548	1.742194E+9
1399.02	0.8	10.597161	2.65019	-0.09744	0	-0.097121	-0.212787	0.102791	1.742195E+9
1430.94	0.82	10.597161	2.647032	-0.097544	0	-0.097511	-0.212787	0.103397	1.742196E+9
1462.84	0.84	10.597161	2.649371	-0.097584	0	-0.098256	-0.212787	0.103346	1.742197E+9
1494.73	0.86	10.597161	2.649872	-0.098534	0	-0.097749	-0.212787	0.103102	1.742198E+9
1526.6	0.88	10.597161	2.649056	-0.097874	0	-0.097886	-0.212787	0.102966	1.742199E+9
1558.44	0.9	10.597161	2.013375	-0.09176	0	-0.09164	-0.212787	0.102522	1.7422E+9
1590.27	0.92	4.657811	0.898159	-0.087963	0	-0.087321	-0.212787	0.102803	1.742201E+9
1622.08	0.94	3.605838	0.68954	-0.087083	0	-0.086324	-0.212787	0.102378	1.742202E+9
1653.86	0.96	2.78613	0.519641	-0.085707	0	-0.085506	-0.212787	0.103244	1.742203E+9
1685.63	0.98	2.189269	0.399646	-0.085208	0	-0.084454	-0.212787	0.102447	1.742204E+9
1717.37	1	1.763409	0.310996	-0.084585	0	-0.084465	-0.212787	0.103156	1.742205E+9
1749.09	1.02	1.417996	0.239848	-0.084317	0	-0.084451	-0.212787	0.103055	1.742206E+9
1780.78	1.04	1.139597	0.183929	-0.0839	0	-0.08361	-0.212787	0.103187	1.742207E+9
1812.46	1.06	0.917983	0.138375	-0.08309	0	-0.083074	-0.212787	0.102956	1.742208E+9
1844.11	1.08	0.730072	0.097563	-0.083077	0	-0.082886	-0.212787	0.103093	1.742209E+9
1875.73	1.1	0.582778	0.066813	-0.083361	0	-0.083268	-0.212787	0.103063	1.74221E+9
1907.33	1.12	0.472416	0.041612	-0.083135	0	-0.082556	-0.212787	0.103103	1.742211E+9
1938.91	1.14	0.400049	0.029384	-0.082602	0	-0.082155	-0.212787	0.103052	1.742212E+9
1970.46	1.16	0.347672	0.018305	-0.082683	0	-0.082537	-0.212787	0.102394	1.742213E+9
2001.99	1.18	0.303073	0.010791	-0.082565	0	-0.082337	-0.212787	0.102515	1.742214E+9
2033.48	1.2	0.265783	0.001717	-0.083304	0	-0.082235	-0.212787	0.102281	1.742215E+9
2064.96	1.22	0.235013	-0.003137	-0.082443	0	-0.081735	-0.212787	0.10251	1.742216E+9
2096.4	1.24	0.215413	-0.007558	-0.082293	0	-0.082417	-0.212787	0.10283	1.742217E+9
2127.82	1.26	0.193169	-0.013344	-0.082177	0	-0.082024	-0.212787	0.103059	1.742218E+9
2159.21	1.28	0.181603	-0.018117	-0.082215	0	-0.082054	-0.212787	0.103171	1.742219E+9
2190.57	1.3	0.171814	-0.017522	-0.08242	0	-0.0821	-0.212787	0.103004	1.74222E+9
2221.9	1.32	0.162939	-0.020882	-0.081828	0	-0.081858	-0.212787	0.102493	1.742221E+9
2253.2	1.34	0.152828	-0.02182	-0.082194	0	-0.0822	-0.212787	0.102902	1.742222E+9
2284.48	1.36	0.146321	-0.026154	-0.082515	0	-0.081219	-0.212787	0.102319	1.742223E+9
2315.72	1.38	0.137647	-0.025297	-0.082614	0	-0.081695	-0.212787	0.103092	1.742224E+9
2346.93	1.4	0.134086	-0.024881	-0.082367	0	-0.08192	-0.212787	0.103061	1.742225E+9
2378.11	1.42	0.132852	-0.026967	-0.082085	0	-0.082038	-0.212787	0.102362	1.742226E+9
2409.26	1.44	0.129684	-0.026255	-0.082842	0	-0.081737	-0.212787	0.102482	1.742227E+9
2440.38	1.46	0.126721	-0.025365	-0.082686	0	-0.082027	-0.212787	0.102496	1.742228E+9
2471.46	1.48	0.126624	-0.026586	-0.082229	0	-0.08203	-0.212787	0.10253	1.742229E+9
2502.52	1.5	0.123489	-0.028302	-0.08251	0	-0.082891	-0.212787	0.10316	1.74223E+9
2533.54	1.52	0.122537	-0.02837	-0.082714	0	-0.082233	-0.212787	0.102601	1.742231E+9
2564.52	1.54	0.118547	-0.026924	-0.082967	0	-0.082324	-0.212787	0.102371	1.742232E+9
2595.47	1.56	0.120438	-0.029592	-0.082552	0	-0.082244	-0.212787	0.102627	1.742233E+9
2626.39	1.58	0.119018	-0.03057	-0.082561	0	-0.082078	-0.212787	0.103237	1.742234E+9
2657.27	1.6	0.118632	-0.029052	-0.082635	0	-0.082721	-0.212787	0.103182	1.742235E+9
2688.12	1.62	0.116114	-0.029111	-0.082207	0	-0.081934	-0.212787	0.103103	1.742236E+9
2718.93	1.64	0.117043	-0.028643	-0.08283	0	-0.081331	-0.212787	0.102386	1.742237E+9
2749.7	1.66	0.117014	-0.030115	-0.082735	0	-0.082539	-0.212787	0.103019	1.742238E+9
2780.44	1.68	0.116143	-0.032691	-0.082367	0	-0.082335	-0.212787	0.102487	1.742239E+9
2811.14	1.7	0.115987	-0.030014	-0.082468	0	-0.082076	-0.212787	0.10315	1.74224E+9
2841.8	1.72	0.113931	-0.030427	-0.083038	0	-0.082187	-0.212787	0.103221	1.742241E+9
2872.43	1.74	0.11588	-0.029283	-0.082484	0	-0.082451	-0.212787	0.103091	1.742242E+9
2903.01	1.76	0.115854	-0.028471	-0.082291	0	-0.08212	-0.212787	0.103018	1.742243E+9
2933.56	1.78	0.116744	-0.030976	-0.082641	0	-0.082177	-0.212787	0.102518	1.742244E+9
2964.07	1.8	0.114379	-0.02788	-0.081449	0	-0.081759	-0.212787	0.103187	1.742245E+9
2994.54	1.82	0.114944	-0.028256	-0.081888	0	-0.081454	-0.212787	0.103018	1.742246E+9
3024.97	1.84	0.116611	-0.0299	-0.081631	0	-0.081397	-0.212787	0.102362	1.742247E+9
3055.35	1.86	0.11665	-0.029657	-0.081759	0	-0.081825	-0.212787	0.10321	1.742248E+9
3085.7	1.88	0.114584	-0.032142	-0.081596	0	-0.081798	-0.212787	0.103171	1.742249E+9
3116	1.9	0.113118	-0.030105	-0.082436	0	-0.081524	-0.212787	0.102418	1.74225E+9
3146.27	1.92	0.114109	-0.030531	-0.082324	0	-0.081278	-0.212787	0.10276	1.742251E+9
3176.49	1.94	0.113794	-0.032223	-0.08194	0	-0.081161	-0.212787	0.102357	1.742252E+9
3206.66	1.96	0.115051	-0.027314	-0.082254	0	-0.081762	-0.212787	0.102406	1.742253E+9
3236.8	1.98	0.115916	-0.028633	-0.082369	0	-0.081166	-0.212787	0.102855	1.742254E+9
3266.89	2	0.113589	-0.028568	-0.08167	0	-0.081603	-0.212787	0.103216	1.742255E+9
3639.15	2.25	0.114606	-0.030316	-0.082092	0	-0.082267	-0.212787	0.102873	1.742256E+9
4003.65	2.5	0.115484	-0.029868	-0.081709	0	-0.081521	-0.212787	0.103028	1.742257E+9
4359.54	2.75	0.115467	-0.02951	-0.082356	0	-0.081637	-0.212787	0.102802	1.742258E+9
4705.98	3	0.115474	-0.029478	-0.082298	0	-0.081231	-0.212787	0.102631	1.742259E+9
5042.1	3.25	0.120565	-0.029868	-0.082533	0	-0.081302	-0.212787	0.102475	1.74226E+9
5367.05	3.5	0.120123	-0.029611	-0.081365	0	-0.081151	-0.212787	0.102618	1.742261E+9
5679.98	3.75	0.123375	-0.029127	-0.081972	0	-0.081418	-0.212787	0.103131	1.742262E+9
5980.04	4	0.124142	-0.028562	-0.082127	0	-0.080844	-0.212787	0.103045	1.742263E+9
