04/05/2022	11:57

Co88Tb12_20210526_CVEJ6

Field	Kepco	Channel A	Channel B	Agilent	0	RF out	Monitor+	Monitor-	Time
8265.94	7	1.679512	0.837669	0.002547	0	0.002354	-0.212787	0.004403	1.642359E+9
8204.61	6.8	1.675181	0.835626	0.002247	0	0.00226	-0.212787	0.004354	1.64236E+9
8128.37	6.6	1.667296	0.832166	0.002517	0	0.002227	-0.212787	0.004408	1.642361E+9
8037.67	6.4	1.670877	0.833839	0.002895	0	0.002388	-0.212787	0.004394	1.642362E+9
7932.95	6.2	1.658151	0.82891	0.002644	0	0.002226	-0.212787	0.004405	1.642363E+9
7814.63	6	1.646114	0.822796	0.002748	0	0.002237	-0.212787	0.004366	1.642364E+9
7683.15	5.8	1.64626	0.821886	0.002625	0	0.002226	-0.212787	0.004351	1.642365E+9
7538.96	5.6	1.636225	0.820152	0.002598	0	0.002315	-0.212787	0.004427	1.642366E+9
7382.49	5.4	1.633252	0.815499	0.002737	0	0.00232	-0.212787	0.004388	1.642367E+9
7214.18	5.2	1.630526	0.813618	0.002909	0	0.002343	-0.212787	0.004389	1.642368E+9
7034.46	5	1.6213	0.808456	0.002695	0	0.002304	-0.212787	0.004437	1.642369E+9
6843.76	4.8	1.604195	0.800496	0.002372	0	0.00235	-0.212787	0.004374	1.64237E+9
6642.54	4.6	1.589442	0.793992	0.002983	0	0.00232	-0.212787	0.004346	1.642371E+9
6431.22	4.4	1.578536	0.788693	0.002753	0	0.002283	-0.212787	0.004357	1.642372E+9
6210.24	4.2	1.553507	0.776822	0.001981	0	0.002342	-0.212787	0.004374	1.642373E+9
5980.04	4	1.533745	0.764974	0.002825	0	0.002338	-0.212787	0.004355	1.642374E+9
5741.05	3.8	1.496529	0.745413	0.002423	0	0.002165	-0.212787	0.004308	1.642375E+9
5493.71	3.6	1.457632	0.728643	0.002374	0	0.002209	-0.212787	0.004328	1.642376E+9
5238.46	3.4	1.41375	0.703692	0.002362	0	0.002215	-0.212787	0.004317	1.642377E+9
4975.74	3.2	1.356438	0.676191	0.002309	0	0.002176	-0.212787	0.004248	1.642378E+9
4705.98	3	1.280673	0.637524	0.002117	0	0.002197	-0.212787	0.004205	1.642379E+9
4429.62	2.8	1.217964	0.60729	0.002172	0	0.002132	-0.212787	0.004257	1.64238E+9
4147.09	2.6	1.159512	0.579406	0.002393	0	0.002186	-0.212787	0.004286	1.642381E+9
3858.83	2.4	1.09579	0.546869	0.002217	0	0.002077	-0.212787	0.004311	1.642382E+9
3565.29	2.2	1.002997	0.501646	0.002015	0	0.002096	-0.212787	0.004303	1.642383E+9
3266.89	2	0.92246	0.460288	0.002036	0	0.002033	-0.212787	0.004303	1.642384E+9
2964.07	1.8	0.835873	0.417079	0.002046	0	0.001911	-0.212787	0.004272	1.642385E+9
2657.27	1.6	0.745088	0.372191	0.002025	0	0.001925	-0.212787	0.004276	1.642386E+9
2346.93	1.4	0.659164	0.328758	0.001951	0	0.001905	-0.212787	0.004258	1.642387E+9
2033.48	1.2	0.574503	0.285883	0.001947	0	0.002021	-0.212787	0.004302	1.642388E+9
1717.37	1	0.489846	0.241085	0.001961	0	0.001983	-0.212787	0.004353	1.642389E+9
1399.02	0.8	0.408581	0.200677	0.002033	0	0.001894	-0.212787	0.004344	1.64239E+9
1078.87	0.6	0.324492	0.161048	0.001904	0	0.001946	-0.212787	0.004287	1.642391E+9
757.37	0.4	0.240146	0.118593	0.001806	0	0.001953	-0.212787	0.00432	1.642392E+9
434.94	0.2	0.157572	0.074818	0.001947	0	0.001876	-0.212787	0.004307	1.642393E+9
112.03	0	0.072356	0.033152	0.001795	0	0.001808	-0.212787	0.004306	1.642394E+9
-210.93	-0.2	-0.00672	-0.007536	0.002165	0	0.001849	-0.212787	0.004356	1.642395E+9
-533.51	-0.4	-0.091101	-0.05042	0.002003	0	0.001871	-0.212787	0.004389	1.642396E+9
-855.25	-0.6	-0.17238	-0.092384	0.002083	0	0.00179	-0.212787	0.004327	1.642397E+9
-1175.74	-0.8	-0.250591	-0.131506	0.0018	0	0.001673	-0.212787	0.004347	1.642398E+9
-1494.53	-1	-0.334202	-0.173033	0.002225	0	0.001723	-0.212787	0.004335	1.642399E+9
-1811.18	-1.2	-0.408229	-0.210598	0.002161	0	0.001651	-0.212787	0.004254	1.6424E+9
-2125.26	-1.4	-0.488247	-0.251767	0.001894	0	0.00162	-0.212787	0.0043	1.642401E+9
-2436.33	-1.6	-0.576254	-0.296503	0.001795	0	0.001482	-0.212787	0.00434	1.642402E+9
-2743.95	-1.8	-0.656428	-0.336304	0.002054	0	0.001566	-0.212787	0.004314	1.642403E+9
-3047.69	-2	-0.742196	-0.380098	0.002073	0	0.001538	-0.212787	0.004348	1.642404E+9
-3347.11	-2.2	-0.830343	-0.42296	0.001619	0	0.00152	-0.212787	0.004392	1.642405E+9
-3641.77	-2.4	-0.91319	-0.46663	0.001549	0	0.001538	-0.212787	0.004311	1.642406E+9
-3931.24	-2.6	-0.99686	-0.506896	0.002004	0	0.001424	-0.212787	0.004353	1.642407E+9
-4215.08	-2.8	-1.089064	-0.553376	0.001279	0	0.001438	-0.212787	0.004319	1.642408E+9
-4492.85	-3	-1.175905	-0.598966	0.001245	0	0.001404	-0.212787	0.004324	1.642409E+9
-4764.12	-3.2	-1.252739	-0.635905	0.001877	0	0.001425	-0.212787	0.004301	1.64241E+9
-5028.44	-3.4	-1.328819	-0.674199	0.001408	0	0.001467	-0.212787	0.0043	1.642411E+9
-5285.39	-3.6	-1.416897	-0.717674	0.001134	0	0.00138	-0.212787	0.004236	1.642412E+9
-5534.53	-3.8	-1.499732	-0.760419	0.000676	0	0.00134	-0.212787	0.004336	1.642413E+9
-5775.41	-4	-1.566241	-0.79408	0.00176	0	0.001299	-0.212787	0.004295	1.642414E+9
-6007.6	-4.2	-1.625733	-0.821292	0.001603	0	0.001368	-0.212787	0.004293	1.642415E+9
-6230.67	-4.4	-1.674914	-0.847016	0.001179	0	0.001321	-0.212787	0.004296	1.642416E+9
-6444.17	-4.6	-1.712749	-0.864962	0.000681	0	0.001272	-0.212787	0.004231	1.642417E+9
-6647.68	-4.8	-1.746833	-0.884341	0.000668	0	0.00133	-0.212787	0.004225	1.642418E+9
-6840.75	-5	-1.793459	-0.907697	0.000795	0	0.0013	-0.212787	0.004293	1.642419E+9
-7022.95	-5.2	-1.819713	-0.921355	0.00101	0	0.001267	-0.212787	0.004266	1.64242E+9
-7193.84	-5.4	-1.850836	-0.936234	0.000731	0	0.001255	-0.212787	0.004287	1.642421E+9
-7352.98	-5.6	-1.870453	-0.948011	0.000806	0	0.001203	-0.212787	0.004319	1.642422E+9
-7499.94	-5.8	-1.888851	-0.955928	0.000758	0	0.001226	-0.212787	0.004301	1.642423E+9
-7634.28	-6	-1.910894	-0.96776	0.001166	0	0.001158	-0.212787	0.004264	1.642424E+9
-7755.56	-6.2	-1.932313	-0.977179	0.001121	0	0.001247	-0.212787	0.004365	1.642425E+9
-7863.34	-6.4	-1.938486	-0.980356	0.000899	0	0.001278	-0.212787	0.004319	1.642426E+9
-7957.2	-6.6	-1.944038	-0.984638	0.001082	0	0.001178	-0.212787	0.004311	1.642427E+9
-8036.69	-6.8	-1.9532	-0.989017	0.001136	0	0.001152	-0.212787	0.004335	1.642428E+9
-8101.38	-7	-1.954652	-0.989495	0.000996	0	0.001275	-0.212787	0.004314	1.642429E+9
-8036.69	-6.8	-1.948417	-0.985528	0.000975	0	0.001227	-0.212787	0.004301	1.64243E+9
-7957.2	-6.6	-1.952277	-0.985902	0.00119	0	0.001206	-0.212787	0.00436	1.642431E+9
-7863.34	-6.4	-1.945035	-0.983829	0.001048	0	0.00125	-0.212787	0.004318	1.642432E+9
-7755.56	-6.2	-1.940896	-0.981529	0.001151	0	0.00114	-0.212787	0.004323	1.642433E+9
-7634.28	-6	-1.944762	-0.984349	0.001064	0	0.001248	-0.212787	0.0043	1.642434E+9
-7499.94	-5.8	-1.922554	-0.971899	0.001109	0	0.001205	-0.212787	0.00434	1.642435E+9
-7352.98	-5.6	-1.919795	-0.971562	0.000971	0	0.001238	-0.212787	0.00431	1.642436E+9
-7193.84	-5.4	-1.923343	-0.973303	0.001117	0	0.001149	-0.212787	0.004343	1.642437E+9
-7022.95	-5.2	-1.906713	-0.963761	0.001094	0	0.001263	-0.212787	0.004319	1.642438E+9
-6840.75	-5	-1.893467	-0.95855	0.000932	0	0.001278	-0.212787	0.004305	1.642439E+9
-6647.68	-4.8	-1.870661	-0.946692	0.001101	0	0.001104	-0.212787	0.004336	1.64244E+9
-6444.17	-4.6	-1.848825	-0.934873	0.001087	0	0.001299	-0.212787	0.004349	1.642441E+9
-6230.67	-4.4	-1.820918	-0.922573	0.001188	0	0.001341	-0.212787	0.004309	1.642442E+9
-6007.6	-4.2	-1.780318	-0.901407	0.001187	0	0.001313	-0.212787	0.004282	1.642443E+9
-5775.41	-4	-1.745068	-0.883077	0.001132	0	0.001226	-0.212787	0.004286	1.642444E+9
-5534.53	-3.8	-1.708139	-0.866216	0.001181	0	0.00128	-0.212787	0.004303	1.642445E+9
-5285.39	-3.6	-1.652945	-0.837948	0.001065	0	0.001272	-0.212787	0.004312	1.642446E+9
-5028.44	-3.4	-1.60306	-0.812478	0.001307	0	0.001283	-0.212787	0.004325	1.642447E+9
-4764.12	-3.2	-1.522418	-0.770503	0.001164	0	0.001304	-0.212787	0.004296	1.642448E+9
-4492.85	-3	-1.444191	-0.731488	0.001232	0	0.001326	-0.212787	0.004285	1.642449E+9
-4215.08	-2.8	-1.367564	-0.692227	0.001176	0	0.001458	-0.212787	0.00429	1.64245E+9
-3931.24	-2.6	-1.286968	-0.652127	0.001299	0	0.001345	-0.212787	0.004265	1.642451E+9
-3641.77	-2.4	-1.207827	-0.612956	0.001293	0	0.001368	-0.212787	0.004296	1.642452E+9
-3347.11	-2.2	-1.120961	-0.56732	0.001244	0	0.001497	-0.212787	0.004262	1.642453E+9
-3047.69	-2	-1.031765	-0.522766	0.001372	0	0.001529	-0.212787	0.004254	1.642454E+9
-2743.95	-1.8	-0.944554	-0.480083	0.001368	0	0.001623	-0.212787	0.004222	1.642455E+9
-2436.33	-1.6	-0.861729	-0.437108	0.001432	0	0.001522	-0.212787	0.004227	1.642456E+9
-2125.26	-1.4	-0.775922	-0.397391	0.00127	0	0.001464	-0.212787	0.004265	1.642457E+9
-1811.18	-1.2	-0.694039	-0.353692	0.001443	0	0.001691	-0.212787	0.004177	1.642458E+9
-1494.53	-1	-0.610925	-0.313082	0.001526	0	0.001548	-0.212787	0.004255	1.642459E+9
-1175.74	-0.8	-0.526804	-0.270328	0.001525	0	0.001555	-0.212787	0.004217	1.64246E+9
-855.25	-0.6	-0.445613	-0.227245	0.001441	0	0.001707	-0.212787	0.004192	1.642461E+9
-533.51	-0.4	-0.36658	-0.191161	0.001507	0	0.001611	-0.212787	0.004199	1.642462E+9
-210.93	-0.2	-0.287832	-0.150772	0.001658	0	0.00171	-0.212787	0.004154	1.642463E+9
112.03	0	-0.206401	-0.10908	0.001579	0	0.00177	-0.212787	0.004231	1.642464E+9
434.94	0.2	-0.129288	-0.069331	0.001611	0	0.001812	-0.212787	0.004174	1.642465E+9
757.37	0.4	-0.050803	-0.030576	0.001647	0	0.001721	-0.212787	0.004141	1.642466E+9
1078.87	0.6	0.030592	0.01059	0.001653	0	0.001729	-0.212787	0.004129	1.642467E+9
1399.02	0.8	0.107215	0.049536	0.001683	0	0.001612	-0.212787	0.004117	1.642468E+9
1717.37	1	0.186096	0.088135	0.001758	0	0.001788	-0.212787	0.004115	1.642469E+9
2033.48	1.2	0.262294	0.129908	0.001819	0	0.001841	-0.212787	0.004158	1.64247E+9
2346.93	1.4	0.342669	0.170762	0.001478	0	0.001841	-0.212787	0.004091	1.642471E+9
2657.27	1.6	0.423194	0.210774	0.001463	0	0.001915	-0.212787	0.004131	1.642472E+9
2964.07	1.8	0.506103	0.252836	0.001703	0	0.001788	-0.212787	0.004196	1.642473E+9
3266.89	2	0.594399	0.296198	0.001612	0	0.002081	-0.212787	0.004139	1.642474E+9
3565.29	2.2	0.678069	0.341389	0.001476	0	0.001957	-0.212787	0.004169	1.642475E+9
3858.83	2.4	0.76117	0.380833	0.001586	0	0.002052	-0.212787	0.004151	1.642476E+9
4147.09	2.6	0.841321	0.419743	0.001985	0	0.001893	-0.212787	0.004152	1.642477E+9
4429.62	2.8	0.920179	0.459977	0.001823	0	0.002093	-0.212787	0.004111	1.642478E+9
4705.98	3	0.994664	0.498985	0.001812	0	0.002044	-0.212787	0.004138	1.642479E+9
4975.74	3.2	1.072034	0.535953	0.001667	0	0.002036	-0.212787	0.004139	1.64248E+9
5238.46	3.4	1.138482	0.570962	0.001578	0	0.002088	-0.212787	0.00411	1.642481E+9
5493.71	3.6	1.207773	0.605539	0.002292	0	0.002073	-0.212787	0.00416	1.642482E+9
5741.05	3.8	1.266875	0.634944	0.001949	0	0.002081	-0.212787	0.004111	1.642483E+9
5980.04	4	1.325116	0.666695	0.001774	0	0.00216	-0.212787	0.004124	1.642484E+9
6210.24	4.2	1.374222	0.690602	0.00185	0	0.002184	-0.212787	0.004191	1.642485E+9
6431.22	4.4	1.418175	0.711392	0.001786	0	0.002279	-0.212787	0.004217	1.642486E+9
6642.54	4.6	1.448593	0.727327	0.001807	0	0.002199	-0.212787	0.004148	1.642487E+9
6843.76	4.8	1.467443	0.73603	0.001803	0	0.002187	-0.212787	0.004139	1.642488E+9
7034.46	5	1.498008	0.752801	0.002358	0	0.002394	-0.212787	0.004198	1.642489E+9
7214.18	5.2	1.528423	0.768103	0.00211	0	0.002424	-0.212787	0.004201	1.64249E+9
7382.49	5.4	1.546584	0.778096	0.001887	0	0.002267	-0.212787	0.004199	1.642491E+9
7538.96	5.6	1.564144	0.783564	0.001943	0	0.002238	-0.212787	0.004181	1.642492E+9
7683.15	5.8	1.564875	0.784392	0.002001	0	0.00228	-0.212787	0.004199	1.642493E+9
7814.63	6	1.573591	0.790269	0.002199	0	0.002314	-0.212787	0.004204	1.642494E+9
7932.95	6.2	1.589228	0.795568	0.002282	0	0.002343	-0.212787	0.004204	1.642495E+9
8037.67	6.4	1.590423	0.798813	0.00226	0	0.002293	-0.212787	0.004135	1.642496E+9
8128.37	6.6	1.583055	0.79498	0.002202	0	0.002228	-0.212787	0.004117	1.642497E+9
8204.61	6.8	1.582532	0.794814	0.002046	0	0.002378	-0.212787	0.004152	1.642498E+9
8265.94	7	1.572002	0.789389	0.00219	0	0.002275	-0.212787	0.004185	1.642499E+9
