03/06/2021	17:55

Si/Pt30/[co88Tb12]450/Pt30

Field	Kepco	Channel A	Channel B	Agilent	0	RF out	Monitor+	Monitor-	Time
8342.16	7.4	0.074269	0.002	-0.000428	0	-0.000505	-0.212787	0.00186	3.03041E+9
8311.94	7.2	0.088775	0.002523	-0.000194	0	-0.000403	-0.212787	0.001899	3.03041E+9
8265.94	7	0.093502	0.002584	-0.000444	0	-0.000385	-0.212787	0.001851	3.030411E+9
8204.61	6.8	0.094565	0.002406	-0.000409	0	-0.000427	-0.212787	0.001909	3.030411E+9
8128.37	6.6	0.094243	0.002097	-0.000452	0	-0.000382	-0.212787	0.001876	3.030412E+9
8037.67	6.4	0.094935	0.002091	-0.000329	0	-0.000321	-0.212787	0.001881	3.030412E+9
7932.95	6.2	0.094831	0.001854	-0.000252	0	-0.000506	-0.212787	0.001884	3.030413E+9
7814.63	6	0.095091	0.002497	2.6E-5	0	-0.000495	-0.212787	0.001856	3.030413E+9
7683.15	5.8	0.095244	0.001974	-0.000207	0	-0.000355	-0.212787	0.001888	3.030414E+9
7538.96	5.6	0.095136	0.001918	-0.000561	0	-0.000365	-0.212787	0.001902	3.030414E+9
7382.49	5.4	0.095169	0.001974	-9.5E-5	0	-0.000405	-0.212787	0.001899	3.030415E+9
7214.18	5.2	0.095533	0.00174	-1.8E-5	0	-0.000444	-0.212787	0.001907	3.030415E+9
7034.46	5	0.095695	0.001837	1.9E-5	0	-0.000387	-0.212787	0.001868	3.030416E+9
6843.76	4.8	0.095685	0.00187	-0.000142	0	-0.000433	-0.212787	0.001883	3.030416E+9
6642.54	4.6	0.09603	0.001759	-0.000211	0	-0.000437	-0.212787	0.001921	3.030417E+9
6431.22	4.4	0.096475	0.001899	-5.8E-5	0	-0.000436	-0.212787	0.001912	3.030417E+9
6210.24	4.2	0.096202	0.002399	-0.000238	0	-0.000323	-0.212787	0.001902	3.030418E+9
5980.04	4	0.096215	0.002276	-1.7E-5	0	-0.000431	-0.212787	0.00193	3.030418E+9
5741.05	3.8	0.096251	0.002302	-0.000122	0	-0.000511	-0.212787	0.00192	3.030419E+9
5493.71	3.6	0.095949	0.002386	-0.000118	0	-0.000383	-0.212787	0.001905	3.030419E+9
5238.46	3.4	0.096065	0.002123	-4E-5	0	-0.000387	-0.212787	0.001902	3.03042E+9
4975.74	3.2	0.096338	0.00225	7.5E-5	0	-0.000513	-0.212787	0.001919	3.03042E+9
4705.98	3	0.095884	0.002295	-0.000499	0	-0.000399	-0.212787	0.001852	3.030421E+9
4429.62	2.8	0.096641	0.002081	-4.8E-5	0	-0.000384	-0.212787	0.001904	3.030421E+9
4147.09	2.6	0.096017	0.001727	-0.000858	0	-0.000351	-0.212787	0.00181	3.030422E+9
3858.83	2.4	0.096351	0.002169	-0.000322	0	-0.000497	-0.212787	0.001861	3.030422E+9
3565.29	2.2	0.096241	0.002234	-0.000118	0	-0.000494	-0.212787	0.001913	3.030423E+9
3266.89	2	0.096208	0.002169	-0.000983	0	-0.000417	-0.212787	0.001828	3.030423E+9
2964.07	1.8	0.096091	0.002282	-0.000808	0	-0.000502	-0.212787	0.001826	3.030424E+9
2657.27	1.6	0.096176	0.00213	-5.8E-5	0	-0.000363	-0.212787	0.001799	3.030424E+9
2346.93	1.4	0.096195	0.002117	-0.000855	0	-0.000405	-0.212787	0.001829	3.030425E+9
2033.48	1.2	0.096215	0.001766	-0.000958	0	-0.000441	-0.212787	0.001833	3.030425E+9
1717.37	1	0.096192	0.001743	-0.000998	0	-0.000334	-0.212787	0.00184	3.030426E+9
1399.02	0.8	0.095698	0.001785	-0.000624	0	-0.000417	-0.212787	0.001891	3.030426E+9
1078.87	0.6	0.095773	0.001753	-0.001062	0	-0.000383	-0.212787	0.001831	3.030427E+9
757.37	0.4	0.095679	0.001824	-0.000879	0	-0.00024	-0.212787	0.001837	3.030427E+9
434.94	0.2	0.095754	0.001646	-0.001095	0	-0.000396	-0.212787	0.001837	3.030428E+9
112.03	0	0.09537	0.002143	-0.000505	0	-0.000364	-0.212787	0.001853	3.030428E+9
-210.93	-0.2	0.094782	0.002217	-0.000862	0	-0.000359	-0.212787	0.00185	3.030429E+9
-533.51	-0.4	0.094012	0.002169	-0.000572	0	-0.000381	-0.212787	0.001838	3.030429E+9
-855.25	-0.6	0.090565	0.002191	-0.000809	0	-0.000436	-0.212787	0.00183	3.03043E+9
-1175.74	-0.8	0.084048	0.002289	-0.000866	0	-0.000431	-0.212787	0.001889	3.03043E+9
-1494.53	-1	0.074136	0.002214	-0.000597	0	-0.000436	-0.212787	0.001876	3.030431E+9
-1811.18	-1.2	0.06399	0.002195	-0.000743	0	-0.000487	-0.212787	0.001844	3.030431E+9
-2125.26	-1.4	0.054705	0.002195	-0.0009	0	-0.000626	-0.212787	0.00186	3.030432E+9
-2436.33	-1.6	0.046872	0.002282	-0.000669	0	-0.000556	-0.212787	0.001869	3.030432E+9
-2743.95	-1.8	0.039299	0.001902	-0.000676	0	-0.000672	-0.212787	0.001869	3.030433E+9
-3047.69	-2	0.032831	0.002143	-0.000797	0	-0.00052	-0.212787	0.001881	3.030433E+9
-3347.11	-2.2	0.026502	0.002347	-0.000745	0	-0.000573	-0.212787	0.001867	3.030434E+9
-3641.77	-2.4	0.020294	0.001753	-0.000856	0	-0.000689	-0.212787	0.001867	3.030434E+9
-3931.24	-2.6	0.014244	0.001467	-0.000695	0	-0.000622	-0.212787	0.001887	3.030435E+9
-4215.08	-2.8	0.00775	0.00188	-0.000846	0	-0.000727	-0.212787	0.001857	3.030435E+9
-4492.85	-3	0.001577	0.001987	-0.000726	0	-0.000707	-0.212787	0.001876	3.030436E+9
-4764.12	-3.2	-0.004482	0.002273	-0.000809	0	-0.000883	-0.212787	0.001836	3.030436E+9
-5028.44	-3.4	-0.009465	0.001902	-0.000867	0	-0.000804	-0.212787	0.001851	3.030437E+9
-5285.39	-3.6	-0.016168	0.001931	-0.000939	0	-0.000814	-0.212787	0.001851	3.030437E+9
-5534.53	-3.8	-0.020518	0.002214	-0.001064	0	-0.000928	-0.212787	0.001849	3.030438E+9
-5775.41	-4	-0.024497	0.002039	-0.000802	0	-0.000794	-0.212787	0.001854	3.030438E+9
-6007.6	-4.2	-0.028253	0.002146	-0.000894	0	-0.00091	-0.212787	0.001828	3.030439E+9
-6230.67	-4.4	-0.030007	0.002247	-0.000986	0	-0.000865	-0.212787	0.001822	3.030439E+9
-6444.17	-4.6	-0.030602	0.002178	-0.000965	0	-0.000755	-0.212787	0.001814	3.03044E+9
-6647.68	-4.8	-0.03067	0.001967	-0.001173	0	-0.00081	-0.212787	0.00184	3.03044E+9
-6840.75	-5	-0.031203	0.002191	-0.000921	0	-0.000784	-0.212787	0.001835	3.030441E+9
-7022.95	-5.2	-0.030816	0.002097	-0.001202	0	-0.000768	-0.212787	0.001822	3.030441E+9
-7193.84	-5.4	-0.030998	0.002299	-0.00104	0	-0.000849	-0.212787	0.001843	3.030442E+9
-7352.98	-5.6	-0.031213	0.002217	-0.000885	0	-0.000775	-0.212787	0.00184	3.030442E+9
-7499.94	-5.8	-0.030917	0.002328	-0.000441	0	-0.000911	-0.212787	0.001901	3.030443E+9
-7634.28	-6	-0.030953	0.002217	-0.000575	0	-0.000829	-0.212787	0.001898	3.030443E+9
-7755.56	-6.2	-0.031076	0.002243	-0.000216	0	-0.000781	-0.212787	0.001891	3.030444E+9
-7863.34	-6.4	-0.031089	0.002286	-0.000844	0	-0.00088	-0.212787	0.001905	3.030444E+9
-7957.2	-6.6	-0.030891	0.002292	-8.3E-5	0	-0.000786	-0.212787	0.001882	3.030445E+9
-8036.69	-6.8	-0.030667	0.002299	-0.000152	0	-0.000856	-0.212787	0.001922	3.030445E+9
-8101.38	-7	-0.030859	0.002279	-0.000513	0	-0.000856	-0.212787	0.001887	3.030446E+9
-8150.82	-7.2	-0.030823	0.00223	-0.000453	0	-0.000777	-0.212787	0.001836	3.030446E+9
-8184.58	-7.4	-0.030794	0.002286	-0.000276	0	-0.000774	-0.212787	0.001911	3.030447E+9
-8150.82	-7.2	-0.030722	0.002273	-0.000365	0	-0.000832	-0.212787	0.001887	3.030447E+9
-8101.38	-7	-0.029923	0.002292	-0.000595	0	-0.000774	-0.212787	0.001891	3.030448E+9
-8036.69	-6.8	-0.030755	0.002347	-0.000266	0	-0.00084	-0.212787	0.001902	3.030448E+9
-7957.2	-6.6	-0.030683	0.002438	-0.00021	0	-0.000785	-0.212787	0.001925	3.030449E+9
-7863.34	-6.4	-0.030807	0.002188	-0.000288	0	-0.0009	-0.212787	0.001879	3.030449E+9
-7755.56	-6.2	-0.030758	0.002214	-0.000227	0	-0.000739	-0.212787	0.001888	3.03045E+9
-7634.28	-6	-0.030673	0.002243	-0.000366	0	-0.000756	-0.212787	0.001885	3.03045E+9
-7499.94	-5.8	-0.03079	0.002305	-0.000659	0	-0.000945	-0.212787	0.001874	3.030451E+9
-7352.98	-5.6	-0.031158	0.002279	-0.000313	0	-0.000651	-0.212787	0.001896	3.030451E+9
-7193.84	-5.4	-0.031054	0.00236	-0.000167	0	-0.000847	-0.212787	0.001906	3.030452E+9
-7022.95	-5.2	-0.03081	0.002234	-0.000237	0	-0.000779	-0.212787	0.001902	3.030452E+9
-6840.75	-5	-0.030797	0.002331	-0.000467	0	-0.000832	-0.212787	0.001882	3.030453E+9
-6647.68	-4.8	-0.031262	0.002221	-0.000178	0	-0.000792	-0.212787	0.001896	3.030453E+9
-6444.17	-4.6	-0.03131	0.002331	-0.000652	0	-0.000839	-0.212787	0.001913	3.030454E+9
-6230.67	-4.4	-0.031154	0.002312	-0.000492	0	-0.000889	-0.212787	0.001863	3.030454E+9
-6007.6	-4.2	-0.031333	0.002234	-0.000744	0	-0.000745	-0.212787	0.001874	3.030455E+9
-5775.41	-4	-0.031206	0.002273	-0.000711	0	-0.00071	-0.212787	0.001838	3.030455E+9
-5534.53	-3.8	-0.031171	0.002188	-0.00035	0	-0.000688	-0.212787	0.001884	3.030456E+9
-5285.39	-3.6	-0.030803	0.002117	-0.000748	0	-0.000838	-0.212787	0.001921	3.030456E+9
-5028.44	-3.4	-0.030712	0.002549	-0.000726	0	-0.000728	-0.212787	0.001902	3.030457E+9
-4764.12	-3.2	-0.030755	0.002087	-0.00089	0	-0.000785	-0.212787	0.001865	3.030457E+9
-4492.85	-3	-0.031226	0.002247	-0.000534	0	-0.00088	-0.212787	0.001893	3.030458E+9
-4215.08	-2.8	-0.031274	0.002182	-0.000669	0	-0.000823	-0.212787	0.001858	3.030458E+9
-3931.24	-2.6	-0.030777	0.002195	-0.000329	0	-0.000803	-0.212787	0.001872	3.030459E+9
-3641.77	-2.4	-0.030634	0.002217	-0.000627	0	-0.000856	-0.212787	0.001854	3.030459E+9
-3347.11	-2.2	-0.030826	0.002299	-0.000531	0	-0.000844	-0.212787	0.00186	3.03046E+9
-3047.69	-2	-0.030826	0.002185	-0.000722	0	-0.000817	-0.212787	0.001863	3.03046E+9
-2743.95	-1.8	-0.030761	0.002253	-0.000655	0	-0.000856	-0.212787	0.001876	3.030461E+9
-2436.33	-1.6	-0.030803	0.002367	-0.000739	0	-0.000786	-0.212787	0.001908	3.030461E+9
-2125.26	-1.4	-0.030362	0.002299	-0.000696	0	-0.000807	-0.212787	0.001882	3.030462E+9
-1811.18	-1.2	-0.030449	0.002169	-0.000569	0	-0.000909	-0.212787	0.00188	3.030462E+9
-1494.53	-1	-0.030514	0.002256	-0.00078	0	-0.000795	-0.212787	0.001859	3.030463E+9
-1175.74	-0.8	-0.030378	0.002201	-0.000653	0	-0.000784	-0.212787	0.001853	3.030463E+9
-855.25	-0.6	-0.030209	0.002256	-0.000774	0	-0.000812	-0.212787	0.001859	3.030464E+9
-533.51	-0.4	-0.030384	0.002152	-0.000795	0	-0.000772	-0.212787	0.001872	3.030464E+9
-210.93	-0.2	-0.029484	0.002204	-0.000631	0	-0.000794	-0.212787	0.001882	3.030465E+9
112.03	0	-0.028367	0.002247	-0.000507	0	-0.000826	-0.212787	0.001866	3.030465E+9
434.94	0.2	-0.02414	0.002711	-0.000664	0	-0.000739	-0.212787	0.001868	3.030466E+9
757.37	0.4	-0.016814	0.002221	-0.000533	0	-0.00073	-0.212787	0.001842	3.030466E+9
1078.87	0.6	-0.00738	0.00213	-0.000646	0	-0.000748	-0.212787	0.001868	3.030467E+9
1399.02	0.8	0.002659	0.002419	-0.00055	0	-0.000604	-0.212787	0.001862	3.030467E+9
1717.37	1	0.011415	0.001893	-0.000493	0	-0.000758	-0.212787	0.001871	3.030468E+9
2033.48	1.2	0.019459	0.001824	-0.000554	0	-0.000586	-0.212787	0.001874	3.030468E+9
2346.93	1.4	0.026427	0.001629	-0.000594	0	-0.000691	-0.212787	0.001885	3.030469E+9
2657.27	1.6	0.032971	0.002204	-0.000609	0	-0.000523	-0.212787	0.001841	3.030469E+9
2964.07	1.8	0.039631	0.001577	-0.000498	0	-0.000592	-0.212787	0.001879	3.03047E+9
3266.89	2	0.045602	0.002406	-0.000486	0	-0.000531	-0.212787	0.001895	3.03047E+9
3565.29	2.2	0.051697	0.002354	-0.00044	0	-0.000516	-0.212787	0.001856	3.030471E+9
3858.83	2.4	0.058246	0.002321	-0.000477	0	-0.0005	-0.212787	0.001871	3.030471E+9
4147.09	2.6	0.063428	0.002471	-0.000488	0	-0.000422	-0.212787	0.001864	3.030472E+9
4429.62	2.8	0.069552	0.002503	-0.000174	0	-0.000514	-0.212787	0.001896	3.030472E+9
4705.98	3	0.075949	0.002464	-0.000342	0	-0.000334	-0.212787	0.001874	3.030473E+9
4975.74	3.2	0.081378	0.001938	-0.00047	0	-0.000426	-0.212787	0.001835	3.030473E+9
5238.46	3.4	0.086023	0.002325	-0.000394	0	-0.00043	-0.212787	0.001866	3.030474E+9
5493.71	3.6	0.090302	0.0025	9E-5	0	-0.000506	-0.212787	0.001887	3.030474E+9
5741.05	3.8	0.092648	0.00223	-0.000354	0	-0.00038	-0.212787	0.001872	3.030475E+9
5980.04	4	0.093827	0.001831	-0.000393	0	-0.000424	-0.212787	0.001891	3.030475E+9
6210.24	4.2	0.094928	0.002126	1E-6	0	-0.000473	-0.212787	0.001882	3.030476E+9
6431.22	4.4	0.094701	0.002227	2.8E-5	0	-0.000388	-0.212787	0.001882	3.030476E+9
6642.54	4.6	0.094561	0.002354	-0.000232	0	-0.000345	-0.212787	0.001839	3.030477E+9
6843.76	4.8	0.095016	0.002078	-7.1E-5	0	-0.000428	-0.212787	0.001861	3.030477E+9
7034.46	5	0.094766	0.002159	-0.000925	0	-0.000459	-0.212787	0.001793	3.030478E+9
7214.18	5.2	0.094483	0.002042	-0.000584	0	-0.000459	-0.212787	0.001835	3.030478E+9
7382.49	5.4	0.094704	0.002068	-0.000638	0	-0.000498	-0.212787	0.001816	3.030479E+9
7538.96	5.6	0.094363	0.002107	-3E-6	0	-0.000459	-0.212787	0.00181	3.030479E+9
7683.15	5.8	0.094418	0.002113	-0.000801	0	-0.000432	-0.212787	0.001793	3.03048E+9
7814.63	6	0.094548	0.002117	-0.001054	0	-0.000315	-0.212787	0.001774	3.03048E+9
7932.95	6.2	0.094438	0.001597	-0.000704	0	-0.00049	-0.212787	0.001851	3.030481E+9
8037.67	6.4	0.094451	0.001724	-0.001015	0	-0.000374	-0.212787	0.001797	3.030481E+9
8128.37	6.6	0.094438	0.001681	-0.001039	0	-0.000421	-0.212787	0.001811	3.030482E+9
8204.61	6.8	0.09435	0.00211	-0.001111	0	-0.00041	-0.212787	0.001803	3.030482E+9
8265.94	7	0.093889	0.002113	-0.000853	0	-0.000318	-0.212787	0.00179	3.030483E+9
8311.94	7.2	0.093947	0.001655	-0.000927	0	-0.000472	-0.212787	0.00181	3.030483E+9
8342.16	7.4	0.093899	0.001594	-0.001102	0	-0.00039	-0.212787	0.001797	3.030484E+9
