16/05/2022	11:23

Si\Ta3\(Co88Tb12)88\Pt3-20220511_APEJ4

Field	Kepco	Channel A	Channel B	Agilent	0	RF out	Monitor+	Monitor-	Time
8265.94	7	4.885616	-0.820613	-0.000218	0	1.2E-5	-0.212787	0.000807	2.677118E+9
8186.93	6.75	4.866513	-0.779021	-0.000401	0	0.000119	-0.212787	0.000797	2.677118E+9
8084.8	6.5	4.884735	-0.800938	-0.000436	0	4.7E-5	-0.212787	0.000802	2.677119E+9
7960.42	6.25	4.916138	-0.782085	-0.000503	0	0.000204	-0.212787	0.000807	2.67712E+9
7814.63	6	4.886486	-0.816633	8.4E-5	0	0.000125	-0.212787	0.000793	2.677121E+9
7648.28	5.75	4.887825	-0.796503	-4.1E-5	0	0.000114	-0.212787	0.000832	2.677122E+9
7462.23	5.5	4.886152	-0.78599	-0.00061	0	4.7E-5	-0.212787	0.000815	2.677123E+9
7257.34	5.25	4.873852	-0.813173	-0.000139	0	0.000138	-0.212787	0.000829	2.677124E+9
7034.46	5	4.904501	-0.816581	-0.000272	0	8.4E-5	-0.212787	0.000837	2.677125E+9
6794.43	4.75	4.884771	-0.798222	-0.00038	0	0.000105	-0.212787	0.000792	2.677126E+9
6538.11	4.5	4.900885	-0.784142	-0.000643	0	9.7E-5	-0.212787	0.000814	2.677127E+9
6266.37	4.25	4.900973	-0.816509	-0.000331	0	3.2E-5	-0.212787	0.000855	2.677128E+9
5980.04	4	4.873511	-0.822218	-0.000505	0	0.000134	-0.212787	0.000805	2.677129E+9
5679.98	3.75	4.879271	-0.773349	-0.000368	0	0.000132	-0.212787	0.000814	2.67713E+9
5367.05	3.5	4.894881	-0.789463	-0.000378	0	4.7E-5	-0.212787	0.000801	2.677131E+9
5042.1	3.25	4.887637	-0.813449	-0.000482	0	0.000116	-0.212787	0.000802	2.677132E+9
4705.98	3	4.909361	-0.785493	-0.00042	0	-3E-5	-0.212787	0.000837	2.677133E+9
4359.54	2.75	4.918939	-0.803498	-0.000373	0	0.000115	-0.212787	0.00081	2.677134E+9
4003.65	2.5	4.915573	-0.810671	-0.000536	0	0.000258	-0.212787	0.000827	2.677135E+9
3639.15	2.25	4.902646	-0.795259	-0.000616	0	9.5E-5	-0.212787	0.000791	2.677136E+9
3266.89	2	4.90761	-0.813069	-0.000488	0	0.000117	-0.212787	0.000815	2.677137E+9
2887.73	1.75	4.902003	-0.798703	-6.9E-5	0	4.7E-5	-0.212787	0.000825	2.677138E+9
2502.52	1.5	4.901844	-0.780204	0.000272	0	0.000137	-0.212787	0.000831	2.677139E+9
2112.11	1.25	4.885343	-0.80343	3.1E-5	0	8.8E-5	-0.212787	0.000815	2.67714E+9
1717.37	1	4.889173	-0.808166	-0.000161	0	5.8E-5	-0.212787	0.000837	2.677141E+9
1319.13	0.75	4.89275	-0.798631	0.000293	0	2.1E-5	-0.212787	0.000818	2.677142E+9
918.26	0.5	4.900674	-0.800431	-0.000192	0	0.000145	-0.212787	0.000819	2.677143E+9
515.61	0.25	4.896148	-0.795623	0.000584	0	0.0001	-0.212787	0.000875	2.677144E+9
112.03	0	4.898176	-0.818566	0.000438	0	0.00011	-0.212787	0.000865	2.677145E+9
-291.63	-0.25	4.92119	-0.78919	0.000501	0	4.4E-5	-0.212787	0.000848	2.677146E+9
-694.51	-0.5	4.90338	-0.807972	0.000345	0	0.000219	-0.212787	0.000867	2.677147E+9
-1095.76	-0.75	4.880778	-0.804183	0.000295	0	0.000176	-0.212787	0.00088	2.677148E+9
-1494.53	-1	4.855525	-0.785311	0.000193	0	9.6E-5	-0.212787	0.000846	2.677149E+9
-1889.96	-1.25	4.87009	-0.799434	0.00028	0	0.000102	-0.212787	0.000829	2.67715E+9
-2281.19	-1.5	4.892165	-0.809008	0.000301	0	0.000101	-0.212787	0.000877	2.677151E+9
-2667.39	-1.75	4.858098	-0.77959	0.000109	0	0.000151	-0.212787	0.000847	2.677152E+9
-3047.69	-2	4.881821	-0.801104	7.1E-5	0	7.2E-5	-0.212787	0.000865	2.677153E+9
-3421.24	-2.25	4.863303	-0.772124	0.000661	0	0.000179	-0.212787	0.000876	2.677154E+9
-3787.18	-2.5	4.460199	-0.729851	4.8E-5	0	3.2E-5	-0.212787	0.000834	2.677155E+9
-4144.67	-2.75	3.152414	-0.500145	0.000142	0	6.8E-5	-0.212787	0.0008	2.677156E+9
-4492.85	-3	1.508654	-0.231264	0.000159	0	-8.7E-5	-0.212787	0.000792	2.677157E+9
-4830.87	-3.25	0.145639	0.024806	9.8E-5	0	2.3E-5	-0.212787	0.000794	2.677158E+9
-5157.87	-3.5	-0.971942	0.214351	0.000101	0	5.4E-5	-0.212787	0.000789	2.677159E+9
-5473	-3.75	-1.955168	0.399357	7E-5	0	-7E-6	-0.212787	0.000788	2.67716E+9
-5775.41	-4	-2.886597	0.518478	0.000145	0	-2.5E-5	-0.212787	0.000796	2.677161E+9
-6064.24	-4.25	-3.592952	0.682594	0.000294	0	-3.2E-5	-0.212787	0.000827	2.677162E+9
-6338.64	-4.5	-4.207549	0.780571	0.000546	0	-4.9E-5	-0.212787	0.000819	2.677163E+9
-6597.76	-4.75	-4.621902	0.841945	0.000124	0	-3E-5	-0.212787	0.000795	2.677164E+9
-6840.75	-5	-4.847689	0.882376	0.000166	0	1.5E-5	-0.212787	0.000799	2.677165E+9
-7066.75	-5.25	-4.936359	0.88543	0.00052	0	-6E-5	-0.212787	0.000788	2.677166E+9
-7274.9	-5.5	-4.958873	0.918308	0.000189	0	-0.000109	-0.212787	0.000802	2.677167E+9
-7464.36	-5.75	-4.96656	0.904175	0.000583	0	-7.9E-5	-0.212787	0.00083	2.677168E+9
-7634.28	-6	-4.998171	0.894702	0.000482	0	-9E-6	-0.212787	0.000831	2.677169E+9
-7783.79	-6.25	-4.949877	0.911329	0.000467	0	-8.6E-5	-0.212787	0.000801	2.67717E+9
-7912.04	-6.5	-4.957479	0.917944	0.000342	0	-0.000163	-0.212787	0.000819	2.677171E+9
-8018.19	-6.75	-4.988856	0.884517	0.000591	0	-6.6E-5	-0.212787	0.000819	2.677172E+9
-8101.38	-7	-4.963532	0.903383	0.000156	0	1.3E-5	-0.212787	0.000829	2.677173E+9
-8018.19	-6.75	-4.933288	0.905527	0.000452	0	6.1E-5	-0.212787	0.000824	2.677174E+9
-7912.04	-6.5	-4.960371	0.888055	0.000353	0	-6.5E-5	-0.212787	0.000831	2.677175E+9
-7783.79	-6.25	-4.962693	0.906138	0.000514	0	2.6E-5	-0.212787	0.00083	2.677176E+9
-7634.28	-6	-4.953425	0.873101	0.000526	0	4E-6	-0.212787	0.000815	2.677177E+9
-7464.36	-5.75	-4.977927	0.897213	0.000729	0	-5.9E-5	-0.212787	0.000786	2.677178E+9
-7274.9	-5.5	-4.978259	0.90426	0.000513	0	0.00014	-0.212787	0.000834	2.677179E+9
-7066.75	-5.25	-4.963561	0.915663	0.000559	0	-4E-5	-0.212787	0.000832	2.67718E+9
-6840.75	-5	-4.957901	0.909607	0.000449	0	-2.5E-5	-0.212787	0.000801	2.677181E+9
-6597.76	-4.75	-4.997352	0.888438	0.00022	0	-7E-5	-0.212787	0.000832	2.677182E+9
-6338.64	-4.5	-4.982674	0.929305	0.000557	0	-2.5E-5	-0.212787	0.000852	2.677183E+9
-6064.24	-4.25	-5.007378	0.902899	0.000517	0	-3.5E-5	-0.212787	0.000808	2.677184E+9
-5775.41	-4	-4.983096	0.898838	0.000103	0	-8.3E-5	-0.212787	0.000794	2.677185E+9
-5473	-3.75	-5.002105	0.902509	4E-5	0	-8.7E-5	-0.212787	0.000804	2.677186E+9
-5157.87	-3.5	-4.984532	0.905956	-0.000272	0	-0.000169	-0.212787	0.00081	2.677187E+9
-4830.87	-3.25	-4.973337	0.913854	0.000165	0	-0.000149	-0.212787	0.000799	2.677188E+9
-4492.85	-3	-5.013424	0.933853	0.000155	0	-3E-5	-0.212787	0.000795	2.677189E+9
-4144.67	-2.75	-4.988125	0.911472	0.000112	0	-8.3E-5	-0.212787	0.000808	2.67719E+9
-3787.18	-2.5	-5.014921	0.92372	1.4E-5	0	-5.3E-5	-0.212787	0.000831	2.677191E+9
-3421.24	-2.25	-4.97678	0.91167	7.9E-5	0	9E-6	-0.212787	0.000835	2.677192E+9
-3047.69	-2	-4.986166	0.896278	1.4E-5	0	-5.2E-5	-0.212787	0.000804	2.677193E+9
-2667.39	-1.75	-4.973379	0.907963	7.2E-5	0	-6E-5	-0.212787	0.00079	2.677194E+9
-2281.19	-1.5	-5.005006	0.884224	0.000102	0	1.6E-5	-0.212787	0.000863	2.677195E+9
-1889.96	-1.25	-5.004704	0.917512	8.9E-5	0	6.3E-5	-0.212787	0.000809	2.677196E+9
-1494.53	-1	-5.007907	0.902603	0.000121	0	-9.3E-5	-0.212787	0.000821	2.677197E+9
-1095.76	-0.75	-5.039336	0.911748	7.7E-5	0	-7.6E-5	-0.212787	0.000901	2.677198E+9
-694.51	-0.5	-4.960874	0.912216	0.000138	0	-3E-6	-0.212787	0.000877	2.677199E+9
-291.63	-0.25	-4.988457	0.904624	2.2E-5	0	2E-6	-0.212787	0.000832	2.6772E+9
112.03	0	-5.011533	0.88773	3.4E-5	0	6.9E-5	-0.212787	0.000862	2.677201E+9
515.61	0.25	-4.993983	0.92873	4.5E-5	0	-1.2E-5	-0.212787	0.000851	2.677202E+9
918.26	0.5	-5.002781	0.892389	0.000374	0	3.1E-5	-0.212787	0.000859	2.677203E+9
1319.13	0.75	-4.998421	0.94155	2.4E-5	0	9E-6	-0.212787	0.000842	2.677204E+9
1717.37	1	-5.007365	0.925185	0.000119	0	-5.7E-5	-0.212787	0.000818	2.677205E+9
2112.11	1.25	-4.978304	0.912268	2.6E-5	0	2.7E-5	-0.212787	0.000843	2.677206E+9
2502.52	1.5	-4.983908	0.905014	-3.1E-5	0	-1.6E-5	-0.212787	0.00085	2.677207E+9
2887.73	1.75	-4.942681	0.905702	9.4E-5	0	5.4E-5	-0.212787	0.000868	2.677208E+9
3266.89	2	-4.671827	0.867672	0.000155	0	-6E-5	-0.212787	0.000803	2.677209E+9
3639.15	2.25	-3.486918	0.647527	-2.1E-5	0	-8.1E-5	-0.212787	0.000813	2.67721E+9
4003.65	2.5	-1.881339	0.346652	0.000155	0	-5.4E-5	-0.212787	0.000824	2.677211E+9
4359.54	2.75	-0.434792	0.122728	9.9E-5	0	-2.6E-5	-0.212787	0.000817	2.677212E+9
4705.98	3	0.712035	-0.073259	6.7E-5	0	-2.6E-5	-0.212787	0.0008	2.677213E+9
5042.1	3.25	1.689015	-0.26153	0.000247	0	9.9E-5	-0.212787	0.000805	2.677214E+9
5367.05	3.5	2.612163	-0.393571	0.000154	0	-6.4E-5	-0.212787	0.000801	2.677215E+9
5679.98	3.75	3.420834	-0.542216	0.000234	0	7E-5	-0.212787	0.000804	2.677216E+9
5980.04	4	4.039077	-0.652088	0.000153	0	3E-6	-0.212787	0.000809	2.677217E+9
6266.37	4.25	4.482859	-0.707457	0.000107	0	-1.2E-5	-0.212787	0.00079	2.677218E+9
6538.11	4.5	4.712457	-0.742862	0.000185	0	0.000123	-0.212787	0.000839	2.677219E+9
6794.43	4.75	4.804483	-0.787991	-0.000487	0	0.000185	-0.212787	0.000792	2.67722E+9
7034.46	5	4.850801	-0.784499	0.00067	0	6.9E-5	-0.212787	0.000821	2.677221E+9
7257.34	5.25	4.860584	-0.778745	0.000519	0	9.4E-5	-0.212787	0.000851	2.677222E+9
7462.23	5.5	4.87791	-0.78484	0.000502	0	8.9E-5	-0.212787	0.000804	2.677223E+9
7648.28	5.75	4.904543	-0.77035	0.000465	0	7.1E-5	-0.212787	0.000842	2.677224E+9
7814.63	6	4.886058	-0.780942	0.000653	0	0.000156	-0.212787	0.000837	2.677225E+9
7960.42	6.25	4.863946	-0.760338	-5.3E-5	0	9.9E-5	-0.212787	0.000781	2.677226E+9
8084.8	6.5	4.861207	-0.770601	-0.0002	0	0.000143	-0.212787	0.000801	2.677227E+9
8186.93	6.75	4.861532	-0.815073	-0.000263	0	0.000132	-0.212787	0.000792	2.677228E+9
8265.94	7	4.859304	-0.812033	0.000178	0	9.9E-5	-0.212787	0.000817	2.677229E+9
