27/04/2022	11:00

Co88Tb12

Field	Kepco	Channel A	Channel B	Agilent	0	RF out	Monitor+	Monitor-	Time
7814.63	6	1.186035	1.780836	0.001552	0	0.000902	-0.212787	0.046792	1.034144E+9
7750.51	5.9	1.131942	1.990556	0.002011	0	3.3E-5	-0.212787	0.046834	1.034144E+9
7683.15	5.8	1.255978	1.78849	0.001367	0	0.000437	-0.212787	0.046588	1.034145E+9
7612.62	5.7	1.333108	1.9513	0.00076	0	0.000845	-0.212787	0.046791	1.034145E+9
7538.96	5.6	1.192139	1.851559	0.000362	0	0.001916	-0.212787	0.046755	1.034146E+9
7462.23	5.5	1.239998	1.954107	0.000671	0	0.001633	-0.212787	0.046801	1.034146E+9
7382.49	5.4	1.254166	1.793291	0.000235	0	0.001919	-0.212787	0.046815	1.034147E+9
7299.79	5.3	1.088633	1.680298	0.00201	0	0.001882	-0.212787	0.04662	1.034147E+9
7214.18	5.2	1.138567	1.611219	0.001505	0	0.002149	-0.212787	0.046641	1.034148E+9
7125.71	5.1	0.837598	1.640023	0.001982	0	0.001526	-0.212787	0.046745	1.034148E+9
7034.46	5	0.881067	1.505646	0.00161	0	0.001697	-0.212787	0.046656	1.034149E+9
6940.45	4.9	0.968342	1.471533	0.001386	0	0.000681	-0.212787	0.046647	1.034149E+9
6843.76	4.8	0.87849	1.530145	0.002261	0	0.001192	-0.212787	0.046706	1.03415E+9
6744.44	4.7	0.913938	1.594663	0.001842	0	0.001094	-0.212787	0.046673	1.03415E+9
6642.54	4.6	0.944974	1.676127	0.001929	0	0.001027	-0.212787	0.046845	1.034151E+9
6538.11	4.5	0.8234	1.556619	0.002086	0	0.001199	-0.212787	0.046641	1.034151E+9
6431.22	4.4	0.734211	1.458499	0.001259	0	0.002139	-0.212787	0.046646	1.034152E+9
6321.91	4.3	0.742788	1.427661	0.002455	0	0.002139	-0.212787	0.04683	1.034152E+9
6210.24	4.2	0.57272	1.260777	0.001915	0	0.002226	-0.212787	0.046759	1.034153E+9
6096.26	4.1	0.622813	1.314249	0.001931	0	0.001346	-0.212787	0.046844	1.034153E+9
5980.04	4	0.84303	1.592704	0.00106	0	0.002389	-0.212787	0.046671	1.034154E+9
5861.61	3.9	0.670989	1.31957	0.001476	0	0.002529	-0.212787	0.046859	1.034154E+9
5741.05	3.8	0.510417	1.33918	0.001432	0	0.001987	-0.212787	0.046703	1.034155E+9
5618.4	3.7	0.31827	1.084156	0.001293	0	0.00253	-0.212787	0.046633	1.034155E+9
5493.71	3.6	0.270997	1.044426	0.002533	0	0.001237	-0.212787	0.046689	1.034156E+9
5367.05	3.5	0.4574	1.175853	0.001928	0	0.001658	-0.212787	0.04672	1.034156E+9
5238.46	3.4	0.524784	1.129658	0.003006	0	0.001615	-0.212787	0.046637	1.034157E+9
5108.01	3.3	0.196262	1.034176	0.001523	0	0.001459	-0.212787	0.046813	1.034157E+9
4975.74	3.2	0.14955	1.011616	0.001991	0	0.00214	-0.212787	0.046667	1.034158E+9
4841.71	3.1	0.174592	1.055479	0.000907	0	0.001543	-0.212787	0.046638	1.034158E+9
4705.98	3	0.025999	0.803147	0.002295	0	0.002116	-0.212787	0.046753	1.034159E+9
4568.59	2.9	-0.073398	0.719552	0.002491	0	0.001533	-0.212787	0.04665	1.034159E+9
4429.62	2.8	-0.245835	0.734825	0.001914	0	0.002149	-0.212787	0.046637	1.03416E+9
4289.09	2.7	-0.287615	0.844479	0.004209	0	0.002632	-0.212787	0.046619	1.03416E+9
4147.09	2.6	-0.323286	0.601179	0.002485	0	0.001815	-0.212787	0.046717	1.034161E+9
4003.65	2.5	-0.217375	0.782215	0.002273	0	0.000888	-0.212787	0.046604	1.034161E+9
3858.83	2.4	-0.116562	0.90937	0.001878	0	0.001746	-0.212787	0.046676	1.034162E+9
3712.69	2.3	-0.320613	0.749139	0.00232	0	0.001157	-0.212787	0.046625	1.034162E+9
3565.29	2.2	-0.238808	0.716219	0.002568	0	0.002402	-0.212787	0.046783	1.034163E+9
3416.67	2.1	-0.370079	0.719617	0.003002	0	0.001447	-0.212787	0.046753	1.034163E+9
3266.89	2	-0.475168	0.725936	0.002694	0	0.002781	-0.212787	0.046726	1.034164E+9
3116	1.9	-0.492477	0.681581	0.002059	0	0.002865	-0.212787	0.046692	1.034164E+9
2964.07	1.8	-0.419256	0.75565	0.002105	0	0.002106	-0.212787	0.046706	1.034165E+9
2811.14	1.7	-0.570016	0.57708	0.00143	0	0.001993	-0.212787	0.046822	1.034165E+9
2657.27	1.6	-0.28344	0.826717	0.00208	0	0.002069	-0.212787	0.046683	1.034166E+9
2502.52	1.5	-0.647491	0.445289	0.001993	0	0.002966	-0.212787	0.046854	1.034166E+9
2346.93	1.4	-0.697753	0.649736	0.003476	0	0.001772	-0.212787	0.046611	1.034167E+9
2190.57	1.3	-0.968657	0.456429	0.001983	0	0.002883	-0.212787	0.046627	1.034167E+9
2033.48	1.2	-0.749581	0.449795	0.002017	0	0.001796	-0.212787	0.046734	1.034168E+9
1875.73	1.1	-0.912222	0.380686	0.00267	0	0.001639	-0.212787	0.046725	1.034168E+9
1717.37	1	-0.755672	0.354381	0.00262	0	0.000973	-0.212787	0.046787	1.034169E+9
1558.44	0.9	-0.658718	0.607784	0.001981	0	0.000699	-0.212787	0.046653	1.034169E+9
1399.02	0.8	-0.574045	0.467826	0.001942	0	0.000939	-0.212787	0.046722	1.03417E+9
1239.14	0.7	-0.543812	0.660687	0.001415	0	0.001231	-0.212787	0.046624	1.03417E+9
1078.87	0.6	-0.523757	0.678202	0.001995	0	0.000967	-0.212787	0.046853	1.034171E+9
918.26	0.5	-0.697265	0.424285	0.003093	0	0.003137	-0.212787	0.0468	1.034171E+9
757.37	0.4	-0.631721	0.49932	0.001715	0	0.00235	-0.212787	0.046846	1.034172E+9
596.24	0.3	-0.787761	0.511974	0.001769	0	0.002115	-0.212787	0.046855	1.034172E+9
434.94	0.2	-0.856051	0.389484	0.001414	0	0.001465	-0.212787	0.046753	1.034173E+9
273.52	0.1	-0.906131	0.333221	0.000834	0	0.002457	-0.212787	0.046579	1.034173E+9
112.03	0	-0.943008	0.454879	0.001794	0	0.001669	-0.212787	0.04664	1.034174E+9
-49.47	-0.1	-0.781335	0.327812	0.002066	0	0.000189	-0.212787	0.046648	1.034174E+9
-210.93	-0.2	-0.69004	0.467679	0.001763	0	0.002115	-0.212787	0.046808	1.034175E+9
-372.3	-0.3	-0.662247	0.305694	0.002649	0	0.001168	-0.212787	0.04665	1.034175E+9
-533.51	-0.4	-0.507328	0.457631	0.001979	0	0.001689	-0.212787	0.046641	1.034176E+9
-694.51	-0.5	-0.748298	0.395345	0.00151	0	0.003068	-0.212787	0.046653	1.034176E+9
-855.25	-0.6	-0.780883	0.466945	0.00299	0	0.001855	-0.212787	0.0467	1.034177E+9
-1015.68	-0.7	-0.686963	0.43167	0.00392	0	0.000854	-0.212787	0.046703	1.034177E+9
-1175.74	-0.8	-0.724952	0.345694	0.002641	0	0.000515	-0.212787	0.046673	1.034178E+9
-1335.37	-0.9	-0.863766	0.103967	0.002205	0	0.001551	-0.212787	0.046648	1.034178E+9
-1494.53	-1	-0.832802	0.165106	0.001434	0	0.001756	-0.212787	0.046657	1.034179E+9
-1653.15	-1.1	-0.612335	0.519855	0.001773	0	0.002027	-0.212787	0.046678	1.034179E+9
-1811.18	-1.2	-0.523487	0.471578	0.002371	0	0.002081	-0.212787	0.046817	1.03418E+9
-1968.57	-1.3	-0.734013	0.299002	0.002894	0	0.001675	-0.212787	0.046688	1.03418E+9
-2125.26	-1.4	-0.552726	0.168702	0.00264	0	0.002063	-0.212787	0.046613	1.034181E+9
-2281.19	-1.5	-0.432569	0.374221	0.00294	0	0.002825	-0.212787	0.046698	1.034181E+9
-2436.33	-1.6	-0.548168	0.328709	0.002344	0	0.002054	-0.212787	0.046691	1.034182E+9
-2590.6	-1.7	-0.37285	0.517188	0.001807	0	0.002573	-0.212787	0.046654	1.034182E+9
-2743.95	-1.8	-0.427297	0.577749	0.002261	0	0.00299	-0.212787	0.04681	1.034183E+9
-2896.33	-1.9	-0.290948	0.586475	0.002097	0	0.001482	-0.212787	0.046615	1.034183E+9
-3047.69	-2	-0.305961	0.522133	0.001569	0	0.002286	-0.212787	0.046806	1.034184E+9
-3197.97	-2.1	-0.529127	0.549624	0.00186	0	0.003332	-0.212787	0.046657	1.034184E+9
-3347.11	-2.2	-0.354559	0.717571	0.002502	0	0.001209	-0.212787	0.046849	1.034185E+9
-3495.06	-2.3	-0.133219	0.699823	0.00217	0	0.0008	-0.212787	0.046608	1.034185E+9
-3641.77	-2.4	-0.201002	0.669411	0.002015	0	0.002122	-0.212787	0.046839	1.034186E+9
-3787.18	-2.5	-0.186304	0.468862	0.001289	0	0.001966	-0.212787	0.046708	1.034186E+9
-3931.24	-2.6	-0.207688	0.759626	0.00152	0	0.001442	-0.212787	0.046598	1.034187E+9
-4073.89	-2.7	-0.020008	0.75758	0.00178	0	0.001705	-0.212787	0.046611	1.034187E+9
-4215.08	-2.8	-0.068259	0.865495	0.002163	0	0.000846	-0.212787	0.046801	1.034188E+9
-4354.75	-2.9	0.237219	1.060891	0.002426	0	0.001854	-0.212787	0.046745	1.034188E+9
-4492.85	-3	0.340934	1.094107	0.002406	0	0.002213	-0.212787	0.046723	1.034189E+9
-4629.32	-3.1	-0.007406	1.026873	0.00334	0	0.00159	-0.212787	0.046774	1.034189E+9
-4764.12	-3.2	0.221102	1.277622	0.001843	0	0.001659	-0.212787	0.046786	1.03419E+9
-4897.18	-3.3	0.238753	1.034962	0.002639	0	0.00062	-0.212787	0.046822	1.03419E+9
-5028.44	-3.4	0.247242	1.143128	0.002027	0	0.001389	-0.212787	0.046751	1.034191E+9
-5157.87	-3.5	0.318758	1.245758	0.001626	0	0.002596	-0.212787	0.046875	1.034191E+9
-5285.39	-3.6	0.315723	1.351263	0.00015	0	0.002289	-0.212787	0.046779	1.034192E+9
-5410.96	-3.7	0.37375	1.312732	0.001306	0	0.001822	-0.212787	0.04666	1.034192E+9
-5534.53	-3.8	0.50263	1.278278	0.002085	0	0.000823	-0.212787	0.046812	1.034193E+9
-5656.02	-3.9	0.448606	1.233763	0.001866	0	0.001262	-0.212787	0.046642	1.034193E+9
-5775.41	-4	0.530203	1.262258	0.001899	0	0.001423	-0.212787	0.04664	1.034194E+9
-5892.62	-4.1	0.697613	1.345152	0.001802	0	0.001923	-0.212787	0.046638	1.034194E+9
-6007.6	-4.2	0.743428	1.432336	0.000816	0	0.000603	-0.212787	0.046665	1.034195E+9
-6120.3	-4.3	0.867188	1.217425	0.001745	0	0.001089	-0.212787	0.04682	1.034195E+9
-6230.67	-4.4	0.929269	1.349943	0.001028	0	0.00111	-0.212787	0.046732	1.034196E+9
-6338.64	-4.5	0.806328	1.23478	0.001341	0	0.000733	-0.212787	0.04682	1.034196E+9
-6444.17	-4.6	0.825918	1.384634	0.002047	0	0.001884	-0.212787	0.046697	1.034197E+9
-6547.2	-4.7	0.863253	1.435712	0.001036	0	0.002078	-0.212787	0.046862	1.034197E+9
-6647.68	-4.8	1.07504	1.591713	0.000682	0	0.001782	-0.212787	0.046722	1.034198E+9
-6745.55	-4.9	1.255238	1.793724	0.000898	0	0.002014	-0.212787	0.046866	1.034198E+9
-6840.75	-5	1.267398	1.591209	0.000526	0	0.001734	-0.212787	0.046783	1.034199E+9
-6933.24	-5.1	1.224543	1.560943	0.000756	0	0.001236	-0.212787	0.046814	1.034199E+9
-7022.95	-5.2	1.2787	1.513082	0.000462	0	0.000752	-0.212787	0.046647	1.0342E+9
-7109.83	-5.3	1.299788	1.693998	3.9E-5	0	0.002193	-0.212787	0.046766	1.0342E+9
-7193.84	-5.4	1.193082	1.706831	0.000591	0	0.002375	-0.212787	0.046685	1.034201E+9
-7274.9	-5.5	1.318697	1.834935	-0.000498	0	0.00262	-0.212787	0.046766	1.034201E+9
-7352.98	-5.6	1.519947	1.6414	-0.000179	0	0.001842	-0.212787	0.046676	1.034202E+9
-7428.01	-5.7	1.605501	1.731395	0.001477	0	0.000841	-0.212787	0.046855	1.034202E+9
-7499.94	-5.8	1.610348	1.934556	0.001351	0	0.000616	-0.212787	0.04664	1.034203E+9
-7568.71	-5.9	1.553588	1.853001	0.001275	0	0.002265	-0.212787	0.046795	1.034203E+9
-7634.28	-6	1.548647	1.775738	0.000361	0	0.002599	-0.212787	0.046661	1.034204E+9
-7568.71	-5.9	1.320503	1.695382	0.000952	0	0.00263	-0.212787	0.046597	1.034204E+9
-7499.94	-5.8	1.454383	1.696357	-0.00019	0	0.002179	-0.212787	0.046826	1.034205E+9
-7428.01	-5.7	1.308297	1.723169	0.001024	0	0.001908	-0.212787	0.046757	1.034205E+9
-7352.98	-5.6	1.447492	1.696419	0.001545	0	0.001316	-0.212787	0.04681	1.034206E+9
-7274.9	-5.5	1.642362	1.91173	0.00082	0	0.001296	-0.212787	0.046596	1.034206E+9
-7193.84	-5.4	1.27935	1.554472	0.00201	0	0.001182	-0.212787	0.04665	1.034207E+9
-7109.83	-5.3	1.25554	1.452541	0.001472	0	0.001493	-0.212787	0.04661	1.034207E+9
-7022.95	-5.2	1.107865	1.398848	0.000138	0	0.001307	-0.212787	0.046821	1.034208E+9
-6933.24	-5.1	1.115767	1.47984	0.001418	0	0.000616	-0.212787	0.046769	1.034208E+9
-6840.75	-5	1.046554	1.474434	-0.000256	0	0.000606	-0.212787	0.046648	1.034209E+9
-6745.55	-4.9	0.88556	1.312176	0.001527	0	0.001925	-0.212787	0.046859	1.034209E+9
-6647.68	-4.8	0.820844	1.222798	0.001524	0	0.002013	-0.212787	0.046622	1.03421E+9
-6547.2	-4.7	0.84341	1.427223	0.001556	0	0.002203	-0.212787	0.046684	1.03421E+9
-6444.17	-4.6	0.848059	1.372961	0.001926	0	0.002247	-0.212787	0.046608	1.034211E+9
-6338.64	-4.5	0.619528	1.259987	0.001057	0	0.001424	-0.212787	0.046726	1.034211E+9
-6230.67	-4.4	0.515388	1.143875	0.001844	0	0.001003	-0.212787	0.046657	1.034212E+9
-6120.3	-4.3	0.434649	1.07732	0.002057	0	0.00144	-0.212787	0.046778	1.034212E+9
-6007.6	-4.2	0.668615	1.179485	0.001563	0	0.00121	-0.212787	0.046641	1.034213E+9
-5892.62	-4.1	0.377444	1.133768	0.001756	0	0.001036	-0.212787	0.04673	1.034213E+9
-5775.41	-4	0.329242	0.895027	0.000502	0	0.001479	-0.212787	0.0467	1.034214E+9
-5656.02	-3.9	0.396511	0.904861	0.001608	0	0.001779	-0.212787	0.046654	1.034214E+9
-5534.53	-3.8	0.297631	0.806663	0.000134	0	0.003706	-0.212787	0.046692	1.034215E+9
-5410.96	-3.7	0.158283	0.962114	0.000718	0	0.002827	-0.212787	0.046638	1.034215E+9
-5285.39	-3.6	-0.051313	0.878919	0.002734	0	0.001393	-0.212787	0.046684	1.034216E+9
-5157.87	-3.5	0.163507	0.819164	0.002236	0	0.001089	-0.212787	0.046577	1.034216E+9
-5028.44	-3.4	0.019589	0.932732	0.001107	0	0.002076	-0.212787	0.046745	1.034217E+9
-4897.18	-3.3	-0.21873	0.45677	0.001311	0	0.002089	-0.212787	0.046731	1.034217E+9
-4764.12	-3.2	-0.064191	0.724874	0.001392	0	0.001923	-0.212787	0.046663	1.034218E+9
-4629.32	-3.1	-0.290184	0.728383	0.00107	0	0.002089	-0.212787	0.046829	1.034218E+9
-4492.85	-3	-0.367483	0.513575	0.001641	0	0.00126	-0.212787	0.046794	1.034219E+9
-4354.75	-2.9	-0.295668	0.556576	0.001097	0	0.001896	-0.212787	0.046698	1.034219E+9
-4215.08	-2.8	-0.241862	0.508121	0.001133	0	0.001708	-0.212787	0.046713	1.03422E+9
-4073.89	-2.7	-0.460288	0.492659	0.002096	0	0.001603	-0.212787	0.046822	1.03422E+9
-3931.24	-2.6	-0.45534	0.454743	0.001332	0	0.001468	-0.212787	0.046681	1.034221E+9
-3787.18	-2.5	-0.412599	0.438924	0.001535	0	0.002051	-0.212787	0.046805	1.034221E+9
-3641.77	-2.4	-0.388594	0.296328	0.00132	0	0.001641	-0.212787	0.046717	1.034222E+9
-3495.06	-2.3	-0.280509	0.412538	0.002468	0	0.000585	-0.212787	0.046677	1.034222E+9
-3347.11	-2.2	-0.549955	0.283521	0.001819	0	0.002124	-0.212787	0.046803	1.034223E+9
-3197.97	-2.1	-0.720585	0.216775	0.001791	0	0.00201	-0.212787	0.046883	1.034223E+9
-3047.69	-2	-0.754951	-0.004449	0.001771	0	0.002265	-0.212787	0.046624	1.034224E+9
-2896.33	-1.9	-0.621055	0.175794	0.001188	0	0.001869	-0.212787	0.04693	1.034224E+9
-2743.95	-1.8	-0.670245	0.277556	0.000845	0	0.002105	-0.212787	0.046778	1.034225E+9
-2590.6	-1.7	-0.770932	0.176262	0.001872	0	0.002217	-0.212787	0.046794	1.034225E+9
-2436.33	-1.6	-0.944996	0.019884	0.002593	0	0.002132	-0.212787	0.04671	1.034226E+9
-2281.19	-1.5	-0.875894	0.117589	0.000907	0	0.002471	-0.212787	0.046694	1.034226E+9
-2125.26	-1.4	-1.061446	-0.135915	0.001416	0	0.002343	-0.212787	0.046792	1.034227E+9
-1968.57	-1.3	-1.004992	-0.13124	0.001549	0	0.001618	-0.212787	0.04665	1.034227E+9
-1811.18	-1.2	-1.055657	-0.125454	0.00172	0	0.001846	-0.212787	0.046728	1.034228E+9
-1653.15	-1.1	-1.14647	-0.233051	0.001693	0	0.002359	-0.212787	0.046722	1.034228E+9
-1494.53	-1	-1.268037	-0.320194	0.002109	0	0.002155	-0.212787	0.046742	1.034229E+9
-1335.37	-0.9	-1.230358	-0.240426	0.002119	0	0.002518	-0.212787	0.046636	1.034229E+9
-1175.74	-0.8	-1.317975	-0.190722	0.002732	0	0.001722	-0.212787	0.04661	1.03423E+9
-1015.68	-0.7	-1.123453	0.08359	0.001417	0	0.001969	-0.212787	0.046691	1.03423E+9
-855.25	-0.6	-1.597765	-0.301822	0.001573	0	0.003297	-0.212787	0.046625	1.034231E+9
-694.51	-0.5	-1.56667	-0.463596	0.001505	0	0.002369	-0.212787	0.046773	1.034231E+9
-533.51	-0.4	-1.495496	-0.342919	0.001173	0	0.002526	-0.212787	0.046655	1.034232E+9
-372.3	-0.3	-1.599863	-0.412723	0.002172	0	0.002542	-0.212787	0.046857	1.034232E+9
-210.93	-0.2	-1.607316	-0.205407	0.001997	0	0.002862	-0.212787	0.046715	1.034233E+9
-49.47	-0.1	-1.481568	-0.288953	0.001894	0	0.002393	-0.212787	0.046751	1.034233E+9
112.03	0	-1.392743	-0.298391	0.001905	0	0.0023	-0.212787	0.046887	1.034234E+9
273.52	0.1	-1.528256	-0.4218	0.00236	0	0.002875	-0.212787	0.046853	1.034234E+9
434.94	0.2	-1.588112	-0.450847	0.002465	0	0.00257	-0.212787	0.046759	1.034235E+9
596.24	0.3	-1.22154	-0.191677	0.001016	0	0.001561	-0.212787	0.046694	1.034235E+9
757.37	0.4	-1.539663	-0.346538	0.002624	0	0.002136	-0.212787	0.046677	1.034236E+9
918.26	0.5	-1.436153	-0.382428	0.001466	0	0.002142	-0.212787	0.046864	1.034236E+9
1078.87	0.6	-1.608869	-0.361583	0.002475	0	0.002843	-0.212787	0.046821	1.034237E+9
1239.14	0.7	-1.52071	-0.302894	0.002059	0	0.002348	-0.212787	0.046865	1.034237E+9
1399.02	0.8	-1.634674	-0.395975	0.001964	0	0.002496	-0.212787	0.046835	1.034238E+9
1558.44	0.9	-1.702168	-0.331558	0.002558	0	0.002079	-0.212787	0.046667	1.034238E+9
1717.37	1	-1.584932	-0.282426	0.00217	0	0.00295	-0.212787	0.04678	1.034239E+9
1875.73	1.1	-1.684855	-0.311438	0.001985	0	0.002407	-0.212787	0.04661	1.034239E+9
2033.48	1.2	-1.748983	-0.299564	0.002552	0	0.00265	-0.212787	0.046689	1.03424E+9
2190.57	1.3	-1.626347	-0.362093	0.003087	0	0.002379	-0.212787	0.046722	1.03424E+9
2346.93	1.4	-1.654329	-0.489212	0.002689	0	0.001975	-0.212787	0.046683	1.034241E+9
2502.52	1.5	-1.671178	-0.51569	0.002773	0	0.002118	-0.212787	0.046842	1.034241E+9
2657.27	1.6	-1.524809	-0.402707	0.002515	0	0.001408	-0.212787	0.046836	1.034242E+9
2811.14	1.7	-1.732619	-0.733665	0.002038	0	0.001618	-0.212787	0.046732	1.034242E+9
2964.07	1.8	-1.550514	-0.545602	0.002071	0	0.002518	-0.212787	0.046845	1.034243E+9
3116	1.9	-1.450652	-0.400595	0.002361	0	0.003511	-0.212787	0.04675	1.034243E+9
3266.89	2	-1.306162	-0.427891	0.002863	0	0.002389	-0.212787	0.046675	1.034244E+9
3416.67	2.1	-1.452823	-0.533048	0.002733	0	0.002989	-0.212787	0.046659	1.034244E+9
3565.29	2.2	-1.50082	-0.33377	0.002954	0	0.002628	-0.212787	0.046911	1.034245E+9
3712.69	2.3	-1.41117	-0.194264	0.002966	0	0.002629	-0.212787	0.046702	1.034245E+9
3858.83	2.4	-1.424425	-0.416956	0.00272	0	0.003571	-0.212787	0.046799	1.034246E+9
4003.65	2.5	-1.481074	-0.468725	0.002495	0	0.003195	-0.212787	0.046793	1.034246E+9
4147.09	2.6	-1.146289	-0.131562	0.002757	0	0.00378	-0.212787	0.046808	1.034247E+9
4289.09	2.7	-1.473147	-0.34927	0.003345	0	0.002682	-0.212787	0.046879	1.034247E+9
4429.62	2.8	-1.515515	-0.222473	0.003223	0	0.002289	-0.212787	0.046699	1.034248E+9
4568.59	2.9	-1.603759	-0.293167	0.002915	0	0.00284	-0.212787	0.046707	1.034248E+9
4705.98	3	-1.457169	-0.271929	0.003328	0	0.002314	-0.212787	0.046869	1.034249E+9
4841.71	3.1	-1.492991	-0.20863	0.002556	0	0.003984	-0.212787	0.046725	1.034249E+9
4975.74	3.2	-1.21643	-0.096598	0.002893	0	0.003736	-0.212787	0.046722	1.03425E+9
5108.01	3.3	-1.242911	-0.069783	0.002855	0	0.00268	-0.212787	0.046775	1.03425E+9
5238.46	3.4	-1.295883	0.076946	0.000423	0	0.002682	-0.212787	0.046921	1.034251E+9
5367.05	3.5	-1.141942	-0.241985	0.002966	0	0.00346	-0.212787	0.046695	1.034251E+9
5493.71	3.6	-1.18273	-0.019715	0.003405	0	0.003461	-0.212787	0.046834	1.034252E+9
5618.4	3.7	-0.828761	0.123765	0.003548	0	0.003474	-0.212787	0.04681	1.034252E+9
5741.05	3.8	-0.816321	0.261767	0.004277	0	0.002649	-0.212787	0.046662	1.034253E+9
5861.61	3.9	-0.473547	0.623983	0.004345	0	0.003203	-0.212787	0.046743	1.034253E+9
5980.04	4	-0.515524	0.435705	0.003945	0	0.002607	-0.212787	0.046801	1.034254E+9
6096.26	4.1	-0.634489	0.295717	0.003351	0	0.003208	-0.212787	0.046659	1.034254E+9
6210.24	4.2	-0.531772	0.318962	0.00289	0	0.00354	-0.212787	0.046763	1.034255E+9
6321.91	4.3	-0.41678	0.460097	0.004418	0	0.003458	-0.212787	0.046938	1.034255E+9
6431.22	4.4	-0.452423	0.478742	0.003288	0	0.003021	-0.212787	0.046935	1.034256E+9
6538.11	4.5	-0.290334	0.637809	0.002677	0	0.003929	-0.212787	0.046844	1.034256E+9
6642.54	4.6	-0.284018	0.711889	0.002664	0	0.002509	-0.212787	0.046914	1.034257E+9
6744.44	4.7	-0.059139	0.918905	0.002112	0	0.002845	-0.212787	0.04675	1.034257E+9
6843.76	4.8	-0.238961	0.63176	0.003303	0	0.003514	-0.212787	0.046901	1.034258E+9
6940.45	4.9	-0.035222	0.722652	0.002896	0	0.002144	-0.212787	0.046739	1.034258E+9
7034.46	5	0.269045	1.143911	0.002274	0	0.003295	-0.212787	0.046737	1.034259E+9
7125.71	5.1	0.055829	0.933665	0.003226	0	0.002004	-0.212787	0.04682	1.034259E+9
7214.18	5.2	0.189449	1.002712	0.00271	0	0.002432	-0.212787	0.046874	1.03426E+9
7299.79	5.3	0.45074	1.399699	0.000962	0	0.00241	-0.212787	0.04688	1.03426E+9
7382.49	5.4	0.571482	1.181123	0.005072	0	0.002333	-0.212787	0.046727	1.034261E+9
7462.23	5.5	0.5089	1.206697	0.003183	0	0.003304	-0.212787	0.046847	1.034262E+9
7538.96	5.6	0.540878	1.356003	0.002381	0	0.004158	-0.212787	0.046943	1.034262E+9
7612.62	5.7	0.635906	1.479619	0.00289	0	0.003618	-0.212787	0.04672	1.034263E+9
7683.15	5.8	0.625185	1.464149	0.002921	0	0.002902	-0.212787	0.046778	1.034263E+9
7750.51	5.9	0.703481	1.470974	0.00264	0	0.00189	-0.212787	0.046696	1.034264E+9
7814.63	6	1.01828	1.779481	0.002739	0	0.003687	-0.212787	0.046773	1.034264E+9
