25/05/2022	20:49

Si\Ta3\(Co90Tb10)75\Pt3-20220525_APEJ3

Field	Kepco	Channel A	Channel B	Agilent	0	RF out	Monitor+	Monitor-	Time
7814.63	6	5.624929	-0.55246	-0.000928	0	-0.000944	-0.212787	0.092825	3.487946E+9
7612.62	5.7	5.632833	-0.555777	-0.001328	0	-0.001606	-0.212787	0.093136	3.487946E+9
7382.49	5.4	5.63783	-0.554438	-0.001052	0	-0.001501	-0.212787	0.092891	3.487946E+9
7125.71	5.1	5.640728	-0.557957	-0.001189	0	-0.00166	-0.212787	0.092939	3.487947E+9
6843.76	4.8	5.646586	-0.556703	-0.001509	0	-0.000755	-0.212787	0.093367	3.487947E+9
6538.11	4.5	5.646595	-0.558675	-6.4E-5	0	-0.001922	-0.212787	0.093147	3.487948E+9
6210.24	4.2	5.646365	-0.558925	-0.001777	0	-0.001339	-0.212787	0.093266	3.487948E+9
5861.61	3.9	5.650825	-0.558876	-0.000998	0	-0.001185	-0.212787	0.093307	3.487948E+9
5493.71	3.6	5.656261	-0.555348	-0.00048	0	-0.000371	-0.212787	0.0928	3.487949E+9
5108.01	3.3	5.656056	-0.557089	-0.00096	0	-0.001682	-0.212787	0.093404	3.487949E+9
4705.98	3	5.661715	-0.559974	-0.001694	0	-0.001285	-0.212787	0.093125	3.48795E+9
4568.59	2.9	5.661439	-0.560325	1.3E-5	0	-0.001516	-0.212787	0.092902	3.48795E+9
4429.62	2.8	5.659315	-0.557746	-0.001352	0	-0.001777	-0.212787	0.093249	3.48795E+9
4289.09	2.7	5.66178	-0.556063	-0.001068	0	-0.001785	-0.212787	0.092931	3.487951E+9
4147.09	2.6	5.658353	-0.558841	-0.000723	0	-0.000721	-0.212787	0.093079	3.487951E+9
4003.65	2.5	5.660302	-0.554338	-0.001283	0	-0.001916	-0.212787	0.093465	3.487952E+9
3858.83	2.4	5.664789	-0.552155	-0.001834	0	-0.001175	-0.212787	0.093356	3.487952E+9
3712.69	2.3	5.661261	-0.555488	-0.00138	0	-0.000413	-0.212787	0.093197	3.487952E+9
3565.29	2.2	5.661793	-0.559513	-0.000138	0	-0.001729	-0.212787	0.092949	3.487953E+9
3416.67	2.1	5.659243	-0.559055	-0.001392	0	-0.001299	-0.212787	0.093122	3.487953E+9
3266.89	2	5.662459	-0.557314	-0.000901	0	-0.001781	-0.212787	0.092764	3.487954E+9
3116	1.9	5.662284	-0.562421	-0.002596	0	-0.001714	-0.212787	0.092943	3.487954E+9
2964.07	1.8	5.662342	-0.559474	-0.001793	0	-0.001638	-0.212787	0.093281	3.487954E+9
2811.14	1.7	5.66412	-0.559107	-0.000793	0	-0.000728	-0.212787	0.093255	3.487955E+9
2657.27	1.6	5.66412	-0.560504	-0.001806	0	-0.001259	-0.212787	0.093173	3.487955E+9
2502.52	1.5	5.663993	-0.560007	-0.001421	0	-0.000845	-0.212787	0.093085	3.487956E+9
2346.93	1.4	5.664211	-0.555641	-0.001512	0	-0.000521	-0.212787	0.093215	3.487956E+9
2190.57	1.3	5.660114	-0.54976	-0.001161	0	-0.000601	-0.212787	0.093283	3.487956E+9
2033.48	1.2	5.666384	-0.556316	-0.001687	0	-0.001392	-0.212787	0.093083	3.487957E+9
1875.73	1.1	5.665273	-0.558441	-0.000749	0	-0.001641	-0.212787	0.092851	3.487957E+9
1717.37	1	5.668008	-0.555975	-0.001306	0	-0.000894	-0.212787	0.093207	3.487958E+9
1558.44	0.9	5.666287	-0.561943	-0.00123	0	-0.000756	-0.212787	0.09329	3.487958E+9
1399.02	0.8	5.668324	-0.560462	-0.001408	0	-0.001464	-0.212787	0.093029	3.487958E+9
1239.14	0.7	5.6646	-0.565017	-0.001784	0	-0.001026	-0.212787	0.093302	3.487959E+9
1078.87	0.6	5.668135	-0.559039	-0.001411	0	-0.00136	-0.212787	0.093174	3.487959E+9
918.26	0.5	5.668925	-0.55593	-0.001494	0	-0.00157	-0.212787	0.092851	3.48796E+9
757.37	0.4	5.670659	-0.559653	-0.001526	0	-0.001514	-0.212787	0.093085	3.48796E+9
596.24	0.3	5.669428	-0.559685	-0.001086	0	-0.001887	-0.212787	0.093191	3.48796E+9
434.94	0.2	5.670711	-0.557171	-0.001119	0	-0.000715	-0.212787	0.093212	3.487961E+9
273.52	0.1	5.670179	-0.561628	-0.000796	0	-0.001177	-0.212787	0.092799	3.487961E+9
112.03	0	5.667242	-0.560689	-0.001611	0	-0.000806	-0.212787	0.093333	3.487962E+9
-49.47	-0.1	5.669789	-0.562544	-0.001548	0	-0.002249	-0.212787	0.093031	3.487962E+9
-210.93	-0.2	5.67257	-0.56285	-0.00202	0	-0.000866	-0.212787	0.093111	3.487962E+9
-372.3	-0.3	5.672069	-0.56243	-0.001208	0	-0.001246	-0.212787	0.09308	3.487963E+9
-533.51	-0.4	5.677683	-0.558301	-0.000943	0	-0.00198	-0.212787	0.093291	3.487963E+9
-694.51	-0.5	5.675045	-0.564513	-0.001472	0	-0.001644	-0.212787	0.093289	3.487964E+9
-855.25	-0.6	5.676247	-0.563288	-0.001087	0	-0.001832	-0.212787	0.092891	3.487964E+9
-1015.68	-0.7	5.672021	-0.561482	-0.002001	0	-0.001151	-0.212787	0.09326	3.487964E+9
-1175.74	-0.8	5.674636	-0.55706	-0.001803	0	-0.001387	-0.212787	0.092753	3.487965E+9
-1335.37	-0.9	0.852815	0.043383	-0.012653	0	-0.012428	-0.212787	0.093044	3.487965E+9
-1494.53	-1	-4.012617	0.455701	-0.013981	0	-0.014092	-0.212787	0.092984	3.487966E+9
-1653.15	-1.1	-5.068498	0.550683	-0.014379	0	-0.014361	-0.212787	0.093487	3.487966E+9
-1811.18	-1.2	-5.55906	0.598112	-0.014513	0	-0.015332	-0.212787	0.093558	3.487966E+9
-1968.57	-1.3	-5.888636	0.635964	-0.01548	0	-0.015005	-0.212787	0.093001	3.487967E+9
-2125.26	-1.4	-6.17004	0.66419	-0.01574	0	-0.015675	-0.212787	0.093403	3.487967E+9
-2281.19	-1.5	-6.345405	0.679553	-0.015156	0	-0.015335	-0.212787	0.093484	3.487968E+9
-2436.33	-1.6	-6.437071	0.68121	-0.015466	0	-0.016024	-0.212787	0.093323	3.487968E+9
-2590.6	-1.7	-6.465423	0.686684	-0.014912	0	-0.015088	-0.212787	0.093119	3.487968E+9
-2743.95	-1.8	-6.4722	0.69225	-0.015317	0	-0.015787	-0.212787	0.093128	3.487969E+9
-2896.33	-1.9	-6.47632	0.692711	-0.015538	0	-0.015268	-0.212787	0.093235	3.487969E+9
-3047.69	-2	-6.475426	0.691028	-0.016004	0	-0.015681	-0.212787	0.09357	3.48797E+9
-3197.97	-2.1	-6.477701	0.685242	-0.015798	0	-0.015673	-0.212787	0.093595	3.48797E+9
-3347.11	-2.2	-6.476346	0.693218	-0.01526	0	-0.015217	-0.212787	0.093532	3.48797E+9
-3495.06	-2.3	-6.478542	0.688289	-0.015562	0	-0.015271	-0.212787	0.093449	3.487971E+9
-3641.77	-2.4	-6.476736	0.690128	-0.01532	0	-0.015681	-0.212787	0.093119	3.487971E+9
-3787.18	-2.5	-6.477207	0.689231	-0.014921	0	-0.015577	-0.212787	0.093072	3.487972E+9
-3931.24	-2.6	-6.474195	0.686564	-0.015325	0	-0.015476	-0.212787	0.093481	3.487972E+9
-4073.89	-2.7	-6.474634	0.69235	-0.015528	0	-0.016587	-0.212787	0.093422	3.487972E+9
-4215.08	-2.8	-6.475449	0.692984	-0.014941	0	-0.015507	-0.212787	0.093036	3.487973E+9
-4354.75	-2.9	-6.474257	0.692399	-0.01514	0	-0.015626	-0.212787	0.093593	3.487973E+9
-4492.85	-3	-6.475144	0.687984	-0.015528	0	-0.01515	-0.212787	0.093606	3.487974E+9
-4897.18	-3.3	-6.471716	0.684452	-0.015307	0	-0.015603	-0.212787	0.093478	3.487974E+9
-5285.39	-3.6	-6.471203	0.689647	-0.015429	0	-0.015122	-0.212787	0.093516	3.487974E+9
-5656.02	-3.9	-6.46773	0.690635	-0.014963	0	-0.015828	-0.212787	0.093087	3.487975E+9
-6007.6	-4.2	-6.469465	0.684751	-0.015033	0	-0.015613	-0.212787	0.093408	3.487975E+9
-6338.64	-4.5	-6.46683	0.685801	-0.014682	0	-0.015591	-0.212787	0.093243	3.487976E+9
-6647.68	-4.8	-6.46772	0.6839	-0.015083	0	-0.016235	-0.212787	0.093102	3.487976E+9
-6933.24	-5.1	-6.462152	0.689748	-0.014974	0	-0.015109	-0.212787	0.0931	3.487976E+9
-7193.84	-5.4	-6.458003	0.687974	-0.015388	0	-0.015899	-0.212787	0.093576	3.487977E+9
-7428.01	-5.7	-6.462922	0.685622	-0.015043	0	-0.015574	-0.212787	0.093498	3.487977E+9
-7634.28	-6	-6.4585	0.687458	-0.015798	0	-0.015485	-0.212787	0.09307	3.487978E+9
-7428.01	-5.7	-6.462646	0.686239	-0.015599	0	-0.015509	-0.212787	0.093403	3.487978E+9
-7193.84	-5.4	-6.465956	0.685274	-0.015399	0	-0.015588	-0.212787	0.093135	3.487978E+9
-6933.24	-5.1	-6.46862	0.688403	-0.015352	0	-0.015381	-0.212787	0.093165	3.487979E+9
-6647.68	-4.8	-6.47029	0.687061	-0.014943	0	-0.015734	-0.212787	0.093163	3.487979E+9
-6338.64	-4.5	-6.472496	0.691869	-0.015964	0	-0.016005	-0.212787	0.093524	3.48798E+9
-6007.6	-4.2	-6.474585	0.687912	-0.014384	0	-0.015628	-0.212787	0.093495	3.48798E+9
-5656.02	-3.9	-6.478779	0.691918	-0.01601	0	-0.015692	-0.212787	0.093527	3.48798E+9
-5285.39	-3.6	-6.482161	0.694949	-0.015613	0	-0.016171	-0.212787	0.093497	3.487981E+9
-4897.18	-3.3	-6.48261	0.694943	-0.015399	0	-0.015946	-0.212787	0.093318	3.487981E+9
-4492.85	-3	-6.486999	0.691473	-0.015577	0	-0.015661	-0.212787	0.093513	3.487982E+9
-4354.75	-2.9	-6.484916	0.695443	-0.0158	0	-0.01566	-0.212787	0.093272	3.487982E+9
-4215.08	-2.8	-6.4849	0.693299	-0.015576	0	-0.015545	-0.212787	0.093567	3.487982E+9
-4073.89	-2.7	-6.487148	0.689664	-0.015397	0	-0.015468	-0.212787	0.093071	3.487983E+9
-3931.24	-2.6	-6.485777	0.688351	-0.015666	0	-0.015973	-0.212787	0.093256	3.487983E+9
-3787.18	-2.5	-6.485897	0.694998	-0.015755	0	-0.015375	-0.212787	0.093518	3.487984E+9
-3641.77	-2.4	-6.485936	0.69416	-0.015417	0	-0.015848	-0.212787	0.093218	3.487984E+9
-3495.06	-2.3	-6.486775	0.693513	-0.015768	0	-0.016314	-0.212787	0.092985	3.487984E+9
-3347.11	-2.2	-6.490423	0.694491	-0.016472	0	-0.015756	-0.212787	0.093486	3.487985E+9
-3197.97	-2.1	-6.487619	0.692756	-0.015979	0	-0.015123	-0.212787	0.093407	3.487985E+9
-3047.69	-2	-6.487366	0.689972	-0.016934	0	-0.015496	-0.212787	0.092996	3.487986E+9
-2896.33	-1.9	-6.489474	0.695411	-0.015244	0	-0.016436	-0.212787	0.093032	3.487986E+9
-2743.95	-1.8	-6.48976	0.692116	-0.015885	0	-0.015923	-0.212787	0.093459	3.487986E+9
-2590.6	-1.7	-6.490836	0.692981	-0.01542	0	-0.016232	-0.212787	0.093496	3.487987E+9
-2436.33	-1.6	-6.488685	0.697048	-0.016256	0	-0.015935	-0.212787	0.093109	3.487987E+9
-2281.19	-1.5	-6.48784	0.692857	-0.015043	0	-0.015434	-0.212787	0.093533	3.487988E+9
-2125.26	-1.4	-6.4903	0.695203	-0.015591	0	-0.015427	-0.212787	0.093411	3.487988E+9
-1968.57	-1.3	-6.491102	0.695297	-0.015763	0	-0.015586	-0.212787	0.093361	3.487988E+9
-1811.18	-1.2	-6.491265	0.693595	-0.015767	0	-0.015714	-0.212787	0.093059	3.487989E+9
-1653.15	-1.1	-6.493506	0.690677	-0.015531	0	-0.015528	-0.212787	0.093136	3.487989E+9
-1494.53	-1	-6.49081	0.693127	-0.016075	0	-0.015935	-0.212787	0.093026	3.48799E+9
-1335.37	-0.9	-6.491615	0.693085	-0.016029	0	-0.015395	-0.212787	0.093304	3.48799E+9
-1175.74	-0.8	-6.49245	0.687035	-0.016355	0	-0.016134	-0.212787	0.093075	3.48799E+9
-1015.68	-0.7	-6.494403	0.685229	-0.015473	0	-0.015931	-0.212787	0.093461	3.487991E+9
-855.25	-0.6	-6.495085	0.68543	-0.015821	0	-0.016623	-0.212787	0.09351	3.487991E+9
-694.51	-0.5	-6.495995	0.68994	-0.016029	0	-0.015948	-0.212787	0.093509	3.487992E+9
-533.51	-0.4	-6.497486	0.695193	-0.015418	0	-0.015983	-0.212787	0.093419	3.487992E+9
-372.3	-0.3	-6.496031	0.691665	-0.016442	0	-0.016151	-0.212787	0.093543	3.487992E+9
-210.93	-0.2	-6.498633	0.695745	-0.01609	0	-0.016248	-0.212787	0.093311	3.487993E+9
-49.47	-0.1	-6.498763	0.687467	-0.01632	0	-0.015203	-0.212787	0.093544	3.487993E+9
112.03	0	-6.499429	0.690138	-0.015489	0	-0.016706	-0.212787	0.093301	3.487994E+9
273.52	0.1	-6.498129	0.694053	-0.016539	0	-0.01554	-0.212787	0.093513	3.487994E+9
434.94	0.2	-6.497694	0.692116	-0.016095	0	-0.015726	-0.212787	0.093491	3.487994E+9
596.24	0.3	-6.496804	0.693198	-0.016471	0	-0.016003	-0.212787	0.093014	3.487995E+9
757.37	0.4	-3.45402	0.274954	-0.006576	0	-0.006122	-0.212787	0.092795	3.487995E+9
918.26	0.5	2.236558	-0.236176	-0.004546	0	-0.003896	-0.212787	0.093243	3.487996E+9
1078.87	0.6	3.849284	-0.383841	-0.003877	0	-0.002956	-0.212787	0.093228	3.487996E+9
1239.14	0.7	4.494503	-0.439896	-0.003145	0	-0.001928	-0.212787	0.092786	3.487996E+9
1399.02	0.8	4.905317	-0.482455	-0.002883	0	-0.002238	-0.212787	0.093139	3.487997E+9
1558.44	0.9	5.217532	-0.512253	-0.00159	0	-0.002566	-0.212787	0.093267	3.487997E+9
1717.37	1	5.452871	-0.539231	-0.002563	0	-0.001705	-0.212787	0.092777	3.487998E+9
1875.73	1.1	5.587164	-0.54709	-0.001817	0	-0.001995	-0.212787	0.093269	3.487998E+9
2033.48	1.2	5.633113	-0.555082	-0.001577	0	-0.001205	-0.212787	0.093241	3.487998E+9
2190.57	1.3	5.648437	-0.556748	-0.002078	0	-0.001644	-0.212787	0.093135	3.487999E+9
2346.93	1.4	5.6518	-0.5576	-0.001287	0	-0.001949	-0.212787	0.093241	3.487999E+9
2502.52	1.5	5.65552	-0.553737	-0.001604	0	-0.001705	-0.212787	0.092801	3.488E+9
2657.27	1.6	5.655039	-0.560303	-0.001609	0	-0.000724	-0.212787	0.09291	3.488E+9
2811.14	1.7	5.654958	-0.5599	-0.001534	0	-0.001487	-0.212787	0.093123	3.488E+9
2964.07	1.8	5.653671	-0.555741	-0.002261	0	-0.001388	-0.212787	0.092778	3.488001E+9
3116	1.9	5.650851	-0.555917	-0.001424	0	-0.000708	-0.212787	0.093214	3.488001E+9
3266.89	2	5.654422	-0.558516	-0.001331	0	-0.001346	-0.212787	0.092734	3.488002E+9
3416.67	2.1	5.651374	-0.55374	-0.002498	0	-0.001429	-0.212787	0.093182	3.488002E+9
3565.29	2.2	5.653753	-0.553789	-0.000807	0	-0.001407	-0.212787	0.093313	3.488002E+9
3712.69	2.3	5.653753	-0.555546	-0.001335	0	-0.000988	-0.212787	0.093263	3.488003E+9
3858.83	2.4	5.648376	-0.561183	-0.00265	0	-0.001682	-0.212787	0.093163	3.488003E+9
4003.65	2.5	5.649795	-0.557197	-0.001492	0	-0.001197	-0.212787	0.09283	3.488004E+9
4147.09	2.6	5.654217	-0.556349	-0.001251	0	-0.002242	-0.212787	0.0933	3.488004E+9
4289.09	2.7	5.650861	-0.558467	-0.001688	0	-0.000966	-0.212787	0.093334	3.488004E+9
4429.62	2.8	5.648905	-0.555134	-0.000204	0	-0.00212	-0.212787	0.09279	3.488005E+9
4568.59	2.9	5.653717	-0.553867	-0.002438	0	-0.001072	-0.212787	0.093311	3.488005E+9
4705.98	3	5.649867	-0.555075	-0.000676	0	-0.002041	-0.212787	0.09282	3.488006E+9
5108.01	3.3	5.644906	-0.552051	-0.002564	0	-0.001469	-0.212787	0.093257	3.488006E+9
5493.71	3.6	5.642944	-0.559282	-0.000432	0	-0.001104	-0.212787	0.093287	3.488006E+9
5861.61	3.9	5.641491	-0.55975	-0.00049	0	-0.001292	-0.212787	0.092861	3.488007E+9
6210.24	4.2	5.639607	-0.558993	-0.00193	0	-0.001097	-0.212787	0.093212	3.488007E+9
6538.11	4.5	5.63718	-0.55683	-0.001261	0	-0.00209	-0.212787	0.092855	3.488008E+9
6843.76	4.8	5.631719	-0.559445	-0.001329	0	-0.001404	-0.212787	0.09326	3.488008E+9
7125.71	5.1	5.633788	-0.556284	-0.001976	0	-0.000978	-0.212787	0.093367	3.488008E+9
7382.49	5.4	5.633421	-0.555666	-0.000236	0	-0.001499	-0.212787	0.093116	3.488009E+9
7612.62	5.7	5.631394	-0.554513	-0.001652	0	-0.00115	-0.212787	0.093181	3.488009E+9
7814.63	6	5.628447	-0.557005	-0.000932	0	-0.001258	-0.212787	0.093179	3.48801E+9
