16/05/2022	13:29

Si\Ta3\(Co88Tb12)88\Pt3-20220511_APEJ5

Field	Kepco	Channel A	Channel B	Agilent	0	RF out	Monitor+	Monitor-	Time
8265.94	7	-2.938782	-3.941861	0.00083	0	0.001367	-0.212787	0.03307	2.684712E+9
8186.93	6.75	-2.887971	-4.034845	0.001597	0	0.001246	-0.212787	0.03309	2.684713E+9
8084.8	6.5	-2.92707	-4.009992	0.000944	0	0.001006	-0.212787	0.033059	2.684714E+9
7960.42	6.25	-2.85918	-3.95153	0.000738	0	0.001445	-0.212787	0.033085	2.684715E+9
7814.63	6	-2.923656	-3.976542	0.001421	0	0.001743	-0.212787	0.033094	2.684716E+9
7648.28	5.75	-2.821286	-3.909692	0.001379	0	0.000935	-0.212787	0.033116	2.684717E+9
7462.23	5.5	-2.933435	-3.994602	0.001236	0	0.001263	-0.212787	0.033078	2.684718E+9
7257.34	5.25	-2.898104	-3.984258	0.001009	0	0.001506	-0.212787	0.033104	2.684719E+9
7034.46	5	-2.866958	-3.918077	0.00148	0	0.001259	-0.212787	0.033149	2.68472E+9
6794.43	4.75	-2.900421	-3.906605	0.001042	0	0.000998	-0.212787	0.033111	2.684721E+9
6538.11	4.5	-2.842299	-3.864988	0.000859	0	0.001517	-0.212787	0.033086	2.684722E+9
6266.37	4.25	-2.797105	-3.821746	0.001123	0	0.001699	-0.212787	0.033166	2.684723E+9
5980.04	4	-2.744517	-3.74884	0.001185	0	0.001144	-0.212787	0.033149	2.684724E+9
5679.98	3.75	-2.681266	-3.652714	0.00156	0	0.00084	-0.212787	0.033126	2.684725E+9
5367.05	3.5	-2.684944	-3.720098	0.001163	0	0.001092	-0.212787	0.033203	2.684726E+9
5042.1	3.25	-2.554092	-3.595457	0.000687	0	0.001222	-0.212787	0.03314	2.684727E+9
4705.98	3	-2.371327	-3.460846	0.001011	0	0.001105	-0.212787	0.033176	2.684728E+9
4359.54	2.75	-2.354514	-3.332005	0.000653	0	0.000935	-0.212787	0.033171	2.684729E+9
4003.65	2.5	-2.184339	-3.209512	0.000475	0	0.001319	-0.212787	0.033174	2.68473E+9
3639.15	2.25	-1.959496	-2.931486	0.000591	0	0.000878	-0.212787	0.033237	2.684731E+9
3266.89	2	-1.772583	-2.811244	0.001421	0	0.000709	-0.212787	0.0332	2.684732E+9
2887.73	1.75	-1.575637	-2.7002	0.001073	0	-0.0009	-0.212787	0.033195	2.684733E+9
2502.52	1.5	-1.599434	-2.572918	0.000507	0	0.000369	-0.212787	0.033158	2.684734E+9
2112.11	1.25	-1.358676	-2.384446	0.000476	0	0.000761	-0.212787	0.033178	2.684735E+9
1717.37	1	-1.219932	-2.239815	0.001149	0	0.000833	-0.212787	0.033193	2.684736E+9
1319.13	0.75	-1.073892	-2.06348	0.000114	0	-0.000153	-0.212787	0.033205	2.684737E+9
918.26	0.5	-0.85286	-1.81893	0.00028	0	-0.00016	-0.212787	0.033227	2.684738E+9
515.61	0.25	-0.545693	-1.603557	8E-5	0	0.000485	-0.212787	0.033199	2.684739E+9
112.03	0	-0.444886	-1.403301	-0.000432	0	0.00011	-0.212787	0.033187	2.68474E+9
-291.63	-0.25	-0.25254	-1.203925	-0.000459	0	5.5E-5	-0.212787	0.033193	2.684741E+9
-694.51	-0.5	-0.020297	-1.082628	0.00028	0	0.000437	-0.212787	0.033225	2.684742E+9
-1095.76	-0.75	0.029403	-1.082563	0.00062	0	0.000523	-0.212787	0.033159	2.684743E+9
-1494.53	-1	0.135434	-0.964174	0.000367	0	0.00067	-0.212787	0.033137	2.684744E+9
-1889.96	-1.25	0.250383	-0.891706	0.00038	0	0.000824	-0.212787	0.033156	2.684745E+9
-2281.19	-1.5	0.295665	-0.758863	0.001137	0	0.000599	-0.212787	0.033205	2.684746E+9
-2667.39	-1.75	0.385433	-0.682116	0.000208	0	0.00056	-0.212787	0.033187	2.684747E+9
-3047.69	-2	0.435282	-0.650463	0.000859	0	0.001147	-0.212787	0.033211	2.684748E+9
-3421.24	-2.25	0.506525	-0.571644	0.000814	0	0.000805	-0.212787	0.033193	2.684749E+9
-3787.18	-2.5	0.672731	-0.536989	0.000999	0	0.000981	-0.212787	0.033133	2.68475E+9
-4144.67	-2.75	0.655821	-0.494768	0.000544	0	0.001353	-0.212787	0.033131	2.684751E+9
-4492.85	-3	0.815369	-0.352876	0.001354	0	0.001343	-0.212787	0.033147	2.684752E+9
-4830.87	-3.25	0.762498	-0.425123	0.001033	0	0.001195	-0.212787	0.033162	2.684753E+9
-5157.87	-3.5	0.779853	-0.236212	0.001143	0	0.001068	-0.212787	0.033134	2.684754E+9
-5473	-3.75	0.921657	-0.238317	0.001152	0	0.000786	-0.212787	0.033145	2.684755E+9
-5775.41	-4	0.942716	-0.204822	0.001118	0	0.001821	-0.212787	0.033159	2.684756E+9
-6064.24	-4.25	0.961075	-0.102985	0.00103	0	0.00132	-0.212787	0.033129	2.684757E+9
-6338.64	-4.5	1.077457	-0.164924	0.00103	0	0.001166	-0.212787	0.033116	2.684758E+9
-6597.76	-4.75	1.078837	-0.043727	0.000484	0	0.001332	-0.212787	0.033112	2.684759E+9
-6840.75	-5	1.149463	-0.097589	0.00199	0	0.001191	-0.212787	0.033136	2.68476E+9
-7066.75	-5.25	1.132524	-0.092846	0.001846	0	0.001914	-0.212787	0.033155	2.684761E+9
-7274.9	-5.5	1.002494	-0.074136	0.002537	0	0.001391	-0.212787	0.033115	2.684762E+9
-7464.36	-5.75	1.02403	-0.04951	0.002032	0	0.001777	-0.212787	0.033172	2.684763E+9
-7634.28	-6	1.139392	-0.148803	0.001137	0	0.002065	-0.212787	0.033095	2.684764E+9
-7783.79	-6.25	1.153193	-0.064753	0.002622	0	0.001344	-0.212787	0.033157	2.684765E+9
-7912.04	-6.5	1.041369	-0.067554	0.002502	0	0.001239	-0.212787	0.033105	2.684766E+9
-8018.19	-6.75	1.121023	-0.114272	0.002305	0	0.001249	-0.212787	0.033162	2.684767E+9
-8101.38	-7	1.01865	-0.063096	0.001966	0	0.001852	-0.212787	0.033136	2.684768E+9
-8018.19	-6.75	1.098369	-0.118073	0.002629	0	0.001293	-0.212787	0.033124	2.684769E+9
-7912.04	-6.5	1.028858	-0.19643	0.002941	0	0.000847	-0.212787	0.033149	2.68477E+9
-7783.79	-6.25	0.951523	-0.164628	0.001897	0	0.001865	-0.212787	0.033095	2.684771E+9
-7634.28	-6	1.03134	-0.157575	0.002349	0	0.001599	-0.212787	0.033114	2.684772E+9
-7464.36	-5.75	0.812507	-0.320879	0.001987	0	0.001756	-0.212787	0.033139	2.684773E+9
-7274.9	-5.5	0.949805	-0.303374	0.002074	0	0.001521	-0.212787	0.033173	2.684774E+9
-7066.75	-5.25	0.859452	-0.383665	0.00119	0	0.001714	-0.212787	0.033128	2.684775E+9
-6840.75	-5	0.849644	-0.325382	0.001745	0	0.001533	-0.212787	0.03306	2.684776E+9
-6597.76	-4.75	0.759071	-0.457949	0.001487	0	0.001717	-0.212787	0.033133	2.684777E+9
-6338.64	-4.5	0.748581	-0.482594	0.001875	0	0.001741	-0.212787	0.033113	2.684778E+9
-6064.24	-4.25	0.670239	-0.613404	0.002153	0	0.00166	-0.212787	0.033153	2.684779E+9
-5775.41	-4	0.585543	-0.593931	0.002433	0	0.002065	-0.212787	0.033235	2.68478E+9
-5473	-3.75	0.482903	-0.713048	0.002617	0	0.001568	-0.212787	0.033132	2.684781E+9
-5157.87	-3.5	0.345775	-0.836762	0.001935	0	0.001553	-0.212787	0.033135	2.684782E+9
-4830.87	-3.25	0.361265	-0.876827	0.002554	0	0.001778	-0.212787	0.033204	2.684783E+9
-4492.85	-3	0.235442	-0.981916	0.002889	0	0.001574	-0.212787	0.033242	2.684784E+9
-4144.67	-2.75	0.157776	-1.120058	0.002052	0	0.001674	-0.212787	0.033149	2.684785E+9
-3787.18	-2.5	0.028477	-1.141328	0.00167	0	0.00181	-0.212787	0.033183	2.684786E+9
-3421.24	-2.25	-0.056245	-1.205183	0.00177	0	0.001285	-0.212787	0.033149	2.684787E+9
-3047.69	-2	-0.130155	-1.392967	0.002059	0	0.001628	-0.212787	0.033212	2.684788E+9
-2667.39	-1.75	-0.27216	-1.544868	0.002592	0	0.001511	-0.212787	0.033221	2.684789E+9
-2281.19	-1.5	-0.418538	-1.583038	0.001831	0	0.001182	-0.212787	0.03318	2.68479E+9
-1889.96	-1.25	-0.542363	-1.778846	0.001427	0	0.001751	-0.212787	0.033221	2.684791E+9
-1494.53	-1	-0.668523	-1.828069	0.002287	0	0.002089	-0.212787	0.033153	2.684792E+9
-1095.76	-0.75	-0.713334	-2.006633	0.002185	0	0.001374	-0.212787	0.033201	2.684793E+9
-694.51	-0.5	-0.909714	-2.081946	0.002215	0	0.001974	-0.212787	0.033165	2.684794E+9
-291.63	-0.25	-1.07169	-2.242057	0.001849	0	0.001338	-0.212787	0.033195	2.684795E+9
112.03	0	-1.265711	-2.47778	0.00225	0	0.001381	-0.212787	0.033224	2.684796E+9
515.61	0.25	-1.409185	-2.611745	0.001551	0	0.000857	-0.212787	0.033216	2.684797E+9
918.26	0.5	-1.596121	-2.861854	0.001931	0	0.001495	-0.212787	0.033216	2.684798E+9
1319.13	0.75	-1.70515	-2.918877	0.002335	0	0.002084	-0.212787	0.033231	2.684799E+9
1717.37	1	-1.863088	-3.015191	0.002535	0	0.001754	-0.212787	0.033198	2.6848E+9
2112.11	1.25	-2.115117	-3.336017	0.002891	0	0.00179	-0.212787	0.033204	2.684801E+9
2502.52	1.5	-2.254636	-3.409771	0.002017	0	0.002056	-0.212787	0.033207	2.684802E+9
2887.73	1.75	-2.431924	-3.675313	0.002069	0	0.002174	-0.212787	0.033223	2.684803E+9
3266.89	2	-2.524336	-3.902544	0.002307	0	0.001936	-0.212787	0.033159	2.684804E+9
3639.15	2.25	-2.651556	-3.913457	0.002308	0	0.002025	-0.212787	0.03316	2.684805E+9
4003.65	2.5	-2.814246	-3.957491	0.001242	0	0.001792	-0.212787	0.033154	2.684806E+9
4359.54	2.75	-2.85599	-4.014599	0.002122	0	0.00189	-0.212787	0.033157	2.684807E+9
4705.98	3	-2.956521	-4.200457	0.002389	0	0.001279	-0.212787	0.033181	2.684808E+9
5042.1	3.25	-2.96873	-4.238344	0.003046	0	0.001243	-0.212787	0.033132	2.684809E+9
5367.05	3.5	-2.996098	-4.21147	0.002034	0	0.002036	-0.212787	0.033133	2.68481E+9
5679.98	3.75	-3.04161	-4.282899	0.002626	0	0.001804	-0.212787	0.033164	2.684811E+9
5980.04	4	-3.135205	-4.23736	0.001833	0	0.001959	-0.212787	0.033091	2.684812E+9
6266.37	4.25	-3.048423	-4.247152	0.001959	0	0.001833	-0.212787	0.033094	2.684813E+9
6538.11	4.5	-3.083595	-4.287577	0.001903	0	0.002113	-0.212787	0.033178	2.684814E+9
6794.43	4.75	-3.120686	-4.285355	0.002603	0	0.00204	-0.212787	0.033184	2.684815E+9
7034.46	5	-3.03394	-4.23481	0.002376	0	0.001732	-0.212787	0.033136	2.684816E+9
7257.34	5.25	-3.041597	-4.22059	0.002126	0	0.002396	-0.212787	0.03315	2.684817E+9
7462.23	5.5	-3.046061	-4.297746	0.001957	0	0.001933	-0.212787	0.033093	2.684818E+9
7648.28	5.75	-3.102902	-4.26107	0.001974	0	0.002216	-0.212787	0.033143	2.684819E+9
7814.63	6	-3.041627	-4.253091	0.002348	0	0.001781	-0.212787	0.033155	2.68482E+9
7960.42	6.25	-3.07468	-4.156189	0.001953	0	0.001959	-0.212787	0.03307	2.684821E+9
8084.8	6.5	-3.014158	-4.21803	0.002377	0	0.002079	-0.212787	0.033108	2.684822E+9
8186.93	6.75	-3.044625	-4.154233	0.002124	0	0.002041	-0.212787	0.033163	2.684823E+9
8265.94	7	-2.921297	-4.122947	0.00232	0	0.001783	-0.212787	0.033091	2.684824E+9
