06/05/2022	10:12

Co88Tb12_35_20210602_CVMH2

Field	Kepco	Channel A	Channel B	Agilent	0	RF out	Monitor+	Monitor-	Time
8265.94	7	-0.278342	3.35411	-0.00034	0	-2.9E-5	-0.212787	0.037523	1.808814E+9
8204.61	6.8	-0.29187	3.353619	0.00035	0	0.000204	-0.212787	0.037422	1.808815E+9
8128.37	6.6	-0.255036	3.35242	0.000696	0	0.000355	-0.212787	0.037456	1.808816E+9
8037.67	6.4	-0.254158	3.354087	0.000327	0	-0.000936	-0.212787	0.037441	1.808817E+9
7932.95	6.2	-0.269187	3.390568	-0.000873	0	-0.000835	-0.212787	0.037345	1.808818E+9
7814.63	6	-0.280607	3.385292	-0.000941	0	-0.000849	-0.212787	0.037519	1.808819E+9
7683.15	5.8	-0.308719	3.402611	-0.00102	0	-0.000275	-0.212787	0.037532	1.80882E+9
7538.96	5.6	-0.259162	3.416952	-0.000649	0	-0.000499	-0.212787	0.037526	1.808821E+9
7382.49	5.4	-0.260848	3.422543	0.000125	0	-0.000424	-0.212787	0.037354	1.808822E+9
7214.18	5.2	-0.247238	3.445327	-0.000657	0	-0.000238	-0.212787	0.037439	1.808823E+9
7034.46	5	-0.2309	3.455346	-0.000561	0	0.000478	-0.212787	0.037475	1.808824E+9
6843.76	4.8	-0.201541	3.471896	0.000835	0	8.8E-5	-0.212787	0.03748	1.808825E+9
6642.54	4.6	-0.194923	3.466217	0.000286	0	-0.001028	-0.212787	0.037395	1.808826E+9
6431.22	4.4	-0.17699	3.500053	-0.000835	0	-0.000209	-0.212787	0.037504	1.808827E+9
6210.24	4.2	-0.1393	3.48416	0.000253	0	0.000607	-0.212787	0.037529	1.808828E+9
5980.04	4	-0.152114	3.546118	0.000447	0	0.000126	-0.212787	0.037408	1.808829E+9
5741.05	3.8	-0.151837	3.555981	0.000539	0	-0.000303	-0.212787	0.037429	1.80883E+9
5493.71	3.6	-0.187662	3.521329	-0.000248	0	-0.000879	-0.212787	0.037475	1.808831E+9
5238.46	3.4	-0.151591	3.513467	-0.000508	0	0.000186	-0.212787	0.037514	1.808832E+9
4975.74	3.2	-0.196135	3.502197	0.000312	0	-0.000481	-0.212787	0.037345	1.808833E+9
4705.98	3	-0.183939	3.528006	-3E-5	0	-0.000317	-0.212787	0.037387	1.808834E+9
4429.62	2.8	-0.125802	3.556644	-3.6E-5	0	-0.000202	-0.212787	0.037512	1.808835E+9
4147.09	2.6	-0.137546	3.544643	-0.000533	0	-0.000207	-0.212787	0.037511	1.808836E+9
3858.83	2.4	-0.158546	3.53887	0.001056	0	-0.000324	-0.212787	0.037599	1.808837E+9
3565.29	2.2	-0.166499	3.539643	0.000202	0	0.000441	-0.212787	0.03745	1.808838E+9
3266.89	2	-0.154212	3.563876	0.000901	0	1.4E-5	-0.212787	0.037624	1.808839E+9
2964.07	1.8	-0.171379	3.552141	1.1E-5	0	-0.000455	-0.212787	0.037525	1.80884E+9
2657.27	1.6	-0.15944	3.557083	-0.000483	0	1.5E-5	-0.212787	0.037567	1.808841E+9
2346.93	1.4	-0.13662	3.573668	-0.000689	0	0.000753	-0.212787	0.037396	1.808842E+9
2033.48	1.2	-0.093473	3.594516	0.000417	0	-0.000315	-0.212787	0.037529	1.808843E+9
1717.37	1	-0.067154	3.639762	0.00052	0	-0.000826	-0.212787	0.037474	1.808844E+9
1399.02	0.8	-0.034634	3.685248	0.000362	0	0.000514	-0.212787	0.037583	1.808845E+9
1078.87	0.6	0.022763	3.716915	-8E-6	0	-0.000802	-0.212787	0.037574	1.808846E+9
757.37	0.4	0.098398	3.783785	-9.9E-5	0	0.000537	-0.212787	0.037477	1.808847E+9
434.94	0.2	0.168208	3.825799	0.000844	0	0.00024	-0.212787	0.037537	1.808848E+9
112.03	0	0.208815	3.878849	0.000658	0	-0.000449	-0.212787	0.037585	1.808849E+9
-210.93	-0.2	0.270575	3.949406	0.000173	0	-1.6E-5	-0.212787	0.037631	1.80885E+9
-533.51	-0.4	0.30624	3.992401	0.000118	0	0.000886	-0.212787	0.037618	1.808851E+9
-855.25	-0.6	0.329531	4.053222	7E-6	0	0.000758	-0.212787	0.037571	1.808852E+9
-1175.74	-0.8	0.419116	4.135388	0.000834	0	0.000497	-0.212787	0.037574	1.808853E+9
-1494.53	-1	0.466581	4.218873	0.001073	0	0.000388	-0.212787	0.037639	1.808854E+9
-1811.18	-1.2	0.500535	4.265429	0.00093	0	0.000303	-0.212787	0.037588	1.808855E+9
-2125.26	-1.4	0.532737	4.312199	0.000893	0	0.001269	-0.212787	0.037632	1.808856E+9
-2436.33	-1.6	0.547538	4.355392	0.001648	0	0.000856	-0.212787	0.037437	1.808858E+9
-2743.95	-1.8	0.598925	4.382013	0.001301	0	0.001542	-0.212787	0.037626	1.808858E+9
-3047.69	-2	0.629759	4.406401	0.001544	0	0.000625	-0.212787	0.037683	1.808859E+9
-3347.11	-2.2	0.627023	4.430144	0.00118	0	0.000921	-0.212787	0.037629	1.80886E+9
-3641.77	-2.4	0.636773	4.43195	0.000125	0	0.001217	-0.212787	0.037421	1.808861E+9
-3931.24	-2.6	0.666967	4.451485	0.000777	0	0.001356	-0.212787	0.037471	1.808862E+9
-4215.08	-2.8	0.656717	4.43593	0.001503	0	0.000722	-0.212787	0.03767	1.808863E+9
-4492.85	-3	0.683036	4.461644	0.001467	0	0.000762	-0.212787	0.037487	1.808864E+9
-4764.12	-3.2	0.702854	4.455631	0.001821	0	0.00084	-0.212787	0.037605	1.808865E+9
-5028.44	-3.4	0.67417	4.458844	0.001206	0	0.000727	-0.212787	0.037596	1.808866E+9
-5285.39	-3.6	0.671805	4.452528	0.001081	0	0.001483	-0.212787	0.037589	1.808867E+9
-5534.53	-3.8	0.674527	4.440345	0.00222	0	0.000786	-0.212787	0.037459	1.808868E+9
-5775.41	-4	0.654408	4.438071	0.001234	0	0.000443	-0.212787	0.037554	1.808869E+9
-6007.6	-4.2	0.666178	4.409978	0.000848	0	0.000972	-0.212787	0.037488	1.80887E+9
-6230.67	-4.4	0.654278	4.429124	0.000902	0	0.001375	-0.212787	0.037347	1.808871E+9
-6444.17	-4.6	0.655275	4.413422	0.000455	0	0.001579	-0.212787	0.037443	1.808872E+9
-6647.68	-4.8	0.669287	4.418588	0.00096	0	0.001703	-0.212787	0.037443	1.808873E+9
-6840.75	-5	0.648033	4.425972	0.001008	0	0.000709	-0.212787	0.037544	1.808874E+9
-7022.95	-5.2	0.640795	4.434959	0.000222	0	0.000668	-0.212787	0.037338	1.808875E+9
-7193.84	-5.4	0.658641	4.434942	0.000474	0	0.001186	-0.212787	0.037541	1.808876E+9
-7352.98	-5.6	0.636893	4.448279	0.000264	0	0.001103	-0.212787	0.037431	1.808877E+9
-7499.94	-5.8	0.642069	4.444877	0.000342	0	0.000538	-0.212787	0.037394	1.808878E+9
-7634.28	-6	0.640243	4.482073	0.001117	0	0.000833	-0.212787	0.03741	1.808879E+9
-7755.56	-6.2	0.638612	4.454471	0.000357	0	0.000994	-0.212787	0.037324	1.80888E+9
-7863.34	-6.4	0.635649	4.467148	0.000168	0	0.00116	-0.212787	0.037425	1.808881E+9
-7957.2	-6.6	0.653072	4.467112	0.001251	0	0.000793	-0.212787	0.037474	1.808882E+9
-8036.69	-6.8	0.6461	4.453236	0.001296	0	0.000888	-0.212787	0.037492	1.808883E+9
-8101.38	-7	0.647062	4.464062	0.000559	0	0.000903	-0.212787	0.037517	1.808884E+9
-8036.69	-6.8	0.646415	4.479259	0.000285	0	0.000942	-0.212787	0.037513	1.808885E+9
-7957.2	-6.6	0.629411	4.466657	0.00077	0	0.001099	-0.212787	0.037523	1.808886E+9
-7863.34	-6.4	0.616514	4.448207	0.001024	0	0.000585	-0.212787	0.037433	1.808887E+9
-7755.56	-6.2	0.603983	4.44656	0.000416	0	0.000486	-0.212787	0.037355	1.808888E+9
-7634.28	-6	0.605357	4.443081	0.000808	0	0.000273	-0.212787	0.03749	1.808889E+9
-7499.94	-5.8	0.601228	4.444802	0.000202	0	0.000964	-0.212787	0.037502	1.80889E+9
-7352.98	-5.6	0.600328	4.428126	0.000467	0	0.000729	-0.212787	0.037455	1.808892E+9
-7193.84	-5.4	0.60857	4.430553	0.000398	0	0.000611	-0.212787	0.037263	1.808892E+9
-7022.95	-5.2	0.581176	4.385434	0.001188	0	0.000629	-0.212787	0.037368	1.808893E+9
-6840.75	-5	0.609428	4.395174	0.000141	0	0.00032	-0.212787	0.03738	1.808894E+9
-6647.68	-4.8	0.598168	4.385297	0.000748	0	0.001039	-0.212787	0.037311	1.808895E+9
-6444.17	-4.6	0.60382	4.391502	-0.000143	0	0.000867	-0.212787	0.03735	1.808896E+9
-6230.67	-4.4	0.597719	4.376866	0.001438	0	0.000756	-0.212787	0.03733	1.808897E+9
-6007.6	-4.2	0.599844	4.365564	0.000533	0	0.000434	-0.212787	0.03755	1.808898E+9
-5775.41	-4	0.584614	4.380778	5E-5	0	0.000945	-0.212787	0.037531	1.808899E+9
-5534.53	-3.8	0.591566	4.382575	-6.4E-5	0	0.001364	-0.212787	0.037322	1.8089E+9
-5285.39	-3.6	0.611722	4.353186	0.000359	0	0.001261	-0.212787	0.037601	1.808901E+9
-5028.44	-3.4	0.582668	4.38389	0.000227	0	0.000908	-0.212787	0.037517	1.808902E+9
-4764.12	-3.2	0.566979	4.366678	0.000316	0	0.000633	-0.212787	0.037378	1.808903E+9
-4492.85	-3	0.540553	4.363312	0.000183	0	0.000765	-0.212787	0.037604	1.808904E+9
-4215.08	-2.8	0.574286	4.358757	0.001214	0	0.001372	-0.212787	0.037524	1.808905E+9
-3931.24	-2.6	0.549527	4.347484	0.001561	0	0.00111	-0.212787	0.037393	1.808906E+9
-3641.77	-2.4	0.558224	4.330944	0.001659	0	0.000645	-0.212787	0.037598	1.808907E+9
-3347.11	-2.2	0.525313	4.329128	0.000845	0	0.000986	-0.212787	0.037436	1.808908E+9
-3047.69	-2	0.515651	4.32779	0.001352	0	0.000227	-0.212787	0.037416	1.808909E+9
-2743.95	-1.8	0.521814	4.297829	0.000903	0	0.001354	-0.212787	0.037475	1.80891E+9
-2436.33	-1.6	0.488157	4.286208	0.000976	0	0.00072	-0.212787	0.037522	1.808911E+9
-2125.26	-1.4	0.470707	4.245851	0.001173	0	0.001193	-0.212787	0.037449	1.808912E+9
-1811.18	-1.2	0.442479	4.183581	0.001412	0	0.00035	-0.212787	0.037457	1.808913E+9
-1494.53	-1	0.401771	4.131464	0.000156	0	0.000878	-0.212787	0.037508	1.808914E+9
-1175.74	-0.8	0.342643	4.10239	0.001616	0	0.001581	-0.212787	0.037568	1.808915E+9
-855.25	-0.6	0.311818	4.041907	0.001121	0	0.000747	-0.212787	0.037672	1.808916E+9
-533.51	-0.4	0.259912	3.975153	0.001107	0	0.001327	-0.212787	0.037476	1.808917E+9
-210.93	-0.2	0.200485	3.96312	0.000748	0	0.00067	-0.212787	0.037533	1.808918E+9
112.03	0	0.165794	3.933403	0.000847	0	0.001309	-0.212787	0.037508	1.808919E+9
434.94	0.2	0.100234	3.907185	0.001241	0	0.001074	-0.212787	0.037423	1.80892E+9
757.37	0.4	0.023075	3.81908	0.001265	0	0.001482	-0.212787	0.037532	1.808921E+9
1078.87	0.6	-0.045144	3.763915	0.001528	0	0.001034	-0.212787	0.037477	1.808922E+9
1399.02	0.8	-0.097102	3.728925	0.00102	0	0.000789	-0.212787	0.037629	1.808923E+9
1717.37	1	-0.151604	3.690927	0.001371	0	0.001487	-0.212787	0.037608	1.808924E+9
2033.48	1.2	-0.145827	3.646116	0.000829	0	0.001084	-0.212787	0.037492	1.808925E+9
2346.93	1.4	-0.178146	3.630363	0.000766	0	0.001353	-0.212787	0.037566	1.808926E+9
2657.27	1.6	-0.204552	3.602345	0.002242	0	0.001225	-0.212787	0.037626	1.808927E+9
2964.07	1.8	-0.208568	3.599811	0.000843	0	0.000772	-0.212787	0.037424	1.808928E+9
3266.89	2	-0.203682	3.59805	-0.000126	0	0.001265	-0.212787	0.037583	1.808929E+9
3565.29	2.2	-0.204591	3.61215	0.000767	0	0.001367	-0.212787	0.037385	1.80893E+9
3858.83	2.4	-0.180625	3.588755	0.001185	0	0.002018	-0.212787	0.037481	1.808931E+9
4147.09	2.6	-0.193172	3.594512	0.000397	0	0.0007	-0.212787	0.037475	1.808932E+9
4429.62	2.8	-0.190527	3.604502	0.000207	0	0.001111	-0.212787	0.037536	1.808933E+9
4705.98	3	-0.178838	3.607079	0.000266	0	0.001022	-0.212787	0.037322	1.808934E+9
4975.74	3.2	-0.187613	3.618108	0.000884	0	0.001216	-0.212787	0.037537	1.808935E+9
5238.46	3.4	-0.191827	3.617394	0.001402	0	0.000799	-0.212787	0.037555	1.808936E+9
5493.71	3.6	-0.194013	3.624551	0.001694	0	0.000746	-0.212787	0.037581	1.808937E+9
5741.05	3.8	-0.188932	3.630603	0.00139	0	0.001236	-0.212787	0.037434	1.808938E+9
5980.04	4	-0.202798	3.632806	0.001047	0	0.001109	-0.212787	0.037421	1.808939E+9
6210.24	4.2	-0.211914	3.642007	0.000707	0	0.001343	-0.212787	0.037277	1.80894E+9
6431.22	4.4	-0.209448	3.648514	0.001437	0	0.001565	-0.212787	0.037326	1.808941E+9
6642.54	4.6	-0.221947	3.636182	0.001648	0	0.001546	-0.212787	0.037316	1.808942E+9
6843.76	4.8	-0.224377	3.656799	0.000694	0	0.001855	-0.212787	0.037487	1.808943E+9
7034.46	5	-0.237096	3.632455	0.00106	0	0.002003	-0.212787	0.037384	1.808944E+9
7214.18	5.2	-0.218379	3.630899	0.001426	0	0.001645	-0.212787	0.037475	1.808945E+9
7382.49	5.4	-0.220069	3.618667	0.001248	0	0.001218	-0.212787	0.037278	1.808946E+9
7538.96	5.6	-0.204799	3.624934	0.00096	0	0.001168	-0.212787	0.03748	1.808947E+9
7683.15	5.8	-0.215342	3.620428	0.00121	0	0.001808	-0.212787	0.037281	1.808948E+9
7814.63	6	-0.221999	3.641539	0.001044	0	0.00249	-0.212787	0.037511	1.808949E+9
7932.95	6.2	-0.211599	3.619613	0.002112	0	0.002082	-0.212787	0.037347	1.80895E+9
8037.67	6.4	-0.240026	3.632257	0.001992	0	0.001534	-0.212787	0.037502	1.808951E+9
8128.37	6.6	-0.216898	3.634515	0.00207	0	0.001696	-0.212787	0.03745	1.808952E+9
8204.61	6.8	-0.240848	3.633069	0.002211	0	0.0019	-0.212787	0.037293	1.808953E+9
8265.94	7	-0.241699	3.655031	0.001417	0	0.000882	-0.212787	0.037397	1.808954E+9
