05/05/2022	16:14

Co88Tb12_20210514_CVMH2

Field	Kepco	Channel A	Channel B	Agilent	0	RF out	Monitor+	Monitor-	Time
8265.94	7	-0.055091	1.095777	-0.007511	0	-0.007325	-0.212787	0.053244	1.744161E+9
8204.61	6.8	-0.071884	1.089061	-0.006921	0	-0.006693	-0.212787	0.053553	1.744162E+9
8128.37	6.6	-0.069295	1.077687	-0.006689	0	-0.00756	-0.212787	0.053537	1.744163E+9
8037.67	6.4	-0.056508	1.078155	-0.006709	0	-0.006797	-0.212787	0.053499	1.744164E+9
7932.95	6.2	-0.065861	1.067613	-0.007188	0	-0.006906	-0.212787	0.053414	1.744165E+9
7814.63	6	-0.070809	1.05147	-0.006251	0	-0.007228	-0.212787	0.053192	1.744166E+9
7683.15	5.8	-0.070907	1.06028	-0.007697	0	-0.008079	-0.212787	0.053583	1.744167E+9
7538.96	5.6	-0.064302	1.035749	-0.006745	0	-0.006494	-0.212787	0.053498	1.744168E+9
7382.49	5.4	-0.08181	1.045388	-0.006075	0	-0.006848	-0.212787	0.053275	1.744169E+9
7214.18	5.2	-0.077472	1.062408	-0.006169	0	-0.006794	-0.212787	0.053575	1.74417E+9
7034.46	5	-0.083015	1.05415	-0.006723	0	-0.007702	-0.212787	0.053238	1.744171E+9
6843.76	4.8	-0.080815	1.054611	-0.00266	0	-0.0086	-0.212787	0.053487	1.744172E+9
6642.54	4.6	-0.098603	1.061109	-0.00618	0	-0.006122	-0.212787	0.053246	1.744173E+9
6431.22	4.4	-0.096803	1.067249	-0.006414	0	-0.007164	-0.212787	0.053384	1.744174E+9
6210.24	4.2	-0.097193	1.052408	-0.005625	0	-0.00754	-0.212787	0.053312	1.744175E+9
5980.04	4	-0.090617	1.056015	-0.006677	0	-0.006155	-0.212787	0.053342	1.744176E+9
5741.05	3.8	-0.101692	1.051967	-0.006394	0	-0.005801	-0.212787	0.053606	1.744177E+9
5493.71	3.6	-0.12048	1.04632	-0.007863	0	-0.006323	-0.212787	0.053265	1.744178E+9
5238.46	3.4	-0.12126	1.049023	-0.007629	0	-0.005811	-0.212787	0.053564	1.744179E+9
4975.74	3.2	-0.117134	1.032532	-0.006746	0	-0.007211	-0.212787	0.053539	1.74418E+9
4705.98	3	-0.119262	1.020427	-0.007466	0	-0.007209	-0.212787	0.053349	1.744181E+9
4429.62	2.8	-0.125844	1.015041	-0.00703	0	-0.007461	-0.212787	0.053378	1.744182E+9
4147.09	2.6	-0.130295	1.029914	-0.008295	0	-0.007057	-0.212787	0.053603	1.744183E+9
3858.83	2.4	-0.128901	1.006659	-0.006342	0	-0.007736	-0.212787	0.053565	1.744184E+9
3565.29	2.2	-0.137864	1.007594	-0.00814	0	-0.007421	-0.212787	0.053622	1.744185E+9
3266.89	2	-0.130441	1.007081	-0.009237	0	-0.008683	-0.212787	0.053444	1.744186E+9
2964.07	1.8	-0.121357	1.010255	-0.007864	0	-0.00828	-0.212787	0.053381	1.744187E+9
2657.27	1.6	-0.146022	0.992994	-0.00745	0	-0.007629	-0.212787	0.053354	1.744188E+9
2346.93	1.4	-0.140996	0.989557	-0.008047	0	-0.008609	-0.212787	0.053364	1.744189E+9
2033.48	1.2	-0.139898	0.993287	-0.008573	0	-0.008272	-0.212787	0.053361	1.74419E+9
1717.37	1	-0.130379	0.998001	-0.008177	0	-0.00963	-0.212787	0.053683	1.744191E+9
1399.02	0.8	-0.136246	0.987959	-0.008889	0	-0.008658	-0.212787	0.0536	1.744192E+9
1078.87	0.6	-0.12126	0.997757	-0.008354	0	-0.008703	-0.212787	0.053661	1.744193E+9
757.37	0.4	-0.131896	0.993647	-0.009525	0	-0.008868	-0.212787	0.053588	1.744194E+9
434.94	0.2	-0.131971	0.998118	-0.008918	0	-0.00843	-0.212787	0.053474	1.744195E+9
112.03	0	-0.133144	0.993092	-0.008445	0	-0.009444	-0.212787	0.053358	1.744196E+9
-210.93	-0.2	-0.125292	1.005853	-0.008394	0	-0.009956	-0.212787	0.053471	1.744197E+9
-533.51	-0.4	-0.132816	1.009307	-0.009891	0	-0.009198	-0.212787	0.053673	1.744198E+9
-855.25	-0.6	-0.11652	1.014527	-0.009946	0	-0.00935	-0.212787	0.053408	1.744199E+9
-1175.74	-0.8	-0.113521	1.018897	-0.009185	0	-0.010598	-0.212787	0.053439	1.7442E+9
-1494.53	-1	-0.128813	1.020323	-0.00947	0	-0.009656	-0.212787	0.053449	1.744201E+9
-1811.18	-1.2	-0.103966	1.027308	-0.009666	0	-0.008303	-0.212787	0.053749	1.744202E+9
-2125.26	-1.4	-0.112605	1.037331	-0.009411	0	-0.008179	-0.212787	0.053669	1.744203E+9
-2436.33	-1.6	-0.096822	1.04349	-0.008605	0	-0.008952	-0.212787	0.05372	1.744204E+9
-2743.95	-1.8	-0.083574	1.057139	-0.009194	0	-0.008925	-0.212787	0.053799	1.744205E+9
-3047.69	-2	-0.085591	1.049605	-0.007969	0	-0.008893	-0.212787	0.053414	1.744206E+9
-3347.11	-2.2	-0.090929	1.053971	-0.008897	0	-0.008361	-0.212787	0.053515	1.744207E+9
-3641.77	-2.4	-0.090237	1.044247	-0.008144	0	-0.008728	-0.212787	0.053474	1.744208E+9
-3931.24	-2.6	-0.090555	1.040567	-0.009801	0	-0.009286	-0.212787	0.053603	1.744209E+9
-4215.08	-2.8	-0.086436	1.062314	-0.009735	0	-0.008276	-0.212787	0.053408	1.74421E+9
-4492.85	-3	-0.082336	1.050823	-0.009068	0	-0.01006	-0.212787	0.053416	1.744211E+9
-4764.12	-3.2	-0.076095	1.071511	-0.009616	0	-0.009516	-0.212787	0.053592	1.744212E+9
-5028.44	-3.4	-0.070786	1.078678	-0.009633	0	-0.0102	-0.212787	0.0536	1.744213E+9
-5285.39	-3.6	-0.052353	1.073451	-0.009534	0	-0.009707	-0.212787	0.053485	1.744214E+9
-5534.53	-3.8	-0.050975	1.099295	-0.00861	0	-0.01018	-0.212787	0.053351	1.744215E+9
-5775.41	-4	-0.02875	1.105864	-0.010096	0	-0.009577	-0.212787	0.053505	1.744216E+9
-6007.6	-4.2	-0.028656	1.109925	-0.010117	0	-0.010151	-0.212787	0.053633	1.744217E+9
-6230.67	-4.4	-0.023006	1.113798	-0.008866	0	-0.010121	-0.212787	0.053584	1.744218E+9
-6444.17	-4.6	-0.007344	1.112612	-0.01077	0	-0.010993	-0.212787	0.053545	1.744219E+9
-6647.68	-4.8	-0.000697	1.123541	-0.010948	0	-0.010533	-0.212787	0.053511	1.74422E+9
-6840.75	-5	-0.006996	1.142225	-0.009819	0	-0.009332	-0.212787	0.053404	1.744221E+9
-7022.95	-5.2	0.007861	1.125565	-0.010526	0	-0.01034	-0.212787	0.053269	1.744222E+9
-7193.84	-5.4	0.006148	1.140237	-0.010076	0	-0.010147	-0.212787	0.053433	1.744223E+9
-7352.98	-5.6	0.007744	1.150925	-0.010704	0	-0.01102	-0.212787	0.053247	1.744224E+9
-7499.94	-5.8	0.003322	1.13832	-0.010985	0	-0.010491	-0.212787	0.053496	1.744225E+9
-7634.28	-6	0.027386	1.139584	-0.009927	0	-0.011101	-0.212787	0.053277	1.744226E+9
-7755.56	-6.2	0.022435	1.141361	-0.009381	0	-0.011003	-0.212787	0.053526	1.744227E+9
-7863.34	-6.4	0.03288	1.150344	-0.011562	0	-0.012077	-0.212787	0.0535	1.744228E+9
-7957.2	-6.6	0.038117	1.152653	-0.010115	0	-0.011335	-0.212787	0.053527	1.744229E+9
-8036.69	-6.8	0.043165	1.158365	-0.010929	0	-0.010919	-0.212787	0.053474	1.74423E+9
-8101.38	-7	0.06003	1.152218	-0.009701	0	-0.01029	-0.212787	0.053386	1.744231E+9
-8036.69	-6.8	0.048743	1.159197	-0.009946	0	-0.010415	-0.212787	0.053209	1.744232E+9
-7957.2	-6.6	0.037788	1.153933	-0.011172	0	-0.010484	-0.212787	0.05343	1.744233E+9
-7863.34	-6.4	0.031655	1.15138	-0.009428	0	-0.01189	-0.212787	0.053214	1.744234E+9
-7755.56	-6.2	0.019332	1.138242	-0.009994	0	-0.011063	-0.212787	0.0535	1.744235E+9
-7634.28	-6	0.024196	1.125133	-0.010781	0	-0.011838	-0.212787	0.053276	1.744236E+9
-7499.94	-5.8	0.015836	1.127777	-0.01036	0	-0.010987	-0.212787	0.053478	1.744237E+9
-7352.98	-5.6	0.009592	1.112414	-0.010718	0	-0.011939	-0.212787	0.053273	1.744238E+9
-7193.84	-5.4	0.005008	1.114269	-0.01039	0	-0.011502	-0.212787	0.053217	1.744239E+9
-7022.95	-5.2	-0.003254	1.113077	-0.010852	0	-0.012039	-0.212787	0.053201	1.74424E+9
-6840.75	-5	-0.005505	1.097986	-0.011502	0	-0.012187	-0.212787	0.053276	1.744241E+9
-6647.68	-4.8	-0.015433	1.107277	-0.010502	0	-0.01192	-0.212787	0.053304	1.744242E+9
-6444.17	-4.6	-0.010963	1.103181	-0.011821	0	-0.011547	-0.212787	0.053302	1.744243E+9
-6230.67	-4.4	-0.035384	1.085751	-0.011158	0	-0.012666	-0.212787	0.053402	1.744244E+9
-6007.6	-4.2	-0.035082	1.095734	-0.010699	0	-0.011675	-0.212787	0.053583	1.744245E+9
-5775.41	-4	-0.038614	1.083607	-0.010561	0	-0.011067	-0.212787	0.053287	1.744246E+9
-5534.53	-3.8	-0.041609	1.082333	-0.011878	0	-0.010171	-0.212787	0.053608	1.744247E+9
-5285.39	-3.6	-0.047684	1.075965	-0.010967	0	-0.01042	-0.212787	0.053578	1.744248E+9
-5028.44	-3.4	-0.048165	1.053279	-0.012562	0	-0.010438	-0.212787	0.0536	1.744249E+9
-4764.12	-3.2	-0.062976	1.055959	-0.012072	0	-0.011174	-0.212787	0.053646	1.74425E+9
-4492.85	-3	-0.054166	1.046996	-0.012241	0	-0.010949	-0.212787	0.053593	1.744251E+9
-4215.08	-2.8	-0.061553	1.044322	-0.011618	0	-0.010795	-0.212787	0.053336	1.744252E+9
-3931.24	-2.6	-0.064792	1.02597	-0.010928	0	-0.010511	-0.212787	0.05349	1.744253E+9
-3641.77	-2.4	-0.078346	1.017042	-0.01115	0	-0.011688	-0.212787	0.053339	1.744254E+9
-3347.11	-2.2	-0.086553	1.012734	-0.011417	0	-0.011204	-0.212787	0.053417	1.744255E+9
-3047.69	-2	-0.087017	1.003943	-0.011915	0	-0.011993	-0.212787	0.053682	1.744256E+9
-2743.95	-1.8	-0.108944	1.000535	-0.011563	0	-0.012155	-0.212787	0.053456	1.744257E+9
-2436.33	-1.6	-0.105818	0.98152	-0.012865	0	-0.010771	-0.212787	0.05351	1.744258E+9
-2125.26	-1.4	-0.111487	0.99047	-0.01241	0	-0.012008	-0.212787	0.053375	1.744259E+9
-1811.18	-1.2	-0.112865	0.983186	-0.012668	0	-0.012319	-0.212787	0.05365	1.74426E+9
-1494.53	-1	-0.127225	0.971341	-0.01161	0	-0.012086	-0.212787	0.053615	1.744261E+9
-1175.74	-0.8	-0.122407	0.960376	-0.012118	0	-0.011477	-0.212787	0.053361	1.744262E+9
-855.25	-0.6	-0.127293	0.965652	-0.011749	0	-0.010723	-0.212787	0.053318	1.744263E+9
-533.51	-0.4	-0.135311	0.959974	-0.012424	0	-0.011893	-0.212787	0.05375	1.744264E+9
-210.93	-0.2	-0.129404	0.966926	-0.011903	0	-0.01121	-0.212787	0.053398	1.744265E+9
112.03	0	-0.139872	0.963921	-0.011332	0	-0.009854	-0.212787	0.053566	1.744266E+9
434.94	0.2	-0.133245	0.959489	-0.010954	0	-0.010642	-0.212787	0.053376	1.744267E+9
757.37	0.4	-0.132358	0.970113	-0.011723	0	-0.010372	-0.212787	0.053698	1.744268E+9
1078.87	0.6	-0.131396	0.957209	-0.011362	0	-0.012116	-0.212787	0.053409	1.744269E+9
1399.02	0.8	-0.131045	0.966357	-0.012379	0	-0.011204	-0.212787	0.053712	1.74427E+9
1717.37	1	-0.131126	0.950513	-0.011867	0	-0.011501	-0.212787	0.053551	1.744271E+9
2033.48	1.2	-0.146493	0.954265	-0.011566	0	-0.011976	-0.212787	0.053681	1.744272E+9
2346.93	1.4	-0.143702	0.949311	-0.011777	0	-0.010262	-0.212787	0.053559	1.744273E+9
2657.27	1.6	-0.140519	0.957768	-0.011127	0	-0.010246	-0.212787	0.053511	1.744274E+9
2964.07	1.8	-0.135213	0.949327	-0.010652	0	-0.01067	-0.212787	0.053403	1.744275E+9
3266.89	2	-0.141896	0.966406	-0.010553	0	-0.010399	-0.212787	0.053682	1.744276E+9
3565.29	2.2	-0.144518	0.966958	-0.009544	0	-0.010753	-0.212787	0.053492	1.744277E+9
3858.83	2.4	-0.127004	0.972299	-0.009903	0	-0.010362	-0.212787	0.053577	1.744278E+9
4147.09	2.6	-0.131841	0.962163	-0.010075	0	-0.010165	-0.212787	0.053386	1.744279E+9
4429.62	2.8	-0.110331	0.983524	-0.009643	0	-0.010394	-0.212787	0.053599	1.74428E+9
4705.98	3	-0.13316	0.983875	-0.010413	0	-0.010556	-0.212787	0.053547	1.744281E+9
4975.74	3.2	-0.135837	0.977166	-0.010837	0	-0.009359	-0.212787	0.053577	1.744282E+9
5238.46	3.4	-0.124807	0.980337	-0.011588	0	-0.010072	-0.212787	0.053216	1.744283E+9
5493.71	3.6	-0.11958	0.98342	-0.010012	0	-0.010904	-0.212787	0.053257	1.744284E+9
5741.05	3.8	-0.107316	0.99174	-0.010263	0	-0.009878	-0.212787	0.053186	1.744285E+9
5980.04	4	-0.117345	0.988768	-0.010626	0	-0.009402	-0.212787	0.053196	1.744286E+9
6210.24	4.2	-0.118264	1.001802	-0.010122	0	-0.010764	-0.212787	0.05336	1.744287E+9
6431.22	4.4	-0.113515	1.003693	-0.011319	0	-0.009613	-0.212787	0.053205	1.744288E+9
6642.54	4.6	-0.109116	1.002741	-0.010315	0	-0.01021	-0.212787	0.053478	1.744289E+9
6843.76	4.8	-0.105708	1.001357	-0.010984	0	-0.010459	-0.212787	0.05323	1.74429E+9
7034.46	5	-0.103895	1.007607	-0.009969	0	-0.010474	-0.212787	0.053508	1.744291E+9
7214.18	5.2	-0.101335	1.015444	-0.010919	0	-0.009595	-0.212787	0.053279	1.744292E+9
7382.49	5.4	-0.086732	1.020814	-0.009993	0	-0.010439	-0.212787	0.053461	1.744293E+9
7538.96	5.6	-0.084909	1.01584	-0.009742	0	-0.010129	-0.212787	0.053423	1.744294E+9
7683.15	5.8	-0.085338	1.019245	-0.010732	0	-0.009636	-0.212787	0.053104	1.744295E+9
7814.63	6	-0.079214	1.013303	-0.009864	0	-0.009515	-0.212787	0.053126	1.744296E+9
7932.95	6.2	-0.076696	1.023712	-0.011521	0	-0.011025	-0.212787	0.053503	1.744297E+9
8037.67	6.4	-0.069568	1.026444	-0.009873	0	-0.009599	-0.212787	0.053183	1.744298E+9
8128.37	6.6	-0.074116	1.026525	-0.010867	0	-0.009038	-0.212787	0.053194	1.744299E+9
8204.61	6.8	-0.071478	1.022997	-0.009472	0	-0.00947	-0.212787	0.053489	1.7443E+9
8265.94	7	-0.066647	1.044221	-0.010238	0	-0.011068	-0.212787	0.053262	1.744301E+9
