06/05/2022	10:39

Co88Tb12_35_20210602_CVMH3

Field	Kepco	Channel A	Channel B	Agilent	0	RF out	Monitor+	Monitor-	Time
8265.94	7	-9.442014	-1.521837	0.010799	0	0.012333	-0.212787	0.071889	1.810492E+9
8204.61	6.8	-9.440799	-1.525521	0.011293	0	0.01143	-0.212787	0.071937	1.810493E+9
8128.37	6.6	-9.442556	-1.527844	0.01145	0	0.011429	-0.212787	0.071971	1.810494E+9
8037.67	6.4	-9.447943	-1.523858	0.011634	0	0.01245	-0.212787	0.071879	1.810495E+9
7932.95	6.2	-9.44615	-1.520791	0.01169	0	0.01196	-0.212787	0.071922	1.810496E+9
7814.63	6	-9.449762	-1.522201	0.011475	0	0.011903	-0.212787	0.07197	1.810497E+9
7683.15	5.8	-9.451806	-1.523747	0.011961	0	0.011429	-0.212787	0.071972	1.810498E+9
7538.96	5.6	-9.450068	-1.520411	0.011018	0	0.011861	-0.212787	0.071824	1.810499E+9
7382.49	5.4	-9.454691	-1.523019	0.011608	0	0.011429	-0.212787	0.071881	1.8105E+9
7214.18	5.2	-9.458346	-1.524072	0.011482	0	0.011461	-0.212787	0.071878	1.810501E+9
7034.46	5	-9.458781	-1.521158	0.011704	0	0.011802	-0.212787	0.071814	1.810502E+9
6843.76	4.8	-9.4578	-1.525521	0.011516	0	0.011084	-0.212787	0.071848	1.810503E+9
6642.54	4.6	-9.458242	-1.528153	0.011169	0	0.011679	-0.212787	0.071788	1.810504E+9
6431.22	4.4	-9.456592	-1.525973	0.011953	0	0.011544	-0.212787	0.071771	1.810505E+9
6210.24	4.2	-9.461803	-1.529813	0.011551	0	0.01171	-0.212787	0.07191	1.810506E+9
5980.04	4	-9.465191	-1.529592	0.011943	0	0.011015	-0.212787	0.071844	1.810507E+9
5741.05	3.8	-9.46562	-1.527171	0.011632	0	0.011468	-0.212787	0.071859	1.810508E+9
5493.71	3.6	-9.465601	-1.529446	0.011866	0	0.011689	-0.212787	0.071789	1.810509E+9
5238.46	3.4	-9.465165	-1.524244	0.01183	0	0.011707	-0.212787	0.071806	1.81051E+9
4975.74	3.2	-9.462946	-1.530329	0.01208	0	0.012158	-0.212787	0.071869	1.810511E+9
4705.98	3	-9.467394	-1.519793	0.011991	0	0.011213	-0.212787	0.071853	1.810512E+9
4429.62	2.8	-9.464665	-1.52389	0.011848	0	0.011046	-0.212787	0.07185	1.810513E+9
4147.09	2.6	-9.46666	-1.522068	0.011484	0	0.011586	-0.212787	0.071791	1.810514E+9
3858.83	2.4	-9.465913	-1.518182	0.011633	0	0.011351	-0.212787	0.071799	1.810515E+9
3565.29	2.2	-9.468122	-1.525488	0.011364	0	0.011298	-0.212787	0.071981	1.810516E+9
3266.89	2	-9.468057	-1.527038	0.011094	0	0.010932	-0.212787	0.071896	1.810517E+9
2964.07	1.8	-9.46907	-1.521099	0.011426	0	0.011529	-0.212787	0.071851	1.810518E+9
2657.27	1.6	-9.46295	-1.527467	0.011479	0	0.011989	-0.212787	0.071759	1.810519E+9
2346.93	1.4	-9.439642	-1.521678	0.011711	0	0.01064	-0.212787	0.071945	1.81052E+9
2033.48	1.2	-9.407813	-1.516691	0.010871	0	0.011294	-0.212787	0.071825	1.810521E+9
1717.37	1	-9.340087	-1.502822	0.011651	0	0.011425	-0.212787	0.071845	1.810522E+9
1399.02	0.8	-9.112517	-1.44383	0.011166	0	0.010836	-0.212787	0.071836	1.810523E+9
1078.87	0.6	-8.650117	-1.341863	0.010159	0	0.010261	-0.212787	0.071753	1.810524E+9
757.37	0.4	-8.091948	-1.224637	0.009436	0	0.008891	-0.212787	0.071988	1.810525E+9
434.94	0.2	-7.469193	-1.118021	0.008492	0	0.008304	-0.212787	0.071936	1.810526E+9
112.03	0	-6.783572	-1.022828	0.007548	0	0.007247	-0.212787	0.072014	1.810527E+9
-210.93	-0.2	-5.930852	-0.94447	0.007196	0	0.006561	-0.212787	0.071965	1.810528E+9
-533.51	-0.4	-4.894511	-0.836694	0.006816	0	0.005933	-0.212787	0.07194	1.810529E+9
-855.25	-0.6	-3.769106	-0.661071	0.006065	0	0.00558	-0.212787	0.07193	1.81053E+9
-1175.74	-0.8	-2.644593	-0.475782	0.004581	0	0.005311	-0.212787	0.071901	1.810531E+9
-1494.53	-1	-1.525732	-0.286971	0.004343	0	0.004591	-0.212787	0.072012	1.810532E+9
-1811.18	-1.2	-0.430448	-0.109129	0.003738	0	0.003965	-0.212787	0.071955	1.810533E+9
-2125.26	-1.4	0.663875	0.073931	0.003326	0	0.003138	-0.212787	0.072086	1.810534E+9
-2436.33	-1.6	1.75839	0.266286	0.002998	0	0.002547	-0.212787	0.072123	1.810535E+9
-2743.95	-1.8	2.843826	0.439785	0.002297	0	0.001902	-0.212787	0.072036	1.810536E+9
-3047.69	-2	3.941132	0.625857	0.001347	0	0.001355	-0.212787	0.071994	1.810537E+9
-3347.11	-2.2	5.0468	0.805012	0.001507	0	0.000732	-0.212787	0.072049	1.810538E+9
-3641.77	-2.4	6.15728	0.989395	0.000365	0	-0.000134	-0.212787	0.072134	1.810539E+9
-3931.24	-2.6	7.267049	1.16727	0.000267	0	-0.000734	-0.212787	0.072111	1.81054E+9
-4215.08	-2.8	8.373036	1.35086	-0.001702	0	-0.00114	-0.212787	0.072008	1.810541E+9
-4492.85	-3	9.47678	1.524596	-0.001255	0	-0.002066	-0.212787	0.072009	1.810542E+9
-4764.12	-3.2	10.550761	1.695808	-0.002645	0	-0.002588	-0.212787	0.072119	1.810543E+9
-5028.44	-3.4	10.597161	1.854434	-0.002779	0	-0.003106	-0.212787	0.072107	1.810544E+9
-5285.39	-3.6	10.597161	1.987437	-0.003508	0	-0.003739	-0.212787	0.072029	1.810545E+9
-5534.53	-3.8	10.597161	2.079553	-0.003499	0	-0.003812	-0.212787	0.072133	1.810546E+9
-5775.41	-4	10.597161	2.143792	-0.003562	0	-0.003986	-0.212787	0.072103	1.810547E+9
-6007.6	-4.2	10.597161	2.170036	-0.004363	0	-0.004145	-0.212787	0.072228	1.810548E+9
-6230.67	-4.4	10.597161	2.184578	-0.004414	0	-0.004643	-0.212787	0.072091	1.810549E+9
-6444.17	-4.6	10.597161	2.184545	-0.004456	0	-0.004625	-0.212787	0.072025	1.81055E+9
-6647.68	-4.8	10.597161	2.192284	-0.004247	0	-0.004764	-0.212787	0.072091	1.810551E+9
-6840.75	-5	10.597161	2.193697	-0.004755	0	-0.003919	-0.212787	0.07219	1.810552E+9
-7022.95	-5.2	10.597161	2.189824	-0.00517	0	-0.004959	-0.212787	0.072094	1.810553E+9
-7193.84	-5.4	10.597161	2.193063	-0.00417	0	-0.004917	-0.212787	0.072124	1.810554E+9
-7352.98	-5.6	10.597161	2.194974	-0.004222	0	-0.004921	-0.212787	0.07209	1.810555E+9
-7499.94	-5.8	10.597161	2.194701	-0.004467	0	-0.004159	-0.212787	0.072101	1.810556E+9
-7634.28	-6	10.597161	2.194045	-0.004462	0	-0.003845	-0.212787	0.072198	1.810557E+9
-7755.56	-6.2	10.597161	2.198837	-0.004724	0	-0.004333	-0.212787	0.072192	1.810558E+9
-7863.34	-6.4	10.597161	2.191803	-0.00396	0	-0.004433	-0.212787	0.072083	1.810559E+9
-7957.2	-6.6	10.597161	2.194366	-0.004151	0	-0.004253	-0.212787	0.07203	1.81056E+9
-8036.69	-6.8	10.597161	2.191117	-0.004438	0	-0.004703	-0.212787	0.072184	1.810561E+9
-8101.38	-7	10.597161	2.194633	-0.004019	0	-0.004791	-0.212787	0.072059	1.810562E+9
-8036.69	-6.8	10.597161	2.190591	-0.003824	0	-0.00441	-0.212787	0.072099	1.810563E+9
-7957.2	-6.6	10.597161	2.188772	-0.004244	0	-0.004342	-0.212787	0.072145	1.810564E+9
-7863.34	-6.4	10.597161	2.193989	-0.004365	0	-0.00433	-0.212787	0.072114	1.810565E+9
-7755.56	-6.2	10.597161	2.19651	-0.004663	0	-0.004304	-0.212787	0.072272	1.810566E+9
-7634.28	-6	10.597161	2.195065	-0.00405	0	-0.00465	-0.212787	0.072244	1.810567E+9
-7499.94	-5.8	10.597161	2.192641	-0.003887	0	-0.004361	-0.212787	0.072137	1.810568E+9
-7352.98	-5.6	10.597161	2.19715	-0.003652	0	-0.004944	-0.212787	0.072152	1.810569E+9
-7193.84	-5.4	10.597161	2.202683	-0.003996	0	-0.004034	-0.212787	0.072153	1.81057E+9
-7022.95	-5.2	10.597161	2.19744	-0.00457	0	-0.004276	-0.212787	0.072087	1.810571E+9
-6840.75	-5	10.597161	2.199584	-0.005064	0	-0.004254	-0.212787	0.072221	1.810572E+9
-6647.68	-4.8	10.597161	2.195727	-0.005069	0	-0.004788	-0.212787	0.072087	1.810573E+9
-6444.17	-4.6	10.597161	2.200357	-0.004695	0	-0.004207	-0.212787	0.072093	1.810574E+9
-6230.67	-4.4	10.597161	2.198011	-0.004943	0	-0.004965	-0.212787	0.072056	1.810575E+9
-6007.6	-4.2	10.597161	2.196738	-0.004826	0	-0.004408	-0.212787	0.072087	1.810576E+9
-5775.41	-4	10.597161	2.199093	-0.004967	0	-0.004824	-0.212787	0.072144	1.810577E+9
-5534.53	-3.8	10.597161	2.19113	-0.00443	0	-0.0044	-0.212787	0.072122	1.810578E+9
-5285.39	-3.6	10.597161	2.201676	-0.00516	0	-0.004469	-0.212787	0.072286	1.810579E+9
-5028.44	-3.4	10.597161	2.199051	-0.005272	0	-0.00491	-0.212787	0.072042	1.81058E+9
-4764.12	-3.2	10.597161	2.195627	-0.005157	0	-0.004762	-0.212787	0.072196	1.810581E+9
-4492.85	-3	10.597161	2.197505	-0.005006	0	-0.0046	-0.212787	0.072182	1.810582E+9
-4215.08	-2.8	10.597161	2.191913	-0.004593	0	-0.004437	-0.212787	0.072081	1.810583E+9
-3931.24	-2.6	10.597161	2.198372	-0.004556	0	-0.004375	-0.212787	0.07197	1.810584E+9
-3641.77	-2.4	10.597161	2.186995	-0.004587	0	-0.004798	-0.212787	0.072229	1.810585E+9
-3347.11	-2.2	10.597161	2.194139	-0.004913	0	-0.004546	-0.212787	0.072129	1.810586E+9
-3047.69	-2	10.597161	2.181286	-0.00474	0	-0.004343	-0.212787	0.072233	1.810587E+9
-2743.95	-1.8	10.597161	2.173977	-0.004734	0	-0.004727	-0.212787	0.072026	1.810588E+9
-2436.33	-1.6	10.597161	2.161573	-0.00414	0	-0.004562	-0.212787	0.072025	1.810589E+9
-2125.26	-1.4	10.597161	2.130124	-0.005116	0	-0.004783	-0.212787	0.0721	1.81059E+9
-1811.18	-1.2	10.597161	2.033794	-0.004317	0	-0.003434	-0.212787	0.07205	1.810591E+9
-1494.53	-1	10.597161	1.863336	-0.003443	0	-0.003393	-0.212787	0.072065	1.810592E+9
-1175.74	-0.8	10.336885	1.66714	-0.002587	0	-0.002366	-0.212787	0.072037	1.810593E+9
-855.25	-0.6	9.047827	1.462177	-0.001648	0	-0.001518	-0.212787	0.071993	1.810594E+9
-533.51	-0.4	7.800362	1.264266	-0.001166	0	-0.000835	-0.212787	0.071972	1.810595E+9
-210.93	-0.2	6.593277	1.065254	-0.000743	0	-0.000204	-0.212787	0.071991	1.810596E+9
112.03	0	5.423859	0.866879	-1.7E-5	0	0.000689	-0.212787	0.071921	1.810597E+9
434.94	0.2	4.292465	0.685794	0.001198	0	0.001118	-0.212787	0.071922	1.810598E+9
757.37	0.4	3.169181	0.495999	0.001455	0	0.001425	-0.212787	0.07194	1.810599E+9
1078.87	0.6	2.059245	0.310347	0.001588	0	0.002012	-0.212787	0.071866	1.8106E+9
1399.02	0.8	0.960519	0.122988	0.003156	0	0.002941	-0.212787	0.071893	1.810601E+9
1717.37	1	-0.127744	-0.061592	0.00291	0	0.004322	-0.212787	0.071818	1.810602E+9
2033.48	1.2	-1.222249	-0.240023	0.004265	0	0.004065	-0.212787	0.071901	1.810603E+9
2346.93	1.4	-2.31534	-0.425334	0.005429	0	0.004783	-0.212787	0.071941	1.810604E+9
2657.27	1.6	-3.415775	-0.610961	0.005566	0	0.005713	-0.212787	0.071883	1.810605E+9
2964.07	1.8	-4.517882	-0.792179	0.006585	0	0.006425	-0.212787	0.07197	1.810606E+9
3266.89	2	-5.608247	-0.970304	0.007015	0	0.006274	-0.212787	0.071812	1.810607E+9
3565.29	2.2	-6.509919	-1.117257	0.008074	0	0.008173	-0.212787	0.071842	1.810608E+9
3858.83	2.4	-7.166739	-1.229812	0.008271	0	0.008409	-0.212787	0.071838	1.810609E+9
4147.09	2.6	-7.703337	-1.32609	0.008736	0	0.008618	-0.212787	0.071807	1.81061E+9
4429.62	2.8	-8.172948	-1.407875	0.00963	0	0.009691	-0.212787	0.07189	1.810611E+9
4705.98	3	-8.578584	-1.467033	0.009987	0	0.009937	-0.212787	0.071941	1.810612E+9
4975.74	3.2	-8.922306	-1.511109	0.011057	0	0.01073	-0.212787	0.072012	1.810613E+9
5238.46	3.4	-9.17035	-1.544692	0.011261	0	0.010086	-0.212787	0.071954	1.810614E+9
5493.71	3.6	-9.329476	-1.557993	0.011078	0	0.011291	-0.212787	0.071838	1.810615E+9
5741.05	3.8	-9.406432	-1.563704	0.011572	0	0.01132	-0.212787	0.071845	1.810616E+9
5980.04	4	-9.434775	-1.556898	0.012149	0	0.011062	-0.212787	0.071773	1.810617E+9
6210.24	4.2	-9.446254	-1.551203	0.011647	0	0.011196	-0.212787	0.071833	1.810618E+9
6431.22	4.4	-9.446289	-1.545946	0.011607	0	0.011309	-0.212787	0.071939	1.810619E+9
6642.54	4.6	-9.452722	-1.543662	0.011479	0	0.011029	-0.212787	0.071805	1.81062E+9
6843.76	4.8	-9.451514	-1.542122	0.010496	0	0.01229	-0.212787	0.071765	1.810621E+9
7034.46	5	-9.452517	-1.539848	0.011305	0	0.011193	-0.212787	0.071973	1.810622E+9
7214.18	5.2	-9.451127	-1.543503	0.010941	0	0.011255	-0.212787	0.071813	1.810623E+9
7382.49	5.4	-9.451946	-1.540248	0.011313	0	0.011081	-0.212787	0.071885	1.810624E+9
7538.96	5.6	-9.448521	-1.541372	0.011428	0	0.011653	-0.212787	0.071942	1.810625E+9
7683.15	5.8	-9.445149	-1.542944	0.011581	0	0.012377	-0.212787	0.071844	1.810626E+9
7814.63	6	-9.447167	-1.543883	0.012153	0	0.011245	-0.212787	0.07198	1.810627E+9
7932.95	6.2	-9.441812	-1.541226	0.011465	0	0.011434	-0.212787	0.071766	1.810628E+9
8037.67	6.4	-9.445964	-1.548178	0.011654	0	0.011385	-0.212787	0.071981	1.810629E+9
8128.37	6.6	-9.439909	-1.546505	0.012106	0	0.011773	-0.212787	0.072001	1.81063E+9
8204.61	6.8	-9.447413	-1.542275	0.011892	0	0.011628	-0.212787	0.071953	1.810631E+9
8265.94	7	-9.448216	-1.539994	0.011585	0	0.011388	-0.212787	0.071782	1.810632E+9
