05/05/2022	17:27

Co88Tb12_20210519_CVEJ4

Field	Kepco	Channel A	Channel B	Agilent	0	RF out	Monitor+	Monitor-	Time
8265.94	7	-3.319991	-0.873136	-0.002908	0	-0.005568	-0.212787	0.039271	1.748541E+9
8204.61	6.8	-3.309776	-0.851717	-0.003836	0	-0.005632	-0.212787	0.039516	1.748542E+9
8128.37	6.6	-3.301118	-0.854806	-0.005573	0	-0.006553	-0.212787	0.039416	1.748543E+9
8037.67	6.4	-3.276109	-0.849455	-0.004021	0	-0.005499	-0.212787	0.039461	1.748544E+9
7932.95	6.2	-3.261155	-0.839001	-0.004647	0	-0.003371	-0.212787	0.039351	1.748545E+9
7814.63	6	-3.262055	-0.8421	-0.004426	0	-0.005211	-0.212787	0.039368	1.748546E+9
7683.15	5.8	-3.262162	-0.849046	-0.004922	0	-0.006526	-0.212787	0.039163	1.748547E+9
7538.96	5.6	-3.278731	-0.848653	-0.00555	0	-0.005157	-0.212787	0.039227	1.748548E+9
7382.49	5.4	-3.285787	-0.846389	-0.00377	0	-0.004528	-0.212787	0.039304	1.748549E+9
7214.18	5.2	-3.275797	-0.843793	-0.003167	0	-0.004646	-0.212787	0.039378	1.74855E+9
7034.46	5	-3.264865	-0.839491	-0.006205	0	-0.004311	-0.212787	0.039196	1.748551E+9
6843.76	4.8	-3.24637	-0.853916	-0.004375	0	-0.005113	-0.212787	0.039219	1.748552E+9
6642.54	4.6	-3.228806	-0.846463	-0.004161	0	-0.004451	-0.212787	0.039345	1.748553E+9
6431.22	4.4	-3.229664	-0.845287	-0.002695	0	-0.005336	-0.212787	0.0394	1.748554E+9
6210.24	4.2	-3.227049	-0.838981	-0.004188	0	-0.004252	-0.212787	0.039142	1.748555E+9
5980.04	4	-3.223579	-0.845177	-0.004557	0	-0.004262	-0.212787	0.039251	1.748556E+9
5741.05	3.8	-3.228452	-0.842613	-0.003901	0	-0.003092	-0.212787	0.039413	1.748557E+9
5493.71	3.6	-3.213215	-0.851304	-0.003436	0	-0.004503	-0.212787	0.039469	1.748558E+9
5238.46	3.4	-3.185919	-0.840957	-0.004162	0	-0.004488	-0.212787	0.039448	1.748559E+9
4975.74	3.2	-3.16845	-0.836857	-0.005865	0	-0.005447	-0.212787	0.03943	1.74856E+9
4705.98	3	-3.147544	-0.838588	-0.005607	0	-0.003467	-0.212787	0.0392	1.748561E+9
4429.62	2.8	-3.120823	-0.836902	-0.004414	0	-0.004351	-0.212787	0.039569	1.748562E+9
4147.09	2.6	-3.104572	-0.82416	-0.005079	0	-0.003854	-0.212787	0.039263	1.748563E+9
3858.83	2.4	-3.085424	-0.81186	-0.005448	0	-0.002636	-0.212787	0.039508	1.748564E+9
3565.29	2.2	-3.060528	-0.80495	-0.004905	0	-0.003956	-0.212787	0.039508	1.748565E+9
3266.89	2	-3.028937	-0.805408	-0.002639	0	-0.004238	-0.212787	0.039234	1.748566E+9
2964.07	1.8	-2.986965	-0.797442	-0.004998	0	-0.004777	-0.212787	0.039164	1.748567E+9
2657.27	1.6	-2.971738	-0.791789	-0.004771	0	-0.002965	-0.212787	0.039245	1.748568E+9
2346.93	1.4	-2.931154	-0.786962	-0.003009	0	-0.003932	-0.212787	0.039444	1.748569E+9
2033.48	1.2	-2.894761	-0.776406	-0.003989	0	-0.005021	-0.212787	0.039462	1.74857E+9
1717.37	1	-2.873819	-0.765133	-0.00458	0	-0.004668	-0.212787	0.039404	1.748571E+9
1399.02	0.8	-2.823781	-0.764928	-0.006377	0	-0.002808	-0.212787	0.039439	1.748572E+9
1078.87	0.6	-2.772723	-0.756163	-0.002746	0	-0.002851	-0.212787	0.039344	1.748573E+9
757.37	0.4	-2.71405	-0.743551	-0.00305	0	-0.005396	-0.212787	0.039168	1.748574E+9
434.94	0.2	-2.660941	-0.734701	-0.004544	0	-0.003448	-0.212787	0.039174	1.748575E+9
112.03	0	-2.600046	-0.718119	-0.004433	0	-0.002929	-0.212787	0.039467	1.748576E+9
-210.93	-0.2	-2.523774	-0.704172	-0.004078	0	-0.003069	-0.212787	0.039529	1.748577E+9
-533.51	-0.4	-2.439626	-0.678754	-0.003198	0	-0.004927	-0.212787	0.039263	1.748578E+9
-855.25	-0.6	-2.321581	-0.656253	-0.003995	0	-0.003583	-0.212787	0.039417	1.748579E+9
-1175.74	-0.8	-2.215511	-0.633956	-0.004605	0	-0.003668	-0.212787	0.039332	1.74858E+9
-1494.53	-1	-2.154339	-0.621149	-0.003708	0	-0.00427	-0.212787	0.039207	1.748581E+9
-1811.18	-1.2	-2.128368	-0.614093	-0.003618	0	-0.003647	-0.212787	0.039303	1.748582E+9
-2125.26	-1.4	-2.080527	-0.605155	-0.004062	0	-0.004161	-0.212787	0.03917	1.748583E+9
-2436.33	-1.6	-2.058315	-0.601302	-0.003547	0	-0.004117	-0.212787	0.039259	1.748584E+9
-2743.95	-1.8	-2.033786	-0.592804	-0.003997	0	-0.003276	-0.212787	0.039307	1.748585E+9
-3047.69	-2	-2.015011	-0.586618	-0.002123	0	-0.004507	-0.212787	0.039569	1.748586E+9
-3347.11	-2.2	-1.982832	-0.579672	-0.004064	0	-0.004165	-0.212787	0.03939	1.748587E+9
-3641.77	-2.4	-1.963463	-0.577329	-0.004241	0	-0.002819	-0.212787	0.039314	1.748588E+9
-3931.24	-2.6	-1.915553	-0.575124	-0.004658	0	-0.004217	-0.212787	0.039538	1.748589E+9
-4215.08	-2.8	-1.883139	-0.555972	-0.004761	0	-0.005797	-0.212787	0.039208	1.74859E+9
-4492.85	-3	-1.855788	-0.554088	-0.004155	0	-0.006638	-0.212787	0.039423	1.748591E+9
-4764.12	-3.2	-1.841883	-0.548578	-0.00419	0	-0.004069	-0.212787	0.0393	1.748592E+9
-5028.44	-3.4	-1.820005	-0.541999	-0.003997	0	-0.004285	-0.212787	0.039399	1.748593E+9
-5285.39	-3.6	-1.808608	-0.537054	-0.005626	0	-0.005196	-0.212787	0.03947	1.748594E+9
-5534.53	-3.8	-1.798599	-0.536677	-0.00673	0	-0.004872	-0.212787	0.039367	1.748595E+9
-5775.41	-4	-1.792429	-0.541593	-0.007468	0	-0.003897	-0.212787	0.039455	1.748596E+9
-6007.6	-4.2	-1.80035	-0.544734	-0.00436	0	-0.003579	-0.212787	0.039491	1.748597E+9
-6230.67	-4.4	-1.787296	-0.539351	-0.005428	0	-0.005622	-0.212787	0.039488	1.748598E+9
-6444.17	-4.6	-1.794674	-0.544699	-0.005318	0	-0.004226	-0.212787	0.039327	1.748599E+9
-6647.68	-4.8	-1.794086	-0.530963	-0.00525	0	-0.004599	-0.212787	0.03938	1.7486E+9
-6840.75	-5	-1.774363	-0.537158	-0.0057	0	-0.00375	-0.212787	0.039376	1.748601E+9
-7022.95	-5.2	-1.779301	-0.531846	-0.004033	0	-0.005368	-0.212787	0.039158	1.748602E+9
-7193.84	-5.4	-1.782696	-0.534081	-0.003593	0	-0.004092	-0.212787	0.039269	1.748603E+9
-7352.98	-5.6	-1.786637	-0.538435	-0.004912	0	-0.003543	-0.212787	0.039346	1.748604E+9
-7499.94	-5.8	-1.791595	-0.54552	-0.003515	0	-0.006037	-0.212787	0.039447	1.748605E+9
-7634.28	-6	-1.796971	-0.538448	-0.004285	0	-0.005461	-0.212787	0.039255	1.748606E+9
-7755.56	-6.2	-1.802926	-0.536489	-0.003799	0	-0.00248	-0.212787	0.039457	1.748607E+9
-7863.34	-6.4	-1.812205	-0.544455	-0.003265	0	-0.002686	-0.212787	0.0394	1.748608E+9
-7957.2	-6.6	-1.814473	-0.541024	-0.003341	0	-0.00496	-0.212787	0.039171	1.748609E+9
-8036.69	-6.8	-1.791851	-0.540566	-0.005009	0	-0.004549	-0.212787	0.039131	1.74861E+9
-8101.38	-7	-1.792228	-0.537818	-0.004591	0	-0.003249	-0.212787	0.039185	1.748611E+9
-8036.69	-6.8	-1.7983	-0.544283	-0.002562	0	-0.003938	-0.212787	0.039486	1.748612E+9
-7957.2	-6.6	-1.805317	-0.538204	-0.003111	0	-0.00534	-0.212787	0.039409	1.748613E+9
-7863.34	-6.4	-1.802462	-0.539978	-0.005203	0	-0.003817	-0.212787	0.039391	1.748614E+9
-7755.56	-6.2	-1.812231	-0.546622	-0.005219	0	-0.002871	-0.212787	0.039445	1.748615E+9
-7634.28	-6	-1.795314	-0.542704	-0.003609	0	-0.004343	-0.212787	0.039425	1.748616E+9
-7499.94	-5.8	-1.798362	-0.540758	-0.003324	0	-0.00496	-0.212787	0.039448	1.748617E+9
-7352.98	-5.6	-1.800769	-0.52644	-0.004816	0	-0.003861	-0.212787	0.039087	1.748618E+9
-7193.84	-5.4	-1.783895	-0.538932	-0.004251	0	-0.002955	-0.212787	0.039174	1.748619E+9
-7022.95	-5.2	-1.793742	-0.537002	-0.004323	0	-0.004469	-0.212787	0.03911	1.74862E+9
-6840.75	-5	-1.781728	-0.533513	-0.004205	0	-0.005395	-0.212787	0.039177	1.748621E+9
-6647.68	-4.8	-1.785581	-0.535339	-0.005106	0	-0.004323	-0.212787	0.039105	1.748622E+9
-6444.17	-4.6	-1.779746	-0.520823	-0.003845	0	-0.004128	-0.212787	0.039136	1.748623E+9
-6230.67	-4.4	-1.778895	-0.525167	-0.003995	0	-0.006152	-0.212787	0.039403	1.748624E+9
-6007.6	-4.2	-1.769707	-0.536625	-0.004544	0	-0.003896	-0.212787	0.039209	1.748625E+9
-5775.41	-4	-1.787189	-0.534527	-0.004236	0	-0.00395	-0.212787	0.039248	1.748626E+9
-5534.53	-3.8	-1.771514	-0.54003	-0.003702	0	-0.004078	-0.212787	0.039452	1.748627E+9
-5285.39	-3.6	-1.779353	-0.539224	-0.003288	0	-0.005508	-0.212787	0.039133	1.748628E+9
-5028.44	-3.4	-1.785825	-0.538633	-0.005312	0	-0.004646	-0.212787	0.039175	1.748629E+9
-4764.12	-3.2	-1.791468	-0.537035	-0.004028	0	-0.002757	-0.212787	0.039366	1.74863E+9
-4492.85	-3	-1.798557	-0.536024	-0.002934	0	-0.005308	-0.212787	0.039372	1.748631E+9
-4215.08	-2.8	-1.801419	-0.538337	-0.00538	0	-0.004831	-0.212787	0.039446	1.748632E+9
-3931.24	-2.6	-1.815132	-0.534335	-0.003836	0	-0.005482	-0.212787	0.039384	1.748633E+9
-3641.77	-2.4	-1.824131	-0.540456	-0.003949	0	-0.004354	-0.212787	0.039464	1.748634E+9
-3347.11	-2.2	-1.829784	-0.548915	-0.003423	0	-0.005673	-0.212787	0.039277	1.748635E+9
-3047.69	-2	-1.834173	-0.552294	-0.005808	0	-0.00447	-0.212787	0.039388	1.748636E+9
-2743.95	-1.8	-1.856486	-0.545943	-0.005105	0	-0.004345	-0.212787	0.039195	1.748637E+9
-2436.33	-1.6	-1.884029	-0.558054	-0.005262	0	-0.003912	-0.212787	0.039287	1.748638E+9
-2125.26	-1.4	-1.923457	-0.566917	-0.006317	0	-0.005139	-0.212787	0.039174	1.748639E+9
-1811.18	-1.2	-1.949681	-0.573814	-0.00449	0	-0.005614	-0.212787	0.039539	1.74864E+9
-1494.53	-1	-1.986061	-0.577018	-0.005579	0	-0.004909	-0.212787	0.039295	1.748641E+9
-1175.74	-0.8	-2.010469	-0.589266	-0.004826	0	-0.00556	-0.212787	0.039307	1.748642E+9
-855.25	-0.6	-2.05002	-0.584837	-0.004558	0	-0.006116	-0.212787	0.039243	1.748643E+9
-533.51	-0.4	-2.078516	-0.595006	-0.005885	0	-0.005934	-0.212787	0.039335	1.748644E+9
-210.93	-0.2	-2.143371	-0.613375	-0.005068	0	-0.003523	-0.212787	0.039553	1.748645E+9
112.03	0	-2.210921	-0.628807	-0.004857	0	-0.004971	-0.212787	0.039316	1.748646E+9
434.94	0.2	-2.323469	-0.656867	-0.00493	0	-0.006716	-0.212787	0.039557	1.748647E+9
757.37	0.4	-2.444776	-0.676415	-0.006101	0	-0.004167	-0.212787	0.039362	1.748648E+9
1078.87	0.6	-2.533098	-0.694735	-0.004599	0	-0.003875	-0.212787	0.039277	1.748649E+9
1399.02	0.8	-2.600738	-0.710699	-0.004507	0	-0.003933	-0.212787	0.039368	1.74865E+9
1717.37	1	-2.665012	-0.739425	-0.005332	0	-0.005221	-0.212787	0.039585	1.748651E+9
2033.48	1.2	-2.737334	-0.743834	-0.005694	0	-0.004496	-0.212787	0.039515	1.748652E+9
2346.93	1.4	-2.780777	-0.757852	-0.003708	0	-0.005126	-0.212787	0.039526	1.748653E+9
2657.27	1.6	-2.83024	-0.764824	-0.003147	0	-0.006317	-0.212787	0.03935	1.748654E+9
2964.07	1.8	-2.872136	-0.780727	-0.005668	0	-0.005333	-0.212787	0.039464	1.748655E+9
3266.89	2	-2.909488	-0.782322	-0.006154	0	-0.006339	-0.212787	0.039558	1.748656E+9
3565.29	2.2	-2.943152	-0.777504	-0.004869	0	-0.003797	-0.212787	0.039343	1.748657E+9
3858.83	2.4	-2.987433	-0.784005	-0.005335	0	-0.005519	-0.212787	0.039591	1.748658E+9
4147.09	2.6	-3.018963	-0.801607	-0.00485	0	-0.005528	-0.212787	0.039332	1.748659E+9
4429.62	2.8	-3.03547	-0.804512	-0.006786	0	-0.004521	-0.212787	0.039172	1.74866E+9
4705.98	3	-3.047098	-0.80494	-0.006351	0	-0.00325	-0.212787	0.039372	1.748661E+9
4975.74	3.2	-3.067906	-0.809817	-0.004114	0	-0.004909	-0.212787	0.039362	1.748662E+9
5238.46	3.4	-3.063715	-0.815574	-0.006534	0	-0.005553	-0.212787	0.039206	1.748663E+9
5493.71	3.6	-3.08415	-0.823104	-0.007244	0	-0.00488	-0.212787	0.039161	1.748664E+9
5741.05	3.8	-3.083283	-0.816496	-0.006301	0	-0.005617	-0.212787	0.039308	1.748665E+9
5980.04	4	-3.08453	-0.814222	-0.006414	0	-0.005174	-0.212787	0.039335	1.748666E+9
6210.24	4.2	-3.076772	-0.812104	-0.006586	0	-0.006861	-0.212787	0.039428	1.748667E+9
6431.22	4.4	-3.087574	-0.815203	-0.006914	0	-0.007051	-0.212787	0.039314	1.748668E+9
6642.54	4.6	-3.087529	-0.8143	-0.006634	0	-0.005985	-0.212787	0.03932	1.748669E+9
6843.76	4.8	-3.078851	-0.822562	-0.007494	0	-0.007148	-0.212787	0.039468	1.74867E+9
7034.46	5	-3.079738	-0.80891	-0.006384	0	-0.006289	-0.212787	0.039475	1.748671E+9
7214.18	5.2	-3.061015	-0.809057	-0.007154	0	-0.005254	-0.212787	0.039238	1.748672E+9
7382.49	5.4	-3.082951	-0.809924	-0.005774	0	-0.005591	-0.212787	0.03949	1.748673E+9
7538.96	5.6	-3.081548	-0.812426	-0.005152	0	-0.007784	-0.212787	0.039531	1.748674E+9
7683.15	5.8	-3.079514	-0.815671	-0.006155	0	-0.007044	-0.212787	0.039424	1.748675E+9
7814.63	6	-3.086983	-0.819924	-0.006524	0	-0.004932	-0.212787	0.039511	1.748676E+9
7932.95	6.2	-3.08749	-0.8097	-0.006084	0	-0.006705	-0.212787	0.039408	1.748677E+9
8037.67	6.4	-3.089823	-0.805282	-0.006289	0	-0.007691	-0.212787	0.039384	1.748678E+9
8128.37	6.6	-3.080583	-0.817958	-0.00734	0	-0.005877	-0.212787	0.039329	1.748679E+9
8204.61	6.8	-3.087662	-0.821938	-0.005382	0	-0.00657	-0.212787	0.039432	1.74868E+9
8265.94	7	-3.08635	-0.801964	-0.005477	0	-0.007109	-0.212787	0.039202	1.748681E+9
