05/05/2022	11:45

Co88Tb12_20210526_CVEJ5

Field	Kepco	Channel A	Channel B	Agilent	0	RF out	Monitor+	Monitor-	Time
8265.94	7	-2.305977	-0.48916	0.000272	0	0.000266	-0.212787	0.004129	1.727868E+9
8237.17	6.9	-2.316646	-0.463128	0.000243	0	0.000176	-0.212787	0.004048	1.727869E+9
8204.61	6.8	-2.33072	-0.485285	0.000294	0	0.000257	-0.212787	0.004029	1.72787E+9
8168.33	6.7	-2.336445	-0.477786	0.000172	0	0.0002	-0.212787	0.004091	1.727871E+9
8128.37	6.6	-2.32727	-0.469996	0.000801	0	0.000349	-0.212787	0.004057	1.727872E+9
8084.8	6.5	-2.316776	-0.460629	0.000535	0	0.000287	-0.212787	0.004037	1.727873E+9
8037.67	6.4	-2.303446	-0.479057	0.000116	0	0.000252	-0.212787	0.004083	1.727874E+9
7987.04	6.3	-2.307371	-0.465145	-0.000293	0	0.000225	-0.212787	0.004037	1.727875E+9
7932.95	6.2	-2.29394	-0.458004	0.000387	0	0.000359	-0.212787	0.004017	1.727876E+9
7875.46	6.1	-2.301845	-0.466861	-0.000153	0	0.000358	-0.212787	0.004036	1.727877E+9
7814.63	6	-2.30306	-0.468241	-0.000133	0	0.000261	-0.212787	0.004051	1.727878E+9
7750.51	5.9	-2.282982	-0.46687	-0.000273	0	0.000243	-0.212787	0.004044	1.727879E+9
7683.15	5.8	-2.299584	-0.464921	-0.000348	0	0.000411	-0.212787	0.004035	1.72788E+9
7612.62	5.7	-2.293102	-0.447598	0.0002	0	0.000311	-0.212787	0.004022	1.727881E+9
7538.96	5.6	-2.282768	-0.457601	0.000274	0	0.000393	-0.212787	0.004053	1.727882E+9
7462.23	5.5	-2.280516	-0.45819	0.00014	0	0.000192	-0.212787	0.004112	1.727883E+9
7382.49	5.4	-2.274074	-0.453592	0.000263	0	0.000301	-0.212787	0.004056	1.727884E+9
7299.79	5.3	-2.268379	-0.43396	0.000389	0	0.000277	-0.212787	0.004026	1.727885E+9
7214.18	5.2	-2.27282	-0.471987	0.000232	0	0.000164	-0.212787	0.004011	1.727886E+9
7125.71	5.1	-2.269948	-0.451932	6.7E-5	0	0.000238	-0.212787	0.004082	1.727887E+9
7034.46	5	-2.244045	-0.44317	0.000205	0	0.000343	-0.212787	0.004072	1.727888E+9
6940.45	4.9	-2.247918	-0.454629	-0.000315	0	0.000236	-0.212787	0.004021	1.727889E+9
6843.76	4.8	-2.233747	-0.448108	2.3E-5	0	0.000321	-0.212787	0.003966	1.72789E+9
6744.44	4.7	-2.230183	-0.461815	-0.000247	0	0.000294	-0.212787	0.003997	1.727891E+9
6642.54	4.6	-2.218575	-0.453245	0.000324	0	0.000193	-0.212787	0.00404	1.727892E+9
6538.11	4.5	-2.224224	-0.463163	0.000732	0	0.000327	-0.212787	0.004064	1.727893E+9
6431.22	4.4	-2.190901	-0.458284	0.000746	0	0.000249	-0.212787	0.004025	1.727894E+9
6321.91	4.3	-2.203981	-0.455383	0.000595	0	0.00023	-0.212787	0.004022	1.727895E+9
6210.24	4.2	-2.181314	-0.452767	0.000759	0	0.000203	-0.212787	0.004024	1.727896E+9
6096.26	4.1	-2.178345	-0.437982	0.000349	0	0.000352	-0.212787	0.003985	1.727897E+9
5980.04	4	-2.152163	-0.444106	0.000376	0	0.000285	-0.212787	0.003974	1.727898E+9
5861.61	3.9	-2.157036	-0.442927	0.000825	0	0.000309	-0.212787	0.004027	1.727899E+9
5741.05	3.8	-2.128248	-0.448817	0.000436	0	0.000214	-0.212787	0.003971	1.7279E+9
5618.4	3.7	-2.123531	-0.4396	0.000384	0	0.000224	-0.212787	0.00407	1.727901E+9
5493.71	3.6	-2.10882	-0.423528	0.000243	0	0.00036	-0.212787	0.004119	1.727902E+9
5367.05	3.5	-2.100224	-0.446432	0.00094	0	0.000375	-0.212787	0.004023	1.727903E+9
5238.46	3.4	-2.066537	-0.419451	0.000418	0	0.000335	-0.212787	0.004023	1.727904E+9
5108.01	3.3	-2.054341	-0.421475	0.000684	0	0.000267	-0.212787	0.004073	1.727905E+9
4975.74	3.2	-2.030018	-0.42331	0.000815	0	0.000173	-0.212787	0.004097	1.727906E+9
4841.71	3.1	-1.996529	-0.404136	0.000812	0	0.000306	-0.212787	0.004039	1.727907E+9
4705.98	3	-1.968251	-0.411426	8.6E-5	0	0.000272	-0.212787	0.004083	1.727908E+9
4568.59	2.9	-1.967917	-0.410133	0.000257	0	0.000273	-0.212787	0.004029	1.727909E+9
4429.62	2.8	-1.95331	-0.409669	-0.000134	0	0.000335	-0.212787	0.004085	1.72791E+9
4289.09	2.7	-1.924103	-0.394367	-0.000184	0	0.000267	-0.212787	0.004003	1.727911E+9
4147.09	2.6	-1.890712	-0.40154	-0.000294	0	0.000291	-0.212787	0.003979	1.727912E+9
4003.65	2.5	-1.851688	-0.38654	5.9E-5	0	0.000211	-0.212787	0.004102	1.727913E+9
3858.83	2.4	-1.827377	-0.37914	0.000137	0	0.00022	-0.212787	0.004045	1.727914E+9
3712.69	2.3	-1.807095	-0.374062	0.000338	0	0.000435	-0.212787	0.004034	1.727915E+9
3565.29	2.2	-1.784408	-0.359822	9.5E-5	0	0.000291	-0.212787	0.004015	1.727916E+9
3416.67	2.1	-1.72618	-0.368961	0.000432	0	0.000383	-0.212787	0.004053	1.727917E+9
3266.89	2	-1.698945	-0.36376	0.000146	0	0.000251	-0.212787	0.004025	1.727918E+9
3116	1.9	-1.67597	-0.362369	0.000325	0	0.000368	-0.212787	0.00404	1.727919E+9
2964.07	1.8	-1.647393	-0.351119	0.000126	0	0.000306	-0.212787	0.003959	1.72792E+9
2811.14	1.7	-1.601653	-0.332958	0.000254	0	0.000372	-0.212787	0.004006	1.727921E+9
2657.27	1.6	-1.578155	-0.331139	2.3E-5	0	0.000339	-0.212787	0.004	1.727922E+9
2502.52	1.5	-1.542054	-0.323764	-0.000176	0	0.000344	-0.212787	0.004102	1.727923E+9
2346.93	1.4	-1.477682	-0.315395	0.000371	0	0.000353	-0.212787	0.004029	1.727924E+9
2190.57	1.3	-1.452511	-0.326275	0.000756	0	0.000311	-0.212787	0.004017	1.727925E+9
2033.48	1.2	-1.412827	-0.305733	0.000427	0	0.000362	-0.212787	0.004049	1.727926E+9
1875.73	1.1	-1.363529	-0.301032	0.000958	0	0.000286	-0.212787	0.004064	1.727927E+9
1717.37	1	-1.319953	-0.293066	0.000619	0	0.000189	-0.212787	0.00404	1.727928E+9
1558.44	0.9	-1.295077	-0.30571	0.000518	0	0.000375	-0.212787	0.004044	1.727929E+9
1399.02	0.8	-1.249967	-0.292303	0.000327	0	0.000231	-0.212787	0.004024	1.72793E+9
1239.14	0.7	-1.192421	-0.282069	0.000355	0	0.00038	-0.212787	0.00396	1.727931E+9
1078.87	0.6	-1.165973	-0.253691	0.00029	0	0.000188	-0.212787	0.004013	1.727932E+9
918.26	0.5	-1.111874	-0.259334	0.00041	0	0.000317	-0.212787	0.004055	1.727933E+9
757.37	0.4	-1.059926	-0.234185	0.000311	0	0.000402	-0.212787	0.00402	1.727934E+9
596.24	0.3	-1.011164	-0.256078	0.00077	0	0.00043	-0.212787	0.004039	1.727935E+9
434.94	0.2	-0.962182	-0.235533	0.000701	0	0.000218	-0.212787	0.004016	1.727936E+9
273.52	0.1	-0.908941	-0.238022	0.000476	0	0.000351	-0.212787	0.004092	1.727937E+9
112.03	0	-0.865056	-0.214945	-3.7E-5	0	0.000385	-0.212787	0.004006	1.727938E+9
-49.47	-0.1	-0.802952	-0.210836	-0.000253	0	0.00024	-0.212787	0.004001	1.727939E+9
-210.93	-0.2	-0.757924	-0.205118	-0.000293	0	0.000381	-0.212787	0.003996	1.72794E+9
-372.3	-0.3	-0.687906	-0.179283	-0.000247	0	0.000333	-0.212787	0.004028	1.727941E+9
-533.51	-0.4	-0.578467	-0.170125	0.000691	0	0.000218	-0.212787	0.004064	1.727942E+9
-694.51	-0.5	-0.482065	-0.153813	0.000166	0	0.00026	-0.212787	0.004061	1.727943E+9
-855.25	-0.6	-0.450902	-0.139833	0.00022	0	0.000311	-0.212787	0.004057	1.727944E+9
-1015.68	-0.7	-0.441276	-0.138144	0.000678	0	0.000297	-0.212787	0.003992	1.727945E+9
-1175.74	-0.8	-0.471087	-0.151782	0.000108	0	0.000267	-0.212787	0.004042	1.727946E+9
-1335.37	-0.9	-0.506119	-0.153091	0.00024	0	0.000364	-0.212787	0.004025	1.727947E+9
-1494.53	-1	-0.54834	-0.150567	-0.000193	0	0.000294	-0.212787	0.004016	1.727948E+9
-1653.15	-1.1	-0.570384	-0.174407	-0.000128	0	0.000377	-0.212787	0.003994	1.727949E+9
-1811.18	-1.2	-0.631857	-0.174771	-0.000132	0	0.000406	-0.212787	0.003997	1.72795E+9
-1968.57	-1.3	-0.660876	-0.187077	0.000154	0	0.000386	-0.212787	0.004003	1.727951E+9
-2125.26	-1.4	-0.686086	-0.190979	0.000618	0	0.000253	-0.212787	0.004027	1.727952E+9
-2281.19	-1.5	-0.725917	-0.191375	0.000853	0	0.00031	-0.212787	0.004047	1.727953E+9
-2436.33	-1.6	-0.770305	-0.212499	0.00096	0	0.000416	-0.212787	0.004015	1.727954E+9
-2590.6	-1.7	-0.808059	-0.204484	0.000712	0	0.000313	-0.212787	0.004074	1.727955E+9
-2743.95	-1.8	-0.847958	-0.213006	0.000505	0	0.000222	-0.212787	0.003994	1.727956E+9
-2896.33	-1.9	-0.877044	-0.218383	0.00036	0	0.000246	-0.212787	0.004052	1.727957E+9
-3047.69	-2	-0.906716	-0.23579	0.000376	0	0.00022	-0.212787	0.004069	1.727958E+9
-3197.97	-2.1	-0.937543	-0.240153	0.00035	0	0.000322	-0.212787	0.004024	1.727959E+9
-3347.11	-2.2	-0.987049	-0.232619	0.000453	0	0.000265	-0.212787	0.004039	1.72796E+9
-3495.06	-2.3	-1.014511	-0.235731	0.000409	0	0.000207	-0.212787	0.004041	1.727961E+9
-3641.77	-2.4	-1.021187	-0.256368	0.000577	0	0.000364	-0.212787	0.00409	1.727962E+9
-3787.18	-2.5	-1.057177	-0.2614	0.000834	0	0.000403	-0.212787	0.003994	1.727963E+9
-3931.24	-2.6	-1.092849	-0.256423	0.000392	0	0.000308	-0.212787	0.00401	1.727964E+9
-4073.89	-2.7	-1.13138	-0.259961	0.000438	0	0.000351	-0.212787	0.004052	1.727965E+9
-4215.08	-2.8	-1.143784	-0.260926	0.000525	0	0.000271	-0.212787	0.004063	1.727966E+9
-4354.75	-2.9	-1.164209	-0.262644	-0.00016	0	0.000319	-0.212787	0.004036	1.727967E+9
-4492.85	-3	-1.201807	-0.277329	-7.9E-5	0	0.00044	-0.212787	0.003991	1.727968E+9
-4629.32	-3.1	-1.223639	-0.283557	-5.1E-5	0	0.000504	-0.212787	0.003969	1.727969E+9
-4764.12	-3.2	-1.238155	-0.28499	0.000189	0	0.000545	-0.212787	0.004076	1.72797E+9
-4897.18	-3.3	-1.259246	-0.28524	0.00016	0	0.000369	-0.212787	0.004055	1.727971E+9
-5028.44	-3.4	-1.283534	-0.293518	0.000209	0	0.000457	-0.212787	0.004034	1.727972E+9
-5157.87	-3.5	-1.328858	-0.290727	0.000352	0	0.000402	-0.212787	0.004021	1.727973E+9
-5285.39	-3.6	-1.312955	-0.300704	0.000302	0	0.000304	-0.212787	0.004003	1.727974E+9
-5410.96	-3.7	-1.350031	-0.296052	0.000246	0	0.000311	-0.212787	0.003952	1.727975E+9
-5534.53	-3.8	-1.353273	-0.303033	0.000206	0	0.000215	-0.212787	0.004025	1.727976E+9
-5656.02	-3.9	-1.374575	-0.31738	0.000294	0	0.000268	-0.212787	0.003954	1.727977E+9
-5775.41	-4	-1.410799	-0.30904	7.4E-5	0	0.000267	-0.212787	0.004004	1.727978E+9
-5892.62	-4.1	-1.404149	-0.320908	-0.000243	0	0.000403	-0.212787	0.004001	1.727979E+9
-6007.6	-4.2	-1.409282	-0.313758	-2.2E-5	0	0.000206	-0.212787	0.004012	1.72798E+9
-6120.3	-4.3	-1.432098	-0.322123	0.000683	0	0.000371	-0.212787	0.004016	1.727981E+9
-6230.67	-4.4	-1.440919	-0.326811	0.000376	0	0.000435	-0.212787	0.004005	1.727982E+9
-6338.64	-4.5	-1.443703	-0.342626	0.000991	0	0.000327	-0.212787	0.00405	1.727983E+9
-6444.17	-4.6	-1.446838	-0.324349	0.000834	0	0.000293	-0.212787	0.003979	1.727984E+9
-6547.2	-4.7	-1.472673	-0.330336	0.000863	0	0.00034	-0.212787	0.004025	1.727985E+9
-6647.68	-4.8	-1.490271	-0.332422	-9E-5	0	0.000341	-0.212787	0.00403	1.727986E+9
-6745.55	-4.9	-1.488975	-0.326889	0.000533	0	0.000277	-0.212787	0.004017	1.727987E+9
-6840.75	-5	-1.486077	-0.323647	0.000367	0	0.000324	-0.212787	0.003977	1.727988E+9
-6933.24	-5.1	-1.497857	-0.321035	0.000374	0	0.000242	-0.212787	0.004074	1.727989E+9
-7022.95	-5.2	-1.490866	-0.332321	0.000359	0	0.000378	-0.212787	0.00408	1.72799E+9
-7109.83	-5.3	-1.48852	-0.331831	0.000596	0	0.000342	-0.212787	0.00398	1.727991E+9
-7193.84	-5.4	-1.519829	-0.333767	0.000839	0	0.000275	-0.212787	0.004002	1.727992E+9
-7274.9	-5.5	-1.49877	-0.314661	0.000885	0	0.000236	-0.212787	0.004053	1.727993E+9
-7352.98	-5.6	-1.524345	-0.31826	0.000902	0	0.000241	-0.212787	0.004	1.727994E+9
-7428.01	-5.7	-1.513085	-0.329998	9.7E-5	0	0.000266	-0.212787	0.004035	1.727995E+9
-7499.94	-5.8	-1.507422	-0.331438	-8.3E-5	0	0.000486	-0.212787	0.004022	1.727996E+9
-7568.71	-5.9	-1.536093	-0.332195	0.000201	0	0.00044	-0.212787	0.003989	1.727997E+9
-7634.28	-6	-1.543285	-0.33518	-8.1E-5	0	0.000379	-0.212787	0.004019	1.727998E+9
-7696.58	-6.1	-1.528676	-0.338267	0.000229	0	0.000266	-0.212787	0.00408	1.727999E+9
-7755.56	-6.2	-1.54247	-0.33391	0.000218	0	0.000458	-0.212787	0.004049	1.728E+9
-7811.16	-6.3	-1.551554	-0.332493	0.000495	0	0.000379	-0.212787	0.004043	1.728001E+9
-7863.34	-6.4	-1.540007	-0.331639	0.000402	0	0.000313	-0.212787	0.003997	1.728002E+9
-7912.04	-6.5	-1.555787	-0.342402	0.000175	0	0.000383	-0.212787	0.004038	1.728003E+9
-7957.2	-6.6	-1.555511	-0.339085	0.000234	0	0.000184	-0.212787	0.003996	1.728004E+9
-7998.77	-6.7	-1.552642	-0.346574	-0.000182	0	0.00039	-0.212787	0.003963	1.728005E+9
-8036.69	-6.8	-1.57153	-0.336376	0.00019	0	0.000356	-0.212787	0.003974	1.728006E+9
-8070.91	-6.9	-1.566121	-0.343007	-0.000123	0	0.000398	-0.212787	0.003953	1.728007E+9
-8101.38	-7	-1.552064	-0.345667	0.000199	0	0.000342	-0.212787	0.004092	1.728008E+9
-8070.91	-6.9	-1.555436	-0.324027	0.000867	0	0.00041	-0.212787	0.003984	1.728009E+9
-8036.69	-6.8	-1.569903	-0.360992	0.00106	0	0.000258	-0.212787	0.004031	1.72801E+9
-7998.77	-6.7	-1.544497	-0.333864	0.000777	0	0.000396	-0.212787	0.004015	1.728011E+9
-7957.2	-6.6	-1.559897	-0.331704	0.000379	0	0.000344	-0.212787	0.00398	1.728012E+9
-7912.04	-6.5	-1.553444	-0.332133	0.000492	0	0.000396	-0.212787	0.004045	1.728013E+9
-7863.34	-6.4	-1.54607	-0.323653	0.000526	0	0.000305	-0.212787	0.004032	1.728014E+9
-7811.16	-6.3	-1.560221	-0.342136	0.00049	0	0.000365	-0.212787	0.004004	1.728015E+9
-7755.56	-6.2	-1.552021	-0.330801	0.000728	0	0.000347	-0.212787	0.003964	1.728016E+9
-7696.58	-6.1	-1.535816	-0.355856	0.000848	0	0.000341	-0.212787	0.004075	1.728017E+9
-7634.28	-6	-1.523127	-0.325664	0.000277	0	0.00034	-0.212787	0.004043	1.728018E+9
-7568.71	-5.9	-1.519631	-0.327909	-0.000317	0	0.000338	-0.212787	0.003994	1.728019E+9
-7499.94	-5.8	-1.521414	-0.323933	0.000157	0	0.000356	-0.212787	0.004035	1.72802E+9
-7428.01	-5.7	-1.518078	-0.34057	-3.3E-5	0	0.000496	-0.212787	0.004001	1.728021E+9
-7352.98	-5.6	-1.510927	-0.342721	0.000151	0	0.000364	-0.212787	0.004062	1.728022E+9
-7274.9	-5.5	-1.484979	-0.318527	0.000322	0	0.000265	-0.212787	0.004042	1.728023E+9
-7193.84	-5.4	-1.507773	-0.326577	0.000207	0	0.000394	-0.212787	0.003952	1.728024E+9
-7109.83	-5.3	-1.473186	-0.329635	0.000333	0	0.000343	-0.212787	0.004007	1.728025E+9
-7022.95	-5.2	-1.490765	-0.328332	0.000236	0	0.000313	-0.212787	0.00397	1.728026E+9
-6933.24	-5.1	-1.492321	-0.320772	-9E-6	0	0.0003	-0.212787	0.003957	1.728027E+9
-6840.75	-5	-1.471156	-0.325067	-0.000187	0	0.000328	-0.212787	0.003988	1.728028E+9
-6745.55	-4.9	-1.461295	-0.315441	0.000621	0	0.000616	-0.212787	0.00399	1.728029E+9
-6647.68	-4.8	-1.444671	-0.328497	0.000784	0	0.000428	-0.212787	0.003988	1.72803E+9
-6547.2	-4.7	-1.45688	-0.315775	0.000899	0	0.000263	-0.212787	0.004012	1.728031E+9
-6444.17	-4.6	-1.44408	-0.323826	0.000849	0	0.000322	-0.212787	0.003991	1.728032E+9
-6338.64	-4.5	-1.449002	-0.312877	0.000474	0	0.000279	-0.212787	0.003992	1.728033E+9
-6230.67	-4.4	-1.431195	-0.308875	0.000507	0	0.00048	-0.212787	0.004004	1.728034E+9
-6120.3	-4.3	-1.419789	-0.316373	0.00039	0	0.000365	-0.212787	0.00395	1.728035E+9
-6007.6	-4.2	-1.411511	-0.317903	0.000395	0	0.000399	-0.212787	0.003974	1.728036E+9
-5892.62	-4.1	-1.381979	-0.30407	0.000442	0	0.000386	-0.212787	0.004032	1.728037E+9
-5775.41	-4	-1.378513	-0.31072	0.000431	0	0.000302	-0.212787	0.004011	1.728038E+9
-5656.02	-3.9	-1.365336	-0.307	0.00087	0	0.000432	-0.212787	0.004024	1.728039E+9
-5534.53	-3.8	-1.358646	-0.315593	0.00091	0	0.000334	-0.212787	0.004006	1.72804E+9
-5410.96	-3.7	-1.343608	-0.286705	0.000451	0	0.00036	-0.212787	0.003985	1.728041E+9
-5285.39	-3.6	-1.32366	-0.295938	0.000427	0	0.000266	-0.212787	0.00402	1.728042E+9
-5157.87	-3.5	-1.313914	-0.28548	-0.000262	0	0.00042	-0.212787	0.003934	1.728043E+9
-5028.44	-3.4	-1.266345	-0.286705	1.6E-5	0	0.000445	-0.212787	0.003979	1.728044E+9
-4897.18	-3.3	-1.27023	-0.277033	0.000308	0	0.000395	-0.212787	0.003978	1.728045E+9
-4764.12	-3.2	-1.243717	-0.291721	0.000223	0	0.000431	-0.212787	0.004061	1.728046E+9
-4629.32	-3.1	-1.225813	-0.277699	0.00036	0	0.000488	-0.212787	0.004005	1.728047E+9
-4492.85	-3	-1.211524	-0.274457	0.000145	0	0.000471	-0.212787	0.003997	1.728048E+9
-4354.75	-2.9	-1.18558	-0.266679	0.000448	0	0.000402	-0.212787	0.003936	1.728049E+9
-4215.08	-2.8	-1.175729	-0.264009	-0.000148	0	0.000444	-0.212787	0.003959	1.72805E+9
-4073.89	-2.7	-1.149021	-0.283937	-0.00021	0	0.000386	-0.212787	0.003953	1.728051E+9
-3931.24	-2.6	-1.110808	-0.25411	-0.000102	0	0.000239	-0.212787	0.00393	1.728052E+9
-3787.18	-2.5	-1.118693	-0.252761	0.000431	0	0.000456	-0.212787	0.003983	1.728053E+9
-3641.77	-2.4	-1.073961	-0.257628	0.001056	0	0.000356	-0.212787	0.003942	1.728054E+9
-3495.06	-2.3	-1.080351	-0.26024	0.000932	0	0.000432	-0.212787	0.003989	1.728055E+9
-3347.11	-2.2	-1.057366	-0.214601	0.000487	0	0.000345	-0.212787	0.004003	1.728056E+9
-3197.97	-2.1	-1.019741	-0.233555	0.000885	0	0.000355	-0.212787	0.004039	1.728057E+9
-3047.69	-2	-1.012795	-0.231784	0.000628	0	0.000356	-0.212787	0.003982	1.728058E+9
-2896.33	-1.9	-0.981649	-0.227859	0.000555	0	0.000313	-0.212787	0.003991	1.728059E+9
-2743.95	-1.8	-0.962403	-0.240686	0.000509	0	0.000443	-0.212787	0.003947	1.72806E+9
-2590.6	-1.7	-0.923015	-0.237947	0.00044	0	0.00032	-0.212787	0.004087	1.728061E+9
-2436.33	-1.6	-0.898785	-0.22029	0.000486	0	0.000582	-0.212787	0.004013	1.728062E+9
-2281.19	-1.5	-0.889166	-0.221657	0.000644	0	0.000531	-0.212787	0.004	1.728063E+9
-2125.26	-1.4	-0.849995	-0.221791	0.000869	0	0.000439	-0.212787	0.004018	1.728064E+9
-1968.57	-1.3	-0.823517	-0.205134	0.000781	0	0.000414	-0.212787	0.004009	1.728065E+9
-1811.18	-1.2	-0.811776	-0.201723	0.000514	0	0.00035	-0.212787	0.004029	1.728066E+9
-1653.15	-1.1	-0.785893	-0.199374	0.000465	0	0.000408	-0.212787	0.004002	1.728067E+9
-1494.53	-1	-0.761978	-0.192971	7.5E-5	0	0.000462	-0.212787	0.003959	1.728068E+9
-1335.37	-0.9	-0.740409	-0.184566	0.000143	0	0.000501	-0.212787	0.003952	1.728069E+9
-1175.74	-0.8	-0.701791	-0.187236	0.000415	0	0.000379	-0.212787	0.003958	1.72807E+9
-1015.68	-0.7	-0.671441	-0.185856	0.00023	0	0.000424	-0.212787	0.004024	1.728071E+9
-855.25	-0.6	-0.642088	-0.193013	0.000268	0	0.000457	-0.212787	0.004008	1.728072E+9
-694.51	-0.5	-0.60947	-0.163968	0.000153	0	0.000436	-0.212787	0.003999	1.728073E+9
-533.51	-0.4	-0.595559	-0.174647	0.00018	0	0.000539	-0.212787	0.003948	1.728074E+9
-372.3	-0.3	-0.572154	-0.162484	5.9E-5	0	0.000303	-0.212787	0.003905	1.728075E+9
-210.93	-0.2	-0.553568	-0.176278	8.4E-5	0	0.000404	-0.212787	0.003961	1.728076E+9
-49.47	-0.1	-0.533078	-0.162695	0.000151	0	0.000434	-0.212787	0.003961	1.728077E+9
112.03	0	-0.509374	-0.158566	0.000984	0	0.000561	-0.212787	0.003983	1.728078E+9
273.52	0.1	-0.530586	-0.167204	0.000732	0	0.000485	-0.212787	0.003998	1.728079E+9
434.94	0.2	-0.573486	-0.172113	0.001084	0	0.000396	-0.212787	0.004012	1.72808E+9
596.24	0.3	-0.637445	-0.165989	-8.9E-5	0	0.000444	-0.212787	0.00398	1.728081E+9
757.37	0.4	-0.686181	-0.198435	0.001009	0	0.000376	-0.212787	0.003999	1.728082E+9
918.26	0.5	-0.746832	-0.194985	0.000516	0	0.000476	-0.212787	0.003987	1.728083E+9
1078.87	0.6	-0.819784	-0.20427	0.000573	0	0.000548	-0.212787	0.003966	1.728084E+9
1239.14	0.7	-0.882531	-0.218483	0.000549	0	0.000474	-0.212787	0.003971	1.728085E+9
1399.02	0.8	-0.952939	-0.224204	0.000609	0	0.000431	-0.212787	0.004023	1.728086E+9
1558.44	0.9	-1.00621	-0.251933	0.000533	0	0.000371	-0.212787	0.004018	1.728087E+9
1717.37	1	-1.072606	-0.238476	0.000807	0	0.000287	-0.212787	0.004033	1.728088E+9
1875.73	1.1	-1.117179	-0.269567	0.000683	0	0.000459	-0.212787	0.004005	1.728089E+9
2033.48	1.2	-1.19146	-0.273135	-7E-5	0	0.00036	-0.212787	0.003989	1.72809E+9
2190.57	1.3	-1.233438	-0.27138	-0.000169	0	0.000562	-0.212787	0.003978	1.728091E+9
2346.93	1.4	-1.289408	-0.284499	-0.000124	0	0.00042	-0.212787	0.00406	1.728092E+9
2502.52	1.5	-1.337617	-0.301061	-6.8E-5	0	0.000575	-0.212787	0.004018	1.728093E+9
2657.27	1.6	-1.39617	-0.313498	0.00041	0	0.000579	-0.212787	0.004068	1.728094E+9
2811.14	1.7	-1.439876	-0.302247	0.000403	0	0.000671	-0.212787	0.004032	1.728095E+9
2964.07	1.8	-1.482867	-0.322679	0.000376	0	0.000524	-0.212787	0.004026	1.728096E+9
3116	1.9	-1.518348	-0.344124	0.000289	0	0.000418	-0.212787	0.003996	1.728097E+9
3266.89	2	-1.561774	-0.332825	0.000178	0	0.000525	-0.212787	0.004017	1.728098E+9
3416.67	2.1	-1.605688	-0.335547	-7E-5	0	0.000534	-0.212787	0.004019	1.728099E+9
3565.29	2.2	-1.657325	-0.341619	0.00084	0	0.00062	-0.212787	0.004044	1.7281E+9
3712.69	2.3	-1.690823	-0.350424	0.000116	0	0.000604	-0.212787	0.003979	1.728101E+9
3858.83	2.4	-1.721014	-0.361726	0.001072	0	0.000374	-0.212787	0.004017	1.728102E+9
4003.65	2.5	-1.747586	-0.384513	0.000907	0	0.000475	-0.212787	0.004067	1.728103E+9
4147.09	2.6	-1.776507	-0.375426	0.000764	0	0.000546	-0.212787	0.004009	1.728104E+9
4289.09	2.7	-1.807761	-0.385147	0.000881	0	0.000476	-0.212787	0.003984	1.728105E+9
4429.62	2.8	-1.835837	-0.392742	0.000476	0	0.000449	-0.212787	0.003965	1.728106E+9
4568.59	2.9	-1.858789	-0.392736	0.001005	0	0.000386	-0.212787	0.003979	1.728107E+9
4705.98	3	-1.893396	-0.390618	0.000605	0	0.000592	-0.212787	0.004038	1.728108E+9
4841.71	3.1	-1.91833	-0.402122	0.000627	0	0.000535	-0.212787	0.004026	1.728109E+9
4975.74	3.2	-1.941533	-0.409116	0.000958	0	0.000584	-0.212787	0.00405	1.72811E+9
5108.01	3.3	-1.948294	-0.41693	0.000628	0	0.000256	-0.212787	0.004051	1.728111E+9
5238.46	3.4	-1.996906	-0.417882	0.001002	0	0.000453	-0.212787	0.004045	1.728112E+9
5367.05	3.5	-1.995389	-0.432511	0.000941	0	0.000494	-0.212787	0.00406	1.728113E+9
5493.71	3.6	-2.019865	-0.424227	0.000796	0	0.000485	-0.212787	0.004038	1.728114E+9
5618.4	3.7	-2.044189	-0.417424	2E-5	0	0.00053	-0.212787	0.003978	1.728115E+9
5741.05	3.8	-2.065127	-0.416598	-8E-6	0	0.000541	-0.212787	0.004012	1.728116E+9
5861.61	3.9	-2.080731	-0.429753	0.000326	0	0.000485	-0.212787	0.004033	1.728117E+9
5980.04	4	-2.097346	-0.439837	0.000309	0	0.00057	-0.212787	0.004006	1.728118E+9
6096.26	4.1	-2.109961	-0.437599	0.00056	0	0.000605	-0.212787	0.004021	1.728119E+9
6210.24	4.2	-2.111098	-0.435539	0.000352	0	0.000443	-0.212787	0.004002	1.72812E+9
6321.91	4.3	-2.123658	-0.434142	0.000429	0	0.000529	-0.212787	0.00398	1.728121E+9
6431.22	4.4	-2.143063	-0.443495	0.000387	0	0.000425	-0.212787	0.004048	1.728122E+9
6538.11	4.5	-2.150805	-0.431458	0.000318	0	0.000618	-0.212787	0.004021	1.728123E+9
6642.54	4.6	-2.136555	-0.430757	-5.3E-5	0	0.000334	-0.212787	0.003995	1.728124E+9
6744.44	4.7	-2.159732	-0.450993	-3.4E-5	0	0.000481	-0.212787	0.004007	1.728125E+9
6843.76	4.8	-2.168865	-0.434434	0.000995	0	0.000531	-0.212787	0.004027	1.728126E+9
6940.45	4.9	-2.178384	-0.452377	0.000343	0	0.000504	-0.212787	0.004048	1.728127E+9
7034.46	5	-2.185707	-0.450961	0.001093	0	0.000585	-0.212787	0.00399	1.728128E+9
7125.71	5.1	-2.196493	-0.459564	0.001203	0	0.000593	-0.212787	0.004013	1.728129E+9
7214.18	5.2	-2.191415	-0.462296	0.0006	0	0.000438	-0.212787	0.004028	1.72813E+9
7299.79	5.3	-2.174797	-0.457524	0.000823	0	0.000473	-0.212787	0.003997	1.728131E+9
7382.49	5.4	-2.209975	-0.465772	0.000653	0	0.000453	-0.212787	0.003971	1.728132E+9
7462.23	5.5	-2.20593	-0.455048	0.000735	0	0.000557	-0.212787	0.003962	1.728133E+9
7538.96	5.6	-2.2034	-0.444467	0.000743	0	0.000362	-0.212787	0.004002	1.728134E+9
7612.62	5.7	-2.217824	-0.461591	0.000423	0	0.000542	-0.212787	0.004015	1.728135E+9
7683.15	5.8	-2.22399	-0.462286	0.00054	0	0.000503	-0.212787	0.004117	1.728136E+9
7750.51	5.9	-2.224462	-0.478611	0.000521	0	0.000722	-0.212787	0.004102	1.728137E+9
7814.63	6	-2.228821	-0.4455	0.000947	0	0.000562	-0.212787	0.004004	1.728138E+9
7875.46	6.1	-2.236768	-0.467689	0.001023	0	0.000471	-0.212787	0.004025	1.728139E+9
7932.95	6.2	-2.240839	-0.449122	0.000587	0	0.000575	-0.212787	0.004	1.72814E+9
7987.04	6.3	-2.243136	-0.462046	-0.000138	0	0.00057	-0.212787	0.004032	1.728141E+9
8037.67	6.4	-2.258415	-0.466445	2.2E-5	0	0.000648	-0.212787	0.003987	1.728142E+9
8084.8	6.5	-2.264019	-0.459294	9.7E-5	0	0.000588	-0.212787	0.004062	1.728143E+9
8128.37	6.6	-2.264162	-0.464356	0.00053	0	0.000639	-0.212787	0.004067	1.728144E+9
8168.33	6.7	-2.244737	-0.45625	0.000512	0	0.000452	-0.212787	0.003976	1.728145E+9
8204.61	6.8	-2.240225	-0.463531	0.00049	0	0.000549	-0.212787	0.003995	1.728146E+9
8237.17	6.9	-2.259607	-0.447426	0.000538	0	0.000553	-0.212787	0.004046	1.728147E+9
8265.94	7	-2.265172	-0.462026	0.000537	0	0.000388	-0.212787	0.003939	1.728148E+9
