25/05/2022	20:40

Si\Ta3\(Co85Tb15)75\Pt3-20220525_APEJ2

Field	Kepco	Channel A	Channel B	Agilent	0	RF out	Monitor+	Monitor-	Time
7814.63	6	-0.123128	0.096342	-0.005751	0	-0.005159	-0.212787	0.090312	3.487383E+9
7717.23	5.85	-0.115548	0.097576	-0.004707	0	-0.005365	-0.212787	0.090814	3.487383E+9
7612.62	5.7	-0.093853	0.099714	-0.006176	0	-0.005101	-0.212787	0.090752	3.487384E+9
7500.98	5.55	-0.09744	0.091956	-0.005398	0	-0.00505	-0.212787	0.090869	3.487384E+9
7382.49	5.4	-0.100279	0.095874	-0.005166	0	-0.004687	-0.212787	0.090644	3.487385E+9
7257.34	5.25	-0.088541	0.08668	-0.005412	0	-0.004892	-0.212787	0.090373	3.487385E+9
7125.71	5.1	-0.083947	0.091033	-0.005788	0	-0.004964	-0.212787	0.090807	3.487385E+9
6987.79	4.95	-0.084639	0.087882	-0.005056	0	-0.004421	-0.212787	0.090761	3.487386E+9
6843.76	4.8	-0.077485	0.095117	-0.005227	0	-0.004815	-0.212787	0.090705	3.487386E+9
6693.81	4.65	-0.078392	0.083441	-0.004329	0	-0.004489	-0.212787	0.090214	3.487387E+9
6538.11	4.5	-0.063204	0.097196	-0.005257	0	-0.004759	-0.212787	0.090804	3.487387E+9
6376.86	4.35	-0.06323	0.092167	-0.005084	0	-0.004826	-0.212787	0.090463	3.487387E+9
6210.24	4.2	-0.055199	0.087495	-0.00512	0	-0.004604	-0.212787	0.09011	3.487388E+9
6038.43	4.05	-0.062765	0.089805	-0.005182	0	-0.005153	-0.212787	0.090121	3.487388E+9
5861.61	3.9	-0.062638	0.096303	-0.005819	0	-0.00489	-0.212787	0.090784	3.487389E+9
5679.98	3.75	-0.048834	0.092053	-0.004985	0	-0.005039	-0.212787	0.09074	3.487389E+9
5493.71	3.6	-0.05527	0.087706	-0.005088	0	-0.004982	-0.212787	0.090162	3.487389E+9
5302.99	3.45	-0.053448	0.083356	-0.005088	0	-0.004449	-0.212787	0.090794	3.48739E+9
5108.01	3.3	-0.050442	0.090263	-0.005458	0	-0.004908	-0.212787	0.09012	3.48739E+9
4908.94	3.15	-0.042613	0.088944	-0.005031	0	-0.004436	-0.212787	0.090353	3.487391E+9
4705.98	3	-0.045238	0.089249	-0.00529	0	-0.00502	-0.212787	0.090637	3.487391E+9
4499.3	2.85	-0.047034	0.083444	-0.005412	0	-0.004545	-0.212787	0.09053	3.487391E+9
4289.09	2.7	-0.035865	0.073658	-0.004648	0	-0.004589	-0.212787	0.090481	3.487392E+9
4075.54	2.55	-0.03812	0.085936	-0.005061	0	-0.004859	-0.212787	0.090506	3.487392E+9
3858.83	2.4	-0.044773	0.096608	-0.004836	0	-0.004896	-0.212787	0.090687	3.487393E+9
3639.15	2.25	-0.045075	0.090195	-0.005143	0	-0.00466	-0.212787	0.090774	3.487393E+9
3416.67	2.1	-0.038662	0.085481	-0.004907	0	-0.005113	-0.212787	0.090435	3.487393E+9
3191.58	1.95	-0.035943	0.098216	-0.005417	0	-0.004668	-0.212787	0.090848	3.487394E+9
2964.07	1.8	-0.042486	0.090734	-0.004502	0	-0.004589	-0.212787	0.090186	3.487394E+9
2734.32	1.65	-0.040241	0.090734	-0.004848	0	-0.004968	-0.212787	0.090671	3.487395E+9
2502.52	1.5	-0.037645	0.094262	-0.004939	0	-0.004905	-0.212787	0.09013	3.487395E+9
2268.84	1.35	-0.038984	0.092099	-0.005282	0	-0.005258	-0.212787	0.090167	3.487395E+9
2033.48	1.2	-0.041563	0.084724	-0.0054	0	-0.005171	-0.212787	0.090654	3.487396E+9
1796.62	1.05	-0.035751	0.085867	-0.005107	0	-0.004905	-0.212787	0.090672	3.487396E+9
1558.44	0.9	-0.039338	0.086163	-0.005	0	-0.005001	-0.212787	0.090735	3.487397E+9
1319.13	0.75	-0.037018	0.090763	-0.005065	0	-0.005118	-0.212787	0.090239	3.487397E+9
1078.87	0.6	-0.036872	0.085546	-0.00519	0	-0.005199	-0.212787	0.090166	3.487397E+9
837.85	0.45	-0.043786	0.079412	-0.00474	0	-0.004886	-0.212787	0.090429	3.487398E+9
596.24	0.3	-0.037993	0.082066	-0.005117	0	-0.004984	-0.212787	0.090821	3.487398E+9
354.24	0.15	-0.040329	0.081638	-0.005074	0	-0.004671	-0.212787	0.090181	3.487399E+9
112.03	0	-0.0354	0.083385	-0.004766	0	-0.0056	-0.212787	0.090133	3.487399E+9
-130.21	-0.15	-0.036131	0.084769	-0.005304	0	-0.005432	-0.212787	0.090829	3.487399E+9
-372.3	-0.3	-0.033009	0.080224	-0.004948	0	-0.005203	-0.212787	0.090567	3.4874E+9
-614.04	-0.45	-0.035436	0.083093	-0.005388	0	-0.004884	-0.212787	0.09065	3.4874E+9
-855.25	-0.6	-0.029156	0.083671	-0.005647	0	-0.005025	-0.212787	0.090784	3.487401E+9
-1095.76	-0.75	-0.034046	0.087073	-0.005345	0	-0.005415	-0.212787	0.090174	3.487401E+9
-1335.37	-0.9	-0.036573	0.091628	-0.005187	0	-0.005035	-0.212787	0.090855	3.487401E+9
-1573.91	-1.05	-0.037301	0.07973	-0.005494	0	-0.0055	-0.212787	0.090332	3.487402E+9
-1811.18	-1.2	-0.041024	0.08566	-0.005677	0	-0.005867	-0.212787	0.090137	3.487402E+9
-2047	-1.35	-0.043766	0.080484	-0.005528	0	-0.005214	-0.212787	0.090165	3.487403E+9
-2281.19	-1.5	-0.043438	0.082216	-0.006016	0	-0.005371	-0.212787	0.090169	3.487403E+9
-2513.57	-1.65	-0.036846	0.082531	-0.00564	0	-0.005591	-0.212787	0.090231	3.487403E+9
-2743.95	-1.8	-0.030501	0.084977	-0.00586	0	-0.005708	-0.212787	0.090803	3.487404E+9
-2972.14	-1.95	-0.028822	0.078769	-0.005722	0	-0.00522	-0.212787	0.090576	3.487404E+9
-3197.97	-2.1	-0.03311	0.078769	-0.005336	0	-0.005871	-0.212787	0.090602	3.487405E+9
-3421.24	-2.25	-0.031677	0.08578	-0.005366	0	-0.005527	-0.212787	0.090735	3.487405E+9
-3641.77	-2.4	-0.02772	0.090715	-0.00581	0	-0.00565	-0.212787	0.090297	3.487405E+9
-3859.38	-2.55	-0.033841	0.088661	-0.005277	0	-0.005519	-0.212787	0.090783	3.487406E+9
-4073.89	-2.7	-0.030813	0.077742	-0.005577	0	-0.0059	-0.212787	0.090707	3.487406E+9
-4285.11	-2.85	-0.030781	0.08076	-0.005662	0	-0.005664	-0.212787	0.090062	3.487407E+9
-4492.85	-3	-0.021983	0.080962	-0.005981	0	-0.005472	-0.212787	0.090729	3.487407E+9
-4696.93	-3.15	-0.018107	0.083847	-0.005911	0	-0.005387	-0.212787	0.090766	3.487407E+9
-4897.18	-3.3	-0.016401	0.0823	-0.005338	0	-0.005305	-0.212787	0.090168	3.487408E+9
-5093.39	-3.45	-0.010791	0.07605	-0.006592	0	-0.005777	-0.212787	0.090706	3.487408E+9
-5285.39	-3.6	-0.013247	0.088038	-0.006052	0	-0.005487	-0.212787	0.090612	3.487409E+9
-5473	-3.75	-0.005944	0.084038	-0.005858	0	-0.005892	-0.212787	0.0904	3.487409E+9
-5656.02	-3.9	-0.015641	0.082109	-0.006693	0	-0.005577	-0.212787	0.090728	3.487409E+9
-5834.29	-4.05	-0.011567	0.085539	-0.006358	0	-0.005805	-0.212787	0.090701	3.48741E+9
-6007.6	-4.2	-0.009508	0.079464	-0.00578	0	-0.005659	-0.212787	0.090741	3.48741E+9
-6175.78	-4.35	-0.001977	0.07707	-0.006646	0	-0.006129	-0.212787	0.090426	3.487411E+9
-6338.64	-4.5	-0.002776	0.07628	-0.006495	0	-0.00547	-0.212787	0.090445	3.487411E+9
-6496	-4.65	-0.00146	0.076602	-0.005838	0	-0.005811	-0.212787	0.09013	3.487411E+9
-6647.68	-4.8	-0.002315	0.080887	-0.00636	0	-0.005559	-0.212787	0.090619	3.487412E+9
-6793.49	-4.95	0.009475	0.076261	-0.005971	0	-0.00539	-0.212787	0.090341	3.487412E+9
-6933.24	-5.1	0.007201	0.0749	-0.005575	0	-0.005844	-0.212787	0.09028	3.487413E+9
-7066.75	-5.25	0.012435	0.074052	-0.006036	0	-0.00594	-0.212787	0.090315	3.487413E+9
-7193.84	-5.4	0.014722	0.077395	-0.005561	0	-0.005781	-0.212787	0.090688	3.487413E+9
-7314.32	-5.55	0.01966	0.077125	-0.005865	0	-0.005419	-0.212787	0.090397	3.487414E+9
-7428.01	-5.7	0.02695	0.072846	-0.005647	0	-0.004994	-0.212787	0.090252	3.487414E+9
-7534.72	-5.85	0.030427	0.075377	-0.005269	0	-0.005069	-0.212787	0.090085	3.487415E+9
-7634.28	-6	0.031431	0.073116	-0.005817	0	-0.004959	-0.212787	0.090597	3.487415E+9
-7534.72	-5.85	0.022773	0.076254	-0.005322	0	-0.004926	-0.212787	0.090698	3.487415E+9
-7428.01	-5.7	0.021236	0.085172	-0.005495	0	-0.004943	-0.212787	0.090111	3.487416E+9
-7314.32	-5.55	0.01519	0.075907	-0.004845	0	-0.005215	-0.212787	0.09074	3.487416E+9
-7193.84	-5.4	0.008091	0.076979	-0.004845	0	-0.005297	-0.212787	0.09023	3.487417E+9
-7066.75	-5.25	-0.00071	0.079558	-0.005619	0	-0.004944	-0.212787	0.09065	3.487417E+9
-6933.24	-5.1	-0.017444	0.077931	-0.00521	0	-0.00483	-0.212787	0.090678	3.487417E+9
-6793.49	-4.95	-0.018104	0.080241	-0.005413	0	-0.005422	-0.212787	0.090182	3.487418E+9
-6647.68	-4.8	-0.029143	0.08438	-0.005401	0	-0.004954	-0.212787	0.090725	3.487418E+9
-6496	-4.65	-0.020401	0.082365	-0.004689	0	-0.004901	-0.212787	0.090194	3.487419E+9
-6338.64	-4.5	-0.02365	0.084698	-0.005481	0	-0.005134	-0.212787	0.090119	3.487419E+9
-6175.78	-4.35	-0.035137	0.085958	-0.005607	0	-0.005176	-0.212787	0.090048	3.487419E+9
-6007.6	-4.2	-0.037148	0.085455	-0.005717	0	-0.005273	-0.212787	0.090203	3.48742E+9
-5834.29	-4.05	-0.04005	0.083018	-0.005642	0	-0.004917	-0.212787	0.09074	3.48742E+9
-5656.02	-3.9	-0.043357	0.083434	-0.005744	0	-0.005664	-0.212787	0.090392	3.487421E+9
-5473	-3.75	-0.055026	0.080003	-0.006351	0	-0.005247	-0.212787	0.090678	3.487421E+9
-5285.39	-3.6	-0.056378	0.082261	-0.005363	0	-0.004862	-0.212787	0.090431	3.487421E+9
-5093.39	-3.45	-0.057687	0.089425	-0.006112	0	-0.005708	-0.212787	0.090358	3.487422E+9
-4897.18	-3.3	-0.060725	0.083327	-0.006332	0	-0.005615	-0.212787	0.09031	3.487422E+9
-4696.93	-3.15	-0.064958	0.086647	-0.006228	0	-0.005439	-0.212787	0.090628	3.487423E+9
-4492.85	-3	-0.066365	0.08757	-0.005868	0	-0.005345	-0.212787	0.090764	3.487423E+9
-4285.11	-2.85	-0.072745	0.084445	-0.006393	0	-0.005961	-0.212787	0.090721	3.487423E+9
-4073.89	-2.7	-0.066007	0.083207	-0.005243	0	-0.00545	-0.212787	0.090595	3.487424E+9
-3859.38	-2.55	-0.067534	0.081199	-0.005907	0	-0.005762	-0.212787	0.09055	3.487424E+9
-3641.77	-2.4	-0.067664	0.082771	-0.006276	0	-0.005483	-0.212787	0.090533	3.487425E+9
-3421.24	-2.25	-0.062502	0.083723	-0.005849	0	-0.006151	-0.212787	0.090465	3.487425E+9
-3197.97	-2.1	-0.070858	0.083791	-0.006154	0	-0.005726	-0.212787	0.090667	3.487425E+9
-2972.14	-1.95	-0.062216	0.084834	-0.006135	0	-0.005876	-0.212787	0.090738	3.487426E+9
-2743.95	-1.8	-0.067135	0.086316	-0.0062	0	-0.005874	-0.212787	0.090754	3.487426E+9
-2513.57	-1.65	-0.073165	0.084305	-0.005885	0	-0.005527	-0.212787	0.090411	3.487427E+9
-2281.19	-1.5	-0.072934	0.086842	-0.006129	0	-0.006374	-0.212787	0.090542	3.487427E+9
-2047	-1.35	-0.072014	0.083733	-0.006502	0	-0.005985	-0.212787	0.090087	3.487427E+9
-1811.18	-1.2	-0.07207	0.080231	-0.006685	0	-0.005648	-0.212787	0.09025	3.487428E+9
-1573.91	-1.05	-0.083337	0.087684	-0.005757	0	-0.005734	-0.212787	0.090448	3.487428E+9
-1335.37	-0.9	-0.077391	0.073337	-0.005946	0	-0.005816	-0.212787	0.090121	3.487429E+9
-1095.76	-0.75	-0.077303	0.081677	-0.0057	0	-0.00591	-0.212787	0.090121	3.487429E+9
-855.25	-0.6	-0.082511	0.087359	-0.006531	0	-0.005868	-0.212787	0.090518	3.487429E+9
-614.04	-0.45	-0.078973	0.087658	-0.00598	0	-0.005622	-0.212787	0.090378	3.48743E+9
-372.3	-0.3	-0.081611	0.085971	-0.006292	0	-0.005276	-0.212787	0.090729	3.48743E+9
-130.21	-0.15	-0.080214	0.077398	-0.006113	0	-0.005639	-0.212787	0.090608	3.487431E+9
112.03	0	-0.080835	0.082096	-0.006756	0	-0.00541	-0.212787	0.090059	3.487431E+9
354.24	0.15	-0.084227	0.081189	-0.005775	0	-0.006343	-0.212787	0.090315	3.487431E+9
596.24	0.3	-0.081969	0.082083	-0.006039	0	-0.005177	-0.212787	0.090652	3.487432E+9
837.85	0.45	-0.086689	0.086082	-0.006184	0	-0.006158	-0.212787	0.090133	3.487432E+9
1078.87	0.6	-0.086813	0.086121	-0.006164	0	-0.005894	-0.212787	0.0905	3.487433E+9
1319.13	0.75	-0.084077	0.080315	-0.005676	0	-0.005944	-0.212787	0.090106	3.487433E+9
1558.44	0.9	-0.088632	0.087076	-0.00628	0	-0.005922	-0.212787	0.090761	3.487433E+9
1796.62	1.05	-0.086449	0.087869	-0.006441	0	-0.005529	-0.212787	0.090704	3.487434E+9
2033.48	1.2	-0.085432	0.083772	-0.006305	0	-0.006119	-0.212787	0.090673	3.487434E+9
2268.84	1.35	-0.08219	0.084006	-0.005786	0	-0.005388	-0.212787	0.090703	3.487435E+9
2502.52	1.5	-0.092576	0.087908	-0.006188	0	-0.006171	-0.212787	0.090302	3.487435E+9
2734.32	1.65	-0.08549	0.084178	-0.005585	0	-0.005573	-0.212787	0.090433	3.487435E+9
2964.07	1.8	-0.09255	0.084877	-0.005952	0	-0.005354	-0.212787	0.090534	3.487436E+9
3191.58	1.95	-0.088193	0.085175	-0.006221	0	-0.00561	-0.212787	0.090119	3.487436E+9
3416.67	2.1	-0.084217	0.087089	-0.005241	0	-0.005982	-0.212787	0.090226	3.487437E+9
3639.15	2.25	-0.088743	0.086803	-0.005866	0	-0.005456	-0.212787	0.090254	3.487437E+9
3858.83	2.4	-0.092979	0.08539	-0.005694	0	-0.005038	-0.212787	0.090525	3.487437E+9
4075.54	2.55	-0.083518	0.090555	-0.005405	0	-0.0059	-0.212787	0.090267	3.487438E+9
4289.09	2.7	-0.09344	0.082485	-0.005667	0	-0.005275	-0.212787	0.090532	3.487438E+9
4499.3	2.85	-0.088668	0.090162	-0.005872	0	-0.005578	-0.212787	0.090075	3.487439E+9
4705.98	3	-0.085763	0.091049	-0.006362	0	-0.005283	-0.212787	0.090549	3.487439E+9
4908.94	3.15	-0.090042	0.082804	-0.005026	0	-0.005215	-0.212787	0.090445	3.487439E+9
5108.01	3.3	-0.089499	0.085848	-0.005969	0	-0.005452	-0.212787	0.090502	3.48744E+9
5302.99	3.45	-0.081452	0.088912	-0.006169	0	-0.005489	-0.212787	0.090665	3.48744E+9
5493.71	3.6	-0.088915	0.084656	-0.005375	0	-0.005708	-0.212787	0.090359	3.487441E+9
5679.98	3.75	-0.082394	0.090286	-0.006007	0	-0.004772	-0.212787	0.090666	3.487441E+9
5861.61	3.9	-0.078899	0.084071	-0.005636	0	-0.005319	-0.212787	0.090257	3.487441E+9
6038.43	4.05	-0.085117	0.08372	-0.005301	0	-0.005554	-0.212787	0.090067	3.487442E+9
6210.24	4.2	-0.089214	0.086858	-0.005301	0	-0.005357	-0.212787	0.090397	3.487442E+9
6376.86	4.35	-0.092716	0.087502	-0.005979	0	-0.004975	-0.212787	0.090292	3.487443E+9
6538.11	4.5	-0.094844	0.08806	-0.005033	0	-0.005723	-0.212787	0.090665	3.487443E+9
6693.81	4.65	-0.089386	0.083311	-0.00611	0	-0.005245	-0.212787	0.090369	3.487443E+9
6843.76	4.8	-0.094477	0.083174	-0.005625	0	-0.005257	-0.212787	0.090701	3.487444E+9
6987.79	4.95	-0.102199	0.091056	-0.00571	0	-0.005343	-0.212787	0.090606	3.487444E+9
7125.71	5.1	-0.094902	0.088993	-0.005184	0	-0.004954	-0.212787	0.090632	3.487445E+9
7257.34	5.25	-0.108417	0.083483	-0.005538	0	-0.005661	-0.212787	0.09065	3.487445E+9
7382.49	5.4	-0.100273	0.084185	-0.005381	0	-0.004855	-0.212787	0.090403	3.487445E+9
7500.98	5.55	-0.106549	0.082547	-0.005461	0	-0.005351	-0.212787	0.09062	3.487446E+9
7612.62	5.7	-0.107699	0.087648	-0.006067	0	-0.005292	-0.212787	0.089997	3.487446E+9
7717.23	5.85	-0.10779	0.09063	-0.005919	0	-0.005613	-0.212787	0.090473	3.487447E+9
7814.63	6	-0.11472	0.088025	-0.005808	0	-0.005432	-0.212787	0.090682	3.487447E+9
