05/05/2022	18:14

Co88Tb12_20210531_CVEJ6

Field	Kepco	Channel A	Channel B	Agilent	0	RF out	Monitor+	Monitor-	Time
8265.94	7	-5.920826	-1.295054	0.008937	0	0.008735	-0.212787	0.059054	1.75135E+9
8204.61	6.8	-5.921719	-1.298401	0.009401	0	0.009159	-0.212787	0.059263	1.751351E+9
8128.37	6.6	-5.921713	-1.298878	0.009186	0	0.009348	-0.212787	0.058773	1.751352E+9
8037.67	6.4	-5.923717	-1.297982	0.008556	0	0.008698	-0.212787	0.059148	1.751353E+9
7932.95	6.2	-5.924172	-1.297738	0.009001	0	0.008319	-0.212787	0.058973	1.751354E+9
7814.63	6	-5.926248	-1.298141	0.008947	0	0.008969	-0.212787	0.058649	1.751355E+9
7683.15	5.8	-5.924572	-1.298147	0.009203	0	0.008824	-0.212787	0.059293	1.751356E+9
7538.96	5.6	-5.926147	-1.298635	0.008955	0	0.008809	-0.212787	0.059231	1.751357E+9
7382.49	5.4	-5.926589	-1.299378	0.009022	0	0.008813	-0.212787	0.058951	1.751358E+9
7214.18	5.2	-5.928295	-1.299856	0.0097	0	0.009111	-0.212787	0.058774	1.751359E+9
7034.46	5	-5.930601	-1.299801	0.009556	0	0.009143	-0.212787	0.059114	1.75136E+9
6843.76	4.8	-5.929614	-1.298992	0.009784	0	0.009164	-0.212787	0.058976	1.751361E+9
6642.54	4.6	-5.930858	-1.301581	0.009542	0	0.008967	-0.212787	0.058664	1.751362E+9
6431.22	4.4	-5.932041	-1.299859	0.009902	0	0.008958	-0.212787	0.058678	1.751363E+9
6210.24	4.2	-5.931008	-1.299817	0.009684	0	0.009575	-0.212787	0.059366	1.751364E+9
5980.04	4	-5.931456	-1.30033	0.009019	0	0.009328	-0.212787	0.059015	1.751365E+9
5741.05	3.8	-5.931397	-1.300782	0.009397	0	0.008772	-0.212787	0.058625	1.751366E+9
5493.71	3.6	-5.932548	-1.297618	0.00923	0	0.008724	-0.212787	0.059313	1.751367E+9
5238.46	3.4	-5.933756	-1.29944	0.009151	0	0.008524	-0.212787	0.058943	1.751368E+9
4975.74	3.2	-5.938109	-1.299788	0.008981	0	0.008882	-0.212787	0.058995	1.751369E+9
4705.98	3	-5.942093	-1.30289	0.009129	0	0.009038	-0.212787	0.058948	1.75137E+9
4429.62	2.8	-5.940903	-1.302094	0.00848	0	0.008745	-0.212787	0.059272	1.751371E+9
4147.09	2.6	-5.942807	-1.302004	0.008882	0	0.009258	-0.212787	0.059292	1.751372E+9
3858.83	2.4	-5.904643	-1.291432	0.008657	0	0.008471	-0.212787	0.0593	1.751373E+9
3565.29	2.2	-5.756344	-1.263499	0.007787	0	0.008842	-0.212787	0.058861	1.751374E+9
3266.89	2	-5.505366	-1.206086	0.008189	0	0.008644	-0.212787	0.058546	1.751375E+9
2964.07	1.8	-5.208837	-1.139944	0.008094	0	0.008274	-0.212787	0.059238	1.751376E+9
2657.27	1.6	-4.882717	-1.069659	0.007715	0	0.007482	-0.212787	0.059214	1.751377E+9
2346.93	1.4	-4.543405	-0.996035	0.007072	0	0.007109	-0.212787	0.058845	1.751378E+9
2033.48	1.2	-4.202546	-0.919971	0.006567	0	0.007078	-0.212787	0.05924	1.751379E+9
1717.37	1	-3.851973	-0.845619	0.006787	0	0.006297	-0.212787	0.059226	1.75138E+9
1399.02	0.8	-3.501479	-0.766673	0.005951	0	0.006136	-0.212787	0.059192	1.751381E+9
1078.87	0.6	-3.143853	-0.686918	0.00518	0	0.005459	-0.212787	0.059206	1.751382E+9
757.37	0.4	-2.784055	-0.60971	0.005025	0	0.005636	-0.212787	0.058902	1.751383E+9
434.94	0.2	-2.423977	-0.528679	0.00437	0	0.004764	-0.212787	0.058836	1.751384E+9
112.03	0	-2.065563	-0.45037	0.003665	0	0.004304	-0.212787	0.0587	1.751385E+9
-210.93	-0.2	-1.700573	-0.370534	0.003558	0	0.003936	-0.212787	0.059093	1.751386E+9
-533.51	-0.4	-1.333793	-0.290902	0.003304	0	0.003634	-0.212787	0.059175	1.751387E+9
-855.25	-0.6	-0.96738	-0.210283	0.002694	0	0.003624	-0.212787	0.059155	1.751388E+9
-1175.74	-0.8	-0.598482	-0.12893	0.00264	0	0.002153	-0.212787	0.058828	1.751389E+9
-1494.53	-1	-0.23115	-0.049348	0.001622	0	0.002428	-0.212787	0.059138	1.75139E+9
-1811.18	-1.2	0.139489	0.035332	0.001694	0	0.001775	-0.212787	0.059266	1.751391E+9
-2125.26	-1.4	0.510986	0.117228	0.001884	0	0.001328	-0.212787	0.059092	1.751392E+9
-2436.33	-1.6	0.878383	0.196937	0.000998	0	0.00106	-0.212787	0.058602	1.751393E+9
-2743.95	-1.8	1.251989	0.281	0.000306	0	0.000875	-0.212787	0.058648	1.751394E+9
-3047.69	-2	1.622859	0.361496	0.000431	0	0.000239	-0.212787	0.058864	1.751395E+9
-3347.11	-2.2	1.996397	0.442381	-1E-6	0	-0.00034	-0.212787	0.058975	1.751396E+9
-3641.77	-2.4	2.369753	0.522454	-0.000497	0	-0.000887	-0.212787	0.059364	1.751397E+9
-3931.24	-2.6	2.738935	0.60614	-0.001541	0	-0.001602	-0.212787	0.058849	1.751398E+9
-4215.08	-2.8	3.110192	0.686811	-0.00155	0	-0.001493	-0.212787	0.059388	1.751399E+9
-4492.85	-3	3.475693	0.767631	-0.002005	0	-0.002192	-0.212787	0.059341	1.7514E+9
-4764.12	-3.2	3.842342	0.848156	-0.002699	0	-0.002625	-0.212787	0.058928	1.751401E+9
-5028.44	-3.4	4.202255	0.925468	-0.003084	0	-0.003103	-0.212787	0.059132	1.751402E+9
-5285.39	-3.6	4.551828	1.002078	-0.003123	0	-0.003373	-0.212787	0.059431	1.751403E+9
-5534.53	-3.8	4.887526	1.076024	-0.003155	0	-0.003651	-0.212787	0.059041	1.751404E+9
-5775.41	-4	5.199832	1.147917	-0.004966	0	-0.004002	-0.212787	0.05871	1.751405E+9
-6007.6	-4.2	5.47842	1.205323	-0.003833	0	-0.004169	-0.212787	0.059532	1.751406E+9
-6230.67	-4.4	5.716569	1.258652	-0.004179	0	-0.004583	-0.212787	0.059045	1.751407E+9
-6444.17	-4.6	5.916983	1.301624	-0.004214	0	-0.004796	-0.212787	0.059436	1.751408E+9
-6647.68	-4.8	6.082479	1.338946	-0.004452	0	-0.005263	-0.212787	0.058764	1.751409E+9
-6840.75	-5	6.213748	1.365564	-0.005002	0	-0.004522	-0.212787	0.05884	1.75141E+9
-7022.95	-5.2	6.309572	1.389397	-0.004863	0	-0.005301	-0.212787	0.058941	1.751411E+9
-7193.84	-5.4	6.378289	1.405046	-0.004863	0	-0.005004	-0.212787	0.059	1.751412E+9
-7352.98	-5.6	6.416927	1.411875	-0.00583	0	-0.005203	-0.212787	0.058943	1.751413E+9
-7499.94	-5.8	6.44052	1.417954	-0.004823	0	-0.005257	-0.212787	0.059078	1.751414E+9
-7634.28	-6	6.450377	1.420238	-0.005332	0	-0.00548	-0.212787	0.059342	1.751415E+9
-7755.56	-6.2	6.455465	1.418328	-0.005677	0	-0.005531	-0.212787	0.059281	1.751416E+9
-7863.34	-6.4	6.458158	1.421775	-0.005794	0	-0.005306	-0.212787	0.059437	1.751417E+9
-7957.2	-6.6	6.458974	1.420069	-0.00577	0	-0.005494	-0.212787	0.058835	1.751418E+9
-8036.69	-6.8	6.457937	1.420079	-0.006112	0	-0.005407	-0.212787	0.058816	1.751419E+9
-8101.38	-7	6.455198	1.420381	-0.005342	0	-0.005431	-0.212787	0.059061	1.75142E+9
-8036.69	-6.8	6.45682	1.421255	-0.005677	0	-0.005037	-0.212787	0.059414	1.751421E+9
-7957.2	-6.6	6.459828	1.420784	-0.005699	0	-0.005159	-0.212787	0.059034	1.751422E+9
-7863.34	-6.4	6.460903	1.421515	-0.005708	0	-0.005442	-0.212787	0.058955	1.751423E+9
-7755.56	-6.2	6.461628	1.420608	-0.00558	0	-0.005572	-0.212787	0.059055	1.751424E+9
-7634.28	-6	6.461631	1.421453	-0.005489	0	-0.005451	-0.212787	0.058971	1.751425E+9
-7499.94	-5.8	6.464672	1.421073	-0.005533	0	-0.005192	-0.212787	0.059146	1.751426E+9
-7352.98	-5.6	6.465634	1.420988	-0.005059	0	-0.005532	-0.212787	0.058891	1.751427E+9
-7193.84	-5.4	6.464854	1.419994	-0.005534	0	-0.005213	-0.212787	0.059434	1.751428E+9
-7022.95	-5.2	6.46706	1.421596	-0.005379	0	-0.005672	-0.212787	0.05895	1.751429E+9
-6840.75	-5	6.468993	1.42116	-0.005088	0	-0.005631	-0.212787	0.059415	1.75143E+9
-6647.68	-4.8	6.469912	1.420598	-0.005605	0	-0.005254	-0.212787	0.059118	1.751431E+9
-6444.17	-4.6	6.471696	1.423708	-0.005523	0	-0.005474	-0.212787	0.058801	1.751432E+9
-6230.67	-4.4	6.46987	1.422999	-0.005351	0	-0.005067	-0.212787	0.058982	1.751433E+9
-6007.6	-4.2	6.471624	1.424188	-0.005468	0	-0.004778	-0.212787	0.05886	1.751434E+9
-5775.41	-4	6.476904	1.42552	-0.005259	0	-0.005663	-0.212787	0.058733	1.751435E+9
-5534.53	-3.8	6.475075	1.425988	-0.005425	0	-0.005713	-0.212787	0.059036	1.751437E+9
-5285.39	-3.6	6.47896	1.426765	-0.005797	0	-0.005379	-0.212787	0.058778	1.751437E+9
-5028.44	-3.4	6.483366	1.425849	-0.004893	0	-0.005284	-0.212787	0.059138	1.751438E+9
-4764.12	-3.2	6.4877	1.426836	-0.005948	0	-0.005704	-0.212787	0.058662	1.751439E+9
-4492.85	-3	6.48078	1.425036	-0.006118	0	-0.005778	-0.212787	0.058873	1.75144E+9
-4215.08	-2.8	6.416882	1.412623	-0.005499	0	-0.005454	-0.212787	0.058908	1.751441E+9
-3931.24	-2.6	6.237175	1.373059	-0.005304	0	-0.005181	-0.212787	0.058614	1.751442E+9
-3641.77	-2.4	5.970693	1.312225	-0.004613	0	-0.005154	-0.212787	0.059024	1.751443E+9
-3347.11	-2.2	5.663996	1.245365	-0.004384	0	-0.004496	-0.212787	0.059261	1.751444E+9
-3047.69	-2	5.336329	1.173917	-0.004218	0	-0.004083	-0.212787	0.058763	1.751445E+9
-2743.95	-1.8	4.99952	1.099666	-0.003427	0	-0.003738	-0.212787	0.058614	1.751446E+9
-2436.33	-1.6	4.652753	1.02466	-0.003084	0	-0.003272	-0.212787	0.058919	1.751447E+9
-2125.26	-1.4	4.302975	0.949067	-0.002708	0	-0.002789	-0.212787	0.058604	1.751448E+9
-1811.18	-1.2	3.951102	0.873289	-0.002184	0	-0.002425	-0.212787	0.059296	1.751449E+9
-1494.53	-1	3.595607	0.793154	-0.00188	0	-0.002416	-0.212787	0.059217	1.75145E+9
-1175.74	-0.8	3.23739	0.713968	-0.0021	0	-0.001233	-0.212787	0.058702	1.751451E+9
-855.25	-0.6	2.878617	0.634954	-0.001454	0	-0.001122	-0.212787	0.058837	1.751452E+9
-533.51	-0.4	2.516758	0.556687	-0.000756	0	-0.001038	-0.212787	0.058987	1.751453E+9
-210.93	-0.2	2.154747	0.475343	-0.000124	0	-0.000706	-0.212787	0.058591	1.751454E+9
112.03	0	1.788227	0.396177	0.000191	0	-0.000208	-0.212787	0.058419	1.751455E+9
434.94	0.2	1.419835	0.315662	0.000728	0	0.000683	-0.212787	0.058902	1.751456E+9
757.37	0.4	1.052139	0.236021	0.001091	0	0.000884	-0.212787	0.059203	1.751457E+9
1078.87	0.6	0.685986	0.153332	0.001525	0	0.001041	-0.212787	0.058518	1.751458E+9
1399.02	0.8	0.318871	0.074048	0.001547	0	0.001884	-0.212787	0.058975	1.751459E+9
1717.37	1	-0.050488	-0.006486	0.002235	0	0.002257	-0.212787	0.05845	1.75146E+9
2033.48	1.2	-0.424233	-0.091663	0.002421	0	0.002386	-0.212787	0.059023	1.751461E+9
2346.93	1.4	-0.796022	-0.172539	0.002479	0	0.002989	-0.212787	0.059079	1.751462E+9
2657.27	1.6	-1.168033	-0.254603	0.003156	0	0.003751	-0.212787	0.058565	1.751463E+9
2964.07	1.8	-1.538792	-0.336197	0.003378	0	0.003847	-0.212787	0.058962	1.751464E+9
3266.89	2	-1.909903	-0.420104	0.00444	0	0.00452	-0.212787	0.058354	1.751465E+9
3565.29	2.2	-2.280932	-0.499579	0.004333	0	0.004715	-0.212787	0.058345	1.751466E+9
3858.83	2.4	-2.646825	-0.581888	0.005047	0	0.005544	-0.212787	0.059112	1.751467E+9
4147.09	2.6	-3.016023	-0.660768	0.005457	0	0.006041	-0.212787	0.058996	1.751468E+9
4429.62	2.8	-3.37833	-0.74192	0.006132	0	0.006173	-0.212787	0.058422	1.751469E+9
4705.98	3	-3.737508	-0.819583	0.006717	0	0.006917	-0.212787	0.058543	1.75147E+9
4975.74	3.2	-4.079841	-0.896095	0.006514	0	0.007278	-0.212787	0.058921	1.751471E+9
5238.46	3.4	-4.411045	-0.967465	0.007701	0	0.007264	-0.212787	0.058379	1.751472E+9
5493.71	3.6	-4.715381	-1.034637	0.007975	0	0.007415	-0.212787	0.058318	1.751473E+9
5741.05	3.8	-4.984665	-1.093431	0.007939	0	0.008407	-0.212787	0.058465	1.751474E+9
5980.04	4	-5.213704	-1.140496	0.008451	0	0.008789	-0.212787	0.058929	1.751475E+9
6210.24	4.2	-5.403269	-1.184319	0.008599	0	0.008584	-0.212787	0.059095	1.751476E+9
6431.22	4.4	-5.559505	-1.219448	0.00846	0	0.008514	-0.212787	0.058434	1.751477E+9
6642.54	4.6	-5.679324	-1.244315	0.008806	0	0.008987	-0.212787	0.058995	1.751478E+9
6843.76	4.8	-5.766062	-1.2628	0.009046	0	0.009155	-0.212787	0.059112	1.751479E+9
7034.46	5	-5.82776	-1.276643	0.009333	0	0.009071	-0.212787	0.058669	1.75148E+9
7214.18	5.2	-5.863283	-1.285184	0.008977	0	0.009165	-0.212787	0.058862	1.751481E+9
7382.49	5.4	-5.878789	-1.287686	0.009035	0	0.009371	-0.212787	0.058419	1.751482E+9
7538.96	5.6	-5.88927	-1.290584	0.009082	0	0.009362	-0.212787	0.058711	1.751483E+9
7683.15	5.8	-5.892434	-1.289905	0.009198	0	0.009032	-0.212787	0.058809	1.751484E+9
7814.63	6	-5.894133	-1.290402	0.009058	0	0.009295	-0.212787	0.05909	1.751485E+9
7932.95	6.2	-5.894153	-1.289665	0.009009	0	0.009273	-0.212787	0.058982	1.751486E+9
8037.67	6.4	-5.894257	-1.290197	0.009334	0	0.009268	-0.212787	0.058515	1.751487E+9
8128.37	6.6	-5.893818	-1.289717	0.008966	0	0.009041	-0.212787	0.058469	1.751488E+9
8204.61	6.8	-5.893409	-1.289762	0.009308	0	0.009254	-0.212787	0.058345	1.751489E+9
8265.94	7	-5.892489	-1.291208	0.009496	0	0.009183	-0.212787	0.058463	1.75149E+9
