25/05/2022	20:41

Si\Ta3\(Co85Tb15)75\Pt3-20220525_APEJ2

Field	Kepco	Channel A	Channel B	Agilent	0	RF out	Monitor+	Monitor-	Time
7814.63	6	-0.106088	0.089376	-0.00625	0	-0.005305	-0.212787	0.090614	3.487448E+9
7717.23	5.85	-0.101013	0.090663	-0.005879	0	-0.005505	-0.212787	0.090123	3.487448E+9
7612.62	5.7	-0.098629	0.083619	-0.005559	0	-0.005794	-0.212787	0.090464	3.487448E+9
7500.98	5.55	-0.089113	0.082472	-0.005631	0	-0.005955	-0.212787	0.090495	3.487449E+9
7382.49	5.4	-0.079688	0.089496	-0.005733	0	-0.005417	-0.212787	0.090701	3.487449E+9
7257.34	5.25	-0.076784	0.08115	-0.005163	0	-0.005153	-0.212787	0.090061	3.487449E+9
7125.71	5.1	-0.079058	0.086628	-0.005456	0	-0.00566	-0.212787	0.090365	3.48745E+9
6987.79	4.95	-0.074484	0.088148	-0.005765	0	-0.005724	-0.212787	0.090186	3.48745E+9
6843.76	4.8	-0.066167	0.079942	-0.005902	0	-0.005763	-0.212787	0.090389	3.487451E+9
6693.81	4.65	-0.063568	0.086017	-0.005447	0	-0.005837	-0.212787	0.09007	3.487451E+9
6538.11	4.5	-0.054559	0.089899	-0.006175	0	-0.005677	-0.212787	0.090418	3.487452E+9
6376.86	4.35	-0.05347	0.079409	-0.006009	0	-0.00516	-0.212787	0.090328	3.487452E+9
6210.24	4.2	-0.047967	0.082459	-0.006575	0	-0.006219	-0.212787	0.090145	3.487452E+9
6038.43	4.05	-0.045732	0.087333	-0.00598	0	-0.0055	-0.212787	0.09074	3.487453E+9
5861.61	3.9	-0.040696	0.083424	-0.005138	0	-0.005481	-0.212787	0.090299	3.487453E+9
5679.98	3.75	-0.038562	0.083402	-0.004952	0	-0.005265	-0.212787	0.090664	3.487454E+9
5493.71	3.6	-0.04118	0.075419	-0.004928	0	-0.005544	-0.212787	0.090849	3.487454E+9
5302.99	3.45	-0.022886	0.076342	-0.005506	0	-0.005327	-0.212787	0.090595	3.487454E+9
5108.01	3.3	-0.027571	0.081897	-0.00478	0	-0.005558	-0.212787	0.090103	3.487455E+9
4908.94	3.15	-0.025794	0.082966	-0.004751	0	-0.005431	-0.212787	0.090656	3.487455E+9
4705.98	3	-0.02235	0.078983	-0.005117	0	-0.005156	-0.212787	0.09062	3.487456E+9
4499.3	2.85	-0.030108	0.087687	-0.005161	0	-0.005983	-0.212787	0.090131	3.487456E+9
4289.09	2.7	-0.025027	0.081725	-0.005266	0	-0.005142	-0.212787	0.090496	3.487456E+9
4075.54	2.55	-0.014449	0.081212	-0.005206	0	-0.005595	-0.212787	0.090118	3.487457E+9
3858.83	2.4	-0.018029	0.083022	-0.005015	0	-0.005609	-0.212787	0.090663	3.487457E+9
3639.15	2.25	-0.010174	0.082089	-0.006213	0	-0.005719	-0.212787	0.090645	3.487458E+9
3416.67	2.1	-0.015687	0.081277	-0.005609	0	-0.005737	-0.212787	0.090137	3.487458E+9
3191.58	1.95	-0.015735	0.084818	-0.005493	0	-0.0059	-0.212787	0.090353	3.487458E+9
2964.07	1.8	-0.018877	0.082219	-0.005478	0	-0.005608	-0.212787	0.090456	3.487459E+9
2734.32	1.65	-0.014491	0.074971	-0.005236	0	-0.005527	-0.212787	0.090767	3.487459E+9
2502.52	1.5	-0.019813	0.07666	-0.006022	0	-0.005841	-0.212787	0.09069	3.48746E+9
2268.84	1.35	-0.009238	0.081313	-0.005417	0	-0.005794	-0.212787	0.090221	3.48746E+9
2033.48	1.2	-0.013559	0.084688	-0.004995	0	-0.006331	-0.212787	0.090324	3.48746E+9
1796.62	1.05	-0.014797	0.080754	-0.005115	0	-0.00596	-0.212787	0.09019	3.487461E+9
1558.44	0.9	-0.020618	0.082401	-0.005428	0	-0.005792	-0.212787	0.090114	3.487461E+9
1319.13	0.75	-0.011343	0.078119	-0.005601	0	-0.005046	-0.212787	0.090473	3.487462E+9
1078.87	0.6	-0.034101	0.086121	-0.003258	0	-0.006089	-0.212787	0.090716	3.487462E+9
837.85	0.45	-0.050001	0.088525	-0.005357	0	-0.005153	-0.212787	0.090196	3.487462E+9
596.24	0.3	-0.048639	0.083489	-0.005056	0	-0.005827	-0.212787	0.090734	3.487463E+9
354.24	0.15	-0.044708	0.086702	-0.005374	0	-0.005595	-0.212787	0.090167	3.487463E+9
112.03	0	-0.053776	0.084812	-0.005251	0	-0.005765	-0.212787	0.090241	3.487464E+9
-130.21	-0.15	-0.043334	0.091689	-0.005268	0	-0.006005	-0.212787	0.090691	3.487464E+9
-372.3	-0.3	-0.04375	0.08128	-0.005856	0	-0.00635	-0.212787	0.090781	3.487464E+9
-614.04	-0.45	-0.048347	0.082498	-0.005202	0	-0.006068	-0.212787	0.090115	3.487465E+9
-855.25	-0.6	-0.039455	0.081969	-0.005993	0	-0.006023	-0.212787	0.090047	3.487465E+9
-1095.76	-0.75	-0.037626	0.078902	-0.005284	0	-0.005873	-0.212787	0.090153	3.487466E+9
-1335.37	-0.9	-0.041187	0.080228	-0.005674	0	-0.005975	-0.212787	0.090632	3.487466E+9
-1573.91	-1.05	-0.04207	0.083788	-0.00584	0	-0.005792	-0.212787	0.090129	3.487466E+9
-1811.18	-1.2	-0.038903	0.077177	-0.005694	0	-0.006192	-0.212787	0.090639	3.487467E+9
-2047	-1.35	-0.041115	0.084149	-0.005488	0	-0.005862	-0.212787	0.090179	3.487467E+9
-2281.19	-1.5	-0.040209	0.081076	-0.00582	0	-0.005582	-0.212787	0.090484	3.487468E+9
-2513.57	-1.65	-0.038467	0.092099	-0.005901	0	-0.005941	-0.212787	0.089972	3.487468E+9
-2743.95	-1.8	-0.039341	0.080244	-0.005556	0	-0.005734	-0.212787	0.09043	3.487468E+9
-2972.14	-1.95	-0.040699	0.087612	-0.005919	0	-0.005706	-0.212787	0.090511	3.487469E+9
-3197.97	-2.1	-0.033675	0.07986	-0.005471	0	-0.005448	-0.212787	0.090143	3.487469E+9
-3421.24	-2.25	-0.036775	0.076625	-0.005627	0	-0.005779	-0.212787	0.090053	3.48747E+9
-3641.77	-2.4	-0.044734	0.089457	-0.005519	0	-0.005993	-0.212787	0.090614	3.48747E+9
-3859.38	-2.55	-0.040602	0.087177	-0.005026	0	-0.005453	-0.212787	0.090183	3.48747E+9
-4073.89	-2.7	-0.037597	0.083756	-0.005649	0	-0.005371	-0.212787	0.090655	3.487471E+9
-4285.11	-2.85	-0.033575	0.080026	-0.005799	0	-0.005463	-0.212787	0.09046	3.487471E+9
-4492.85	-3	-0.031606	0.082037	-0.005566	0	-0.005093	-0.212787	0.090633	3.487472E+9
-4696.93	-3.15	-0.032265	0.085971	-0.00499	0	-0.006077	-0.212787	0.090363	3.487472E+9
-4897.18	-3.3	-0.036245	0.08169	-0.005266	0	-0.005785	-0.212787	0.090275	3.487472E+9
-5093.39	-3.45	-0.027688	0.074822	-0.005725	0	-0.005407	-0.212787	0.090645	3.487473E+9
-5285.39	-3.6	-0.021021	0.070241	-0.005309	0	-0.005845	-0.212787	0.090148	3.487473E+9
-5473	-3.75	-0.027935	0.070533	-0.005476	0	-0.005308	-0.212787	0.090143	3.487474E+9
-5656.02	-3.9	-0.024127	0.075725	-0.005668	0	-0.005905	-0.212787	0.090621	3.487474E+9
-5834.29	-4.05	-0.027002	0.078077	-0.005431	0	-0.005516	-0.212787	0.090583	3.487474E+9
-6007.6	-4.2	-0.018412	0.083031	-0.005283	0	-0.005871	-0.212787	0.090054	3.487475E+9
-6175.78	-4.35	-0.020333	0.084847	-0.006179	0	-0.005577	-0.212787	0.09049	3.487475E+9
-6338.64	-4.5	-0.024312	0.073197	-0.005484	0	-0.005842	-0.212787	0.090452	3.487476E+9
-6496	-4.65	-0.014579	0.080874	-0.005485	0	-0.005512	-0.212787	0.090774	3.487476E+9
-6647.68	-4.8	-0.009618	0.071336	-0.005376	0	-0.005452	-0.212787	0.090617	3.487476E+9
-6793.49	-4.95	-0.006152	0.077996	-0.005899	0	-0.005743	-0.212787	0.090697	3.487477E+9
-6933.24	-5.1	-0.002204	0.07514	-0.005353	0	-0.004904	-0.212787	0.090144	3.487477E+9
-7066.75	-5.25	-0.002207	0.08372	-0.005522	0	-0.005432	-0.212787	0.090395	3.487478E+9
-7193.84	-5.4	-0.003864	0.076683	-0.00536	0	-0.005848	-0.212787	0.090656	3.487478E+9
-7314.32	-5.55	0.009232	0.088389	-0.005647	0	-0.005619	-0.212787	0.090621	3.487478E+9
-7428.01	-5.7	0.01251	0.081917	-0.005741	0	-0.005303	-0.212787	0.09043	3.487479E+9
-7534.72	-5.85	0.010804	0.081725	-0.005421	0	-0.005663	-0.212787	0.090588	3.487479E+9
-7634.28	-6	0.027594	0.075494	-0.005651	0	-0.004874	-0.212787	0.090592	3.48748E+9
-7534.72	-5.85	0.010002	0.07718	-0.004754	0	-0.004702	-0.212787	0.090059	3.48748E+9
-7428.01	-5.7	1.144647E-5	0.080442	-0.005133	0	-0.005372	-0.212787	0.090003	3.48748E+9
-7314.32	-5.55	-0.008855	0.076875	-0.004685	0	-0.005041	-0.212787	0.090013	3.487481E+9
-7193.84	-5.4	-0.015872	0.086618	-0.005073	0	-0.005329	-0.212787	0.090346	3.487481E+9
-7066.75	-5.25	-0.023403	0.084506	-0.005078	0	-0.00477	-0.212787	0.090247	3.487482E+9
-6933.24	-5.1	-0.026846	0.096088	-0.005453	0	-0.005369	-0.212787	0.090495	3.487482E+9
-6793.49	-4.95	-0.037402	0.086777	-0.005257	0	-0.005504	-0.212787	0.090339	3.487482E+9
-6647.68	-4.8	-0.036752	0.079272	-0.004705	0	-0.005431	-0.212787	0.090717	3.487483E+9
-6496	-4.65	-0.040085	0.07807	-0.005333	0	-0.005312	-0.212787	0.090417	3.487483E+9
-6338.64	-4.5	-0.048233	0.082853	-0.005434	0	-0.004935	-0.212787	0.090703	3.487484E+9
-6175.78	-4.35	-0.056771	0.089555	-0.005149	0	-0.005631	-0.212787	0.09032	3.487484E+9
-6007.6	-4.2	-0.052788	0.085185	-0.005049	0	-0.004993	-0.212787	0.090544	3.487484E+9
-5834.29	-4.05	-0.052382	0.082989	-0.005544	0	-0.004989	-0.212787	0.090639	3.487485E+9
-5656.02	-3.9	-0.064659	0.091062	-0.00498	0	-0.004897	-0.212787	0.090129	3.487485E+9
-5473	-3.75	-0.068103	0.084058	-0.004986	0	-0.005512	-0.212787	0.090345	3.487486E+9
-5285.39	-3.6	-0.06821	0.086527	-0.005399	0	-0.004674	-0.212787	0.090101	3.487486E+9
-5093.39	-3.45	-0.073899	0.0923	-0.004911	0	-0.005193	-0.212787	0.090375	3.487486E+9
-4897.18	-3.3	-0.07553	0.089064	-0.005234	0	-0.005001	-0.212787	0.090664	3.487487E+9
-4696.93	-3.15	-0.07553	0.083863	-0.004787	0	-0.004878	-0.212787	0.090233	3.487487E+9
-4492.85	-3	-0.078554	0.082879	-0.005484	0	-0.005708	-0.212787	0.090224	3.487488E+9
-4285.11	-2.85	-0.073252	0.090231	-0.004879	0	-0.005541	-0.212787	0.090727	3.487488E+9
-4073.89	-2.7	-0.080692	0.081251	-0.005704	0	-0.005708	-0.212787	0.090243	3.487488E+9
-3859.38	-2.55	-0.081462	0.087115	-0.005186	0	-0.005349	-0.212787	0.090516	3.487489E+9
-3641.77	-2.4	-0.090396	0.088519	-0.00511	0	-0.00563	-0.212787	0.090626	3.487489E+9
-3421.24	-2.25	-0.081936	0.09206	-0.004818	0	-0.00533	-0.212787	0.090348	3.48749E+9
-3197.97	-2.1	-0.081017	0.088795	-0.00531	0	-0.00608	-0.212787	0.090363	3.48749E+9
-2972.14	-1.95	-0.087761	0.087365	-0.005683	0	-0.005763	-0.212787	0.090304	3.48749E+9
-2743.95	-1.8	-0.087618	0.08383	-0.005262	0	-0.005916	-0.212787	0.090519	3.487491E+9
-2513.57	-1.65	-0.094486	0.088834	-0.005951	0	-0.006131	-0.212787	0.090527	3.487491E+9
-2281.19	-1.5	-0.086286	0.089659	-0.005225	0	-0.005709	-0.212787	0.090579	3.487492E+9
-2047	-1.35	-0.088525	0.086313	-0.005595	0	-0.005925	-0.212787	0.090546	3.487492E+9
-1811.18	-1.2	-0.085477	0.086482	-0.00531	0	-0.006103	-0.212787	0.090217	3.487492E+9
-1573.91	-1.05	-0.102358	0.079727	-0.005476	0	-0.005929	-0.212787	0.090732	3.487493E+9
-1335.37	-0.9	-0.093158	0.080033	-0.0056	0	-0.005614	-0.212787	0.090076	3.487493E+9
-1095.76	-0.75	-0.086069	0.080572	-0.005473	0	-0.005936	-0.212787	0.09048	3.487494E+9
-855.25	-0.6	-0.087947	0.082778	-0.006273	0	-0.005612	-0.212787	0.090304	3.487494E+9
-614.04	-0.45	-0.088502	0.081582	-0.005119	0	-0.005516	-0.212787	0.090712	3.487494E+9
-372.3	-0.3	-0.092008	0.084997	-0.006106	0	-0.005747	-0.212787	0.090396	3.487495E+9
-130.21	-0.15	-0.094337	0.084981	-0.006205	0	-0.005352	-0.212787	0.090597	3.487495E+9
112.03	0	-0.097349	0.089253	-0.005504	0	-0.006115	-0.212787	0.090331	3.487496E+9
354.24	0.15	-0.091462	0.086696	-0.00556	0	-0.005646	-0.212787	0.090473	3.487496E+9
596.24	0.3	-0.093505	0.079724	-0.005227	0	-0.006029	-0.212787	0.090082	3.487496E+9
837.85	0.45	-0.101952	0.088934	-0.006376	0	-0.005857	-0.212787	0.090733	3.487497E+9
1078.87	0.6	-0.100744	0.087865	-0.005527	0	-0.005382	-0.212787	0.09065	3.487497E+9
1319.13	0.75	-0.094321	0.090984	-0.005662	0	-0.005732	-0.212787	0.090115	3.487498E+9
1558.44	0.9	-0.095117	0.084107	-0.0059	0	-0.006029	-0.212787	0.090045	3.487498E+9
1796.62	1.05	-0.101049	0.082378	-0.00575	0	-0.006089	-0.212787	0.090134	3.487498E+9
2033.48	1.2	-0.099408	0.078723	-0.005979	0	-0.005771	-0.212787	0.090288	3.487499E+9
2268.84	1.35	-0.099025	0.089802	-0.00612	0	-0.006331	-0.212787	0.090045	3.487499E+9
2502.52	1.5	-0.102888	0.079331	-0.006056	0	-0.006268	-0.212787	0.090552	3.4875E+9
2734.32	1.65	-0.104824	0.091293	-0.006481	0	-0.006557	-0.212787	0.090049	3.4875E+9
2964.07	1.8	-0.100604	0.084955	-0.006663	0	-0.006029	-0.212787	0.090685	3.4875E+9
3191.58	1.95	-0.100341	0.087511	-0.006722	0	-0.006236	-0.212787	0.09006	3.487501E+9
3416.67	2.1	-0.100013	0.086244	-0.007476	0	-0.005951	-0.212787	0.090224	3.487501E+9
3639.15	2.25	-0.091319	0.085033	-0.006186	0	-0.005797	-0.212787	0.090662	3.487502E+9
3858.83	2.4	-0.096744	0.079302	-0.006499	0	-0.006404	-0.212787	0.090048	3.487502E+9
4075.54	2.55	-0.105211	0.083766	-0.006836	0	-0.006437	-0.212787	0.090623	3.487502E+9
4289.09	2.7	-0.113057	0.084103	-0.006191	0	-0.005995	-0.212787	0.090734	3.487503E+9
4499.3	2.85	-0.101302	0.086602	-0.006905	0	-0.005992	-0.212787	0.090627	3.487503E+9
4705.98	3	-0.097534	0.083142	-0.006531	0	-0.00588	-0.212787	0.090542	3.487504E+9
4908.94	3.15	-0.100318	0.079672	-0.006122	0	-0.006122	-0.212787	0.090247	3.487504E+9
5108.01	3.3	-0.104324	0.087466	-0.006068	0	-0.005443	-0.212787	0.090262	3.487504E+9
5302.99	3.45	-0.096868	0.077027	-0.006177	0	-0.005827	-0.212787	0.089988	3.487505E+9
5493.71	3.6	-0.09769	0.083668	-0.005917	0	-0.005805	-0.212787	0.089992	3.487505E+9
5679.98	3.75	-0.099395	0.091007	-0.005507	0	-0.005423	-0.212787	0.090312	3.487506E+9
5861.61	3.9	-0.107287	0.091965	-0.005768	0	-0.005337	-0.212787	0.090009	3.487506E+9
6038.43	4.05	-0.100396	0.087976	-0.005447	0	-0.005518	-0.212787	0.090076	3.487506E+9
6210.24	4.2	-0.102933	0.080972	-0.005841	0	-0.004801	-0.212787	0.090385	3.487507E+9
6376.86	4.35	-0.102725	0.087921	-0.005671	0	-0.005861	-0.212787	0.090003	3.487507E+9
6538.11	4.5	-0.102579	0.081114	-0.005582	0	-0.00577	-0.212787	0.090013	3.487508E+9
6693.81	4.65	-0.107361	0.082833	-0.00613	0	-0.005936	-0.212787	0.090546	3.487508E+9
6843.76	4.8	-0.107134	0.093297	-0.005829	0	-0.005605	-0.212787	0.090291	3.487508E+9
6987.79	4.95	-0.108229	0.091491	-0.005932	0	-0.005444	-0.212787	0.090648	3.487509E+9
7125.71	5.1	-0.119479	0.08539	-0.00593	0	-0.005754	-0.212787	0.089969	3.487509E+9
7257.34	5.25	-0.117241	0.093161	-0.005568	0	-0.005064	-0.212787	0.09042	3.48751E+9
7382.49	5.4	-0.123466	0.093694	-0.006352	0	-0.005642	-0.212787	0.090285	3.48751E+9
7500.98	5.55	-0.128898	0.085023	-0.004555	0	-0.004791	-0.212787	0.090669	3.48751E+9
7612.62	5.7	-0.12918	0.097108	-0.005279	0	-0.005234	-0.212787	0.090559	3.487511E+9
7717.23	5.85	-0.131887	0.093574	-0.005821	0	-0.005129	-0.212787	0.090298	3.487511E+9
7814.63	6	-0.135077	0.085569	-0.005239	0	-0.005687	-0.212787	0.090309	3.487512E+9
