19/05/2022	16:11

Si\Pt3\(Co88Tb12)75\Pt3-20220518_APEJ6

Field	Kepco	Channel A	Channel B	Agilent	0	RF out	Monitor+	Monitor-	Time
8265.94	7	3.911269	-0.124768	0.000588	0	0.000742	-0.212787	0.064199	2.953594E+9
8204.61	6.8	3.909485	-0.123245	-0.000776	0	-5.8E-5	-0.212787	0.064304	2.953595E+9
8128.37	6.6	3.914855	-0.116253	0.000161	0	9.3E-5	-0.212787	0.06449	2.953596E+9
8037.67	6.4	3.917896	-0.118573	0.000434	0	-4E-5	-0.212787	0.064556	2.953597E+9
7932.95	6.2	3.909969	-0.118934	0.001309	0	-0.000789	-0.212787	0.06443	2.953598E+9
7814.63	6	3.914517	-0.118043	0.000108	0	0.00103	-0.212787	0.064455	2.953599E+9
7683.15	5.8	3.913237	-0.119161	0.000588	0	1.7E-5	-0.212787	0.064417	2.9536E+9
7538.96	5.6	3.916249	-0.122059	0.000262	0	0.000381	-0.212787	0.064249	2.953601E+9
7382.49	5.4	3.912987	-0.121685	-0.000149	0	-0.000315	-0.212787	0.06451	2.953602E+9
7214.18	5.2	3.911515	-0.121477	-0.000267	0	0.000163	-0.212787	0.064333	2.953603E+9
7034.46	5	3.904618	-0.124528	-0.000196	0	-0.001019	-0.212787	0.064441	2.953604E+9
6843.76	4.8	3.909053	-0.121224	-0.000421	0	0.00057	-0.212787	0.064502	2.953605E+9
6642.54	4.6	3.911278	-0.117212	0.000619	0	-0.000454	-0.212787	0.064292	2.953606E+9
6431.22	4.4	3.910115	-0.115763	0.000168	0	0.000691	-0.212787	0.064225	2.953607E+9
6210.24	4.2	3.903254	-0.117202	-0.000728	0	-0.000312	-0.212787	0.064226	2.953608E+9
5980.04	4	3.905541	-0.120253	-0.001514	0	0.000726	-0.212787	0.064315	2.953609E+9
5741.05	3.8	3.908345	-0.11959	-0.000607	0	-0.001053	-0.212787	0.064375	2.95361E+9
5493.71	3.6	3.905057	-0.11804	-0.000828	0	-0.001397	-0.212787	0.064514	2.953611E+9
5238.46	3.4	3.898231	-0.116913	0.000173	0	-0.000595	-0.212787	0.064485	2.953612E+9
4975.74	3.2	3.902854	-0.123323	-0.000724	0	0.000539	-0.212787	0.064286	2.953613E+9
4705.98	3	3.902009	-0.117569	-0.002405	0	-0.001068	-0.212787	0.06436	2.953614E+9
4429.62	2.8	3.901337	-0.116757	-0.001367	0	-0.000941	-0.212787	0.064349	2.953615E+9
4147.09	2.6	3.89378	-0.117787	-0.001222	0	-0.000907	-0.212787	0.064445	2.953616E+9
3858.83	2.4	3.898874	-0.118609	-0.001197	0	-8.6E-5	-0.212787	0.064212	2.953617E+9
3565.29	2.2	3.903267	-0.119112	0.000166	0	-0.001361	-0.212787	0.064258	2.953618E+9
3266.89	2	3.900391	-0.118667	-0.001723	0	-0.002152	-0.212787	0.064368	2.953619E+9
2964.07	1.8	3.904157	-0.118134	-0.001985	0	-0.002076	-0.212787	0.064334	2.95362E+9
2657.27	1.6	3.900707	-0.124349	-0.000135	0	-0.001939	-0.212787	0.064202	2.953621E+9
2346.93	1.4	3.905372	-0.120792	-0.002126	0	-0.001501	-0.212787	0.064242	2.953622E+9
2033.48	1.2	3.898289	-0.123066	-0.00203	0	-0.001438	-0.212787	0.064317	2.953623E+9
1717.37	1	3.9071	-0.118963	-0.002322	0	-0.001446	-0.212787	0.064285	2.953624E+9
1399.02	0.8	3.893075	-0.125152	-0.000953	0	-0.002264	-0.212787	0.064349	2.953625E+9
1078.87	0.6	3.900349	-0.126026	-0.002248	0	-0.002163	-0.212787	0.064198	2.953626E+9
757.37	0.4	3.89865	-0.117228	-0.000948	0	-0.002121	-0.212787	0.064447	2.953627E+9
434.94	0.2	3.903533	-0.122764	-0.002197	0	-0.001223	-0.212787	0.06424	2.953628E+9
112.03	0	3.895824	-0.116776	-0.002218	0	-0.001035	-0.212787	0.06444	2.953629E+9
-210.93	-0.2	3.895768	-0.116253	-0.000641	0	-0.001274	-0.212787	0.064385	2.95363E+9
-533.51	-0.4	3.890846	-0.118508	-0.000245	0	-0.001556	-0.212787	0.064539	2.953631E+9
-855.25	-0.6	3.878108	-0.120733	-0.002209	0	-0.002113	-0.212787	0.064476	2.953632E+9
-1175.74	-0.8	3.82996	-0.118489	-0.000692	0	-0.001275	-0.212787	0.064225	2.953633E+9
-1494.53	-1	3.714917	-0.113723	-0.001816	0	-0.001876	-0.212787	0.064295	2.953634E+9
-1811.18	-1.2	3.472211	-0.109044	-0.003785	0	-0.002688	-0.212787	0.064244	2.953635E+9
-2125.26	-1.4	3.084419	-0.090133	-0.003122	0	-0.003674	-0.212787	0.064439	2.953636E+9
-2436.33	-1.6	2.607488	-0.075221	-0.004262	0	-0.00412	-0.212787	0.064308	2.953637E+9
-2743.95	-1.8	2.102669	-0.062044	-0.004736	0	-0.004275	-0.212787	0.064463	2.953638E+9
-3047.69	-2	1.5977	-0.049585	-0.004498	0	-0.003837	-0.212787	0.064479	2.953639E+9
-3347.11	-2.2	1.118908	-0.037652	-0.004926	0	-0.005593	-0.212787	0.06448	2.95364E+9
-3641.77	-2.4	0.655918	-0.016752	-0.006822	0	-0.006271	-0.212787	0.06453	2.953641E+9
-3931.24	-2.6	0.215264	-0.008442	-0.008124	0	-0.007397	-0.212787	0.064387	2.953642E+9
-4215.08	-2.8	-0.205888	0.00799	-0.006016	0	-0.00664	-0.212787	0.064344	2.953643E+9
-4492.85	-3	-0.617173	0.02416	-0.00844	0	-0.007345	-0.212787	0.06443	2.953644E+9
-4764.12	-3.2	-0.997458	0.0372	-0.007295	0	-0.006662	-0.212787	0.064461	2.953645E+9
-5028.44	-3.4	-1.338374	0.050582	-0.008671	0	-0.007005	-0.212787	0.064271	2.953646E+9
-5285.39	-3.6	-1.628895	0.05785	-0.009543	0	-0.008503	-0.212787	0.064417	2.953647E+9
-5534.53	-3.8	-1.85147	0.054312	-0.009621	0	-0.008635	-0.212787	0.064474	2.953648E+9
-5775.41	-4	-2.006379	0.068415	-0.008744	0	-0.009526	-0.212787	0.064473	2.953649E+9
-6007.6	-4.2	-2.11537	0.071339	-0.009108	0	-0.009232	-0.212787	0.064403	2.95365E+9
-6230.67	-4.4	-2.210216	0.079292	-0.008298	0	-0.008809	-0.212787	0.064504	2.953651E+9
-6444.17	-4.6	-2.287599	0.077209	-0.009963	0	-0.008614	-0.212787	0.064532	2.953652E+9
-6647.68	-4.8	-2.371727	0.0827	-0.009896	0	-0.008563	-0.212787	0.064318	2.953653E+9
-6840.75	-5	-2.454448	0.088944	-0.009749	0	-0.009875	-0.212787	0.064348	2.953654E+9
-7022.95	-5.2	-2.556327	0.091231	-0.010191	0	-0.010264	-0.212787	0.064615	2.953655E+9
-7193.84	-5.4	-2.654873	0.089016	-0.010079	0	-0.009368	-0.212787	0.064312	2.953656E+9
-7352.98	-5.6	-2.764845	0.089883	-0.010183	0	-0.010084	-0.212787	0.064405	2.953657E+9
-7499.94	-5.8	-2.876811	0.100341	-0.009274	0	-0.01071	-0.212787	0.064557	2.953658E+9
-7634.28	-6	-2.977329	0.099236	-0.00923	0	-0.009492	-0.212787	0.064408	2.953659E+9
-7755.56	-6.2	-3.086853	0.101182	-0.008879	0	-0.009281	-0.212787	0.064616	2.95366E+9
-7863.34	-6.4	-3.186471	0.103817	-0.010666	0	-0.011069	-0.212787	0.06462	2.953661E+9
-7957.2	-6.6	-3.282331	0.1096	-0.010816	0	-0.009529	-0.212787	0.064523	2.953662E+9
-8036.69	-6.8	-3.370773	0.110922	-0.010667	0	-0.009737	-0.212787	0.064334	2.953663E+9
-8101.38	-7	-3.449608	0.112553	-0.010715	0	-0.011247	-0.212787	0.064385	2.953664E+9
-8036.69	-6.8	-3.461528	0.110883	-0.010111	0	-0.010545	-0.212787	0.064619	2.953665E+9
-7957.2	-6.6	-3.453523	0.112647	-0.010283	0	-0.01083	-0.212787	0.064639	2.953666E+9
-7863.34	-6.4	-3.459218	0.112699	-0.01017	0	-0.011368	-0.212787	0.064449	2.953667E+9
-7755.56	-6.2	-3.452152	0.114327	-0.011097	0	-0.010607	-0.212787	0.064566	2.953668E+9
-7634.28	-6	-3.457032	0.115984	-0.011133	0	-0.01013	-0.212787	0.064345	2.953669E+9
-7499.94	-5.8	-3.449212	0.117696	-0.010964	0	-0.012192	-0.212787	0.064618	2.95367E+9
-7352.98	-5.6	-3.449901	0.114675	-0.010994	0	-0.010837	-0.212787	0.064554	2.953671E+9
-7193.84	-5.4	-3.446178	0.111312	-0.011498	0	-0.010266	-0.212787	0.064679	2.953672E+9
-7022.95	-5.2	-3.441415	0.109574	-0.011089	0	-0.010551	-0.212787	0.064282	2.953673E+9
-6840.75	-5	-3.447425	0.108616	-0.011663	0	-0.01016	-0.212787	0.064319	2.953674E+9
-6647.68	-4.8	-3.437828	0.109015	-0.011736	0	-0.010734	-0.212787	0.064393	2.953675E+9
-6444.17	-4.6	-3.441337	0.11307	-0.011577	0	-0.010732	-0.212787	0.064332	2.953676E+9
-6230.67	-4.4	-3.439128	0.112199	-0.012037	0	-0.011611	-0.212787	0.06447	2.953677E+9
-6007.6	-4.2	-3.436158	0.109519	-0.012416	0	-0.010018	-0.212787	0.064352	2.953678E+9
-5775.41	-4	-3.43198	0.113927	-0.011028	0	-0.011682	-0.212787	0.064524	2.953679E+9
-5534.53	-3.8	-3.437789	0.113476	-0.011796	0	-0.011048	-0.212787	0.064483	2.95368E+9
-5285.39	-3.6	-3.429121	0.109181	-0.011905	0	-0.010877	-0.212787	0.064532	2.953682E+9
-5028.44	-3.4	-3.434339	0.110565	-0.011771	0	-0.01128	-0.212787	0.064584	2.953682E+9
-4764.12	-3.2	-3.432513	0.114356	-0.010875	0	-0.011661	-0.212787	0.064591	2.953683E+9
-4492.85	-3	-3.42904	0.116478	-0.01228	0	-0.011002	-0.212787	0.06445	2.953684E+9
-4215.08	-2.8	-3.425012	0.111374	-0.011953	0	-0.010694	-0.212787	0.064334	2.953685E+9
-3931.24	-2.6	-3.425964	0.114883	-0.012437	0	-0.011544	-0.212787	0.064296	2.953686E+9
-3641.77	-2.4	-3.428647	0.111257	-0.011743	0	-0.010874	-0.212787	0.064384	2.953688E+9
-3347.11	-2.2	-3.429956	0.112202	-0.012132	0	-0.01162	-0.212787	0.064351	2.953688E+9
-3047.69	-2	-3.430782	0.11227	-0.012211	0	-0.011951	-0.212787	0.06457	2.953689E+9
-2743.95	-1.8	-3.425561	0.112742	-0.01255	0	-0.011782	-0.212787	0.064396	2.95369E+9
-2436.33	-1.6	-3.427594	0.109077	-0.012379	0	-0.011512	-0.212787	0.064494	2.953691E+9
-2125.26	-1.4	-3.42712	0.108827	-0.010497	0	-0.012187	-0.212787	0.06457	2.953692E+9
-1811.18	-1.2	-3.424843	0.116029	-0.012135	0	-0.011738	-0.212787	0.064649	2.953693E+9
-1494.53	-1	-3.427552	0.111809	-0.012336	0	-0.01191	-0.212787	0.064455	2.953694E+9
-1175.74	-0.8	-3.420856	0.117482	-0.013002	0	-0.011343	-0.212787	0.064372	2.953695E+9
-855.25	-0.6	-3.42098	0.106358	-0.012163	0	-0.011888	-0.212787	0.064489	2.953696E+9
-533.51	-0.4	-3.41469	0.112729	-0.012067	0	-0.011765	-0.212787	0.064573	2.953697E+9
-210.93	-0.2	-3.417793	0.113771	-0.012639	0	-0.011445	-0.212787	0.06433	2.953698E+9
112.03	0	-3.406052	0.112228	-0.012947	0	-0.012875	-0.212787	0.064351	2.953699E+9
434.94	0.2	-3.391253	0.115029	-0.012514	0	-0.01231	-0.212787	0.06457	2.9537E+9
757.37	0.4	-3.330306	0.112322	-0.011605	0	-0.011998	-0.212787	0.064342	2.953701E+9
1078.87	0.6	-3.185906	0.106039	-0.011641	0	-0.01173	-0.212787	0.064486	2.953702E+9
1399.02	0.8	-2.914494	0.09398	-0.011082	0	-0.011122	-0.212787	0.064499	2.953703E+9
1717.37	1	-2.505515	0.08641	-0.011129	0	-0.011087	-0.212787	0.064396	2.953704E+9
2033.48	1.2	-2.022968	0.06975	-0.010784	0	-0.009745	-0.212787	0.064264	2.953705E+9
2346.93	1.4	-1.52403	0.052255	-0.009941	0	-0.009054	-0.212787	0.06451	2.953706E+9
2657.27	1.6	-1.030998	0.037379	-0.010106	0	-0.009239	-0.212787	0.064347	2.953707E+9
2964.07	1.8	-0.558386	0.02352	-0.009223	0	-0.008871	-0.212787	0.064269	2.953708E+9
3266.89	2	-0.101916	0.008608	-0.0084	0	-0.008078	-0.212787	0.064507	2.953709E+9
3565.29	2.2	0.336314	-0.00238	-0.008198	0	-0.006721	-0.212787	0.064476	2.95371E+9
3858.83	2.4	0.756755	-0.023666	-0.006734	0	-0.006824	-0.212787	0.064367	2.953711E+9
4147.09	2.6	1.161607	-0.02733	-0.006418	0	-0.006343	-0.212787	0.064238	2.953712E+9
4429.62	2.8	1.526932	-0.041232	-0.005436	0	-0.004701	-0.212787	0.064384	2.953713E+9
4705.98	3	1.869388	-0.05926	-0.005737	0	-0.005218	-0.212787	0.064164	2.953714E+9
4975.74	3.2	2.147479	-0.061852	-0.006807	0	-0.005422	-0.212787	0.064206	2.953715E+9
5238.46	3.4	2.353392	-0.070572	-0.004896	0	-0.005595	-0.212787	0.064445	2.953716E+9
5493.71	3.6	2.500933	-0.079457	-0.004815	0	-0.004234	-0.212787	0.064217	2.953717E+9
5741.05	3.8	2.602881	-0.082034	-0.004497	0	-0.003963	-0.212787	0.064463	2.953718E+9
5980.04	4	2.687278	-0.075864	-0.00361	0	-0.004632	-0.212787	0.064285	2.953719E+9
6210.24	4.2	2.761803	-0.085796	-0.00436	0	-0.004337	-0.212787	0.064133	2.95372E+9
6431.22	4.4	2.852818	-0.086244	-0.004952	0	-0.004525	-0.212787	0.064166	2.953721E+9
6642.54	4.6	2.937836	-0.088106	-0.004957	0	-0.004351	-0.212787	0.06417	2.953722E+9
6843.76	4.8	3.035018	-0.089409	-0.003554	0	-0.003591	-0.212787	0.064103	2.953723E+9
7034.46	5	3.134649	-0.092157	-0.004008	0	-0.003232	-0.212787	0.064281	2.953724E+9
7214.18	5.2	3.23777	-0.097657	-0.005606	0	-0.004657	-0.212787	0.064142	2.953725E+9
7382.49	5.4	3.345445	-0.108749	-0.004127	0	-0.004697	-0.212787	0.064191	2.953726E+9
7538.96	5.6	3.452728	-0.109642	-0.004507	0	-0.002675	-0.212787	0.064201	2.953727E+9
7683.15	5.8	3.555848	-0.110016	-0.002682	0	-0.002765	-0.212787	0.06414	2.953728E+9
7814.63	6	3.651256	-0.10394	-0.002766	0	-0.002109	-0.212787	0.06445	2.953729E+9
7932.95	6.2	3.745829	-0.118511	-0.003706	0	-0.002189	-0.212787	0.064386	2.95373E+9
8037.67	6.4	3.82599	-0.111328	-0.003836	0	-0.002112	-0.212787	0.064428	2.953731E+9
8128.37	6.6	3.888059	-0.117832	-0.002509	0	-0.002433	-0.212787	0.064381	2.953732E+9
8204.61	6.8	3.902376	-0.123193	-0.003086	0	-0.002561	-0.212787	0.064181	2.953733E+9
8265.94	7	3.912198	-0.11345	-0.002203	0	-0.000952	-0.212787	0.064435	2.953734E+9
