19/05/2022	16:09

Si\Pt3\(Co88Tb12)75\Pt3-20220518_APEJ6

Field	Kepco	Channel A	Channel B	Agilent	0	RF out	Monitor+	Monitor-	Time
8265.94	7	3.841588	-0.112075	0.003564	0	0.001972	-0.212787	0.064601	2.953454E+9
8204.61	6.8	3.914066	-0.116767	0.002656	0	0.002408	-0.212787	0.064395	2.953454E+9
8128.37	6.6	3.917185	-0.114678	0.002885	0	0.002903	-0.212787	0.064508	2.953455E+9
8037.67	6.4	3.920316	-0.12035	0.002392	0	0.002649	-0.212787	0.064494	2.953456E+9
7932.95	6.2	3.918565	-0.125935	0.002142	0	0.001983	-0.212787	0.064583	2.953457E+9
7814.63	6	3.919384	-0.122488	0.003045	0	0.001716	-0.212787	0.064621	2.953458E+9
7683.15	5.8	3.914134	-0.116276	0.003093	0	0.001945	-0.212787	0.064454	2.953459E+9
7538.96	5.6	3.91403	-0.112748	0.003117	0	0.002879	-0.212787	0.06451	2.95346E+9
7382.49	5.4	3.912406	-0.119109	0.002516	0	0.00291	-0.212787	0.064405	2.953461E+9
7214.18	5.2	3.91145	-0.118813	0.003246	0	0.002404	-0.212787	0.064336	2.953462E+9
7034.46	5	3.909605	-0.125616	0.002417	0	0.002088	-0.212787	0.064399	2.953463E+9
6843.76	4.8	3.91017	-0.118108	0.001991	0	0.001842	-0.212787	0.064547	2.953464E+9
6642.54	4.6	3.905356	-0.121594	0.003444	0	0.002618	-0.212787	0.06446	2.953465E+9
6431.22	4.4	3.909761	-0.119886	0.002163	0	0.001758	-0.212787	0.064312	2.953466E+9
6210.24	4.2	3.908016	-0.121185	0.002088	0	0.001742	-0.212787	0.064399	2.953467E+9
5980.04	4	3.900853	-0.125538	0.001659	0	0.002304	-0.212787	0.064186	2.953468E+9
5741.05	3.8	3.905317	-0.119353	0.001236	0	0.002336	-0.212787	0.064567	2.953469E+9
5493.71	3.6	3.9039	-0.119837	0.002484	0	0.001446	-0.212787	0.064366	2.95347E+9
5238.46	3.4	3.898247	-0.121698	0.001057	0	0.002472	-0.212787	0.064432	2.953471E+9
4975.74	3.2	3.898267	-0.115402	0.001884	0	0.001058	-0.212787	0.064295	2.953472E+9
4705.98	3	3.900898	-0.11754	0.002236	0	0.001115	-0.212787	0.064425	2.953473E+9
4429.62	2.8	3.900749	-0.119996	0.00205	0	0.001289	-0.212787	0.064487	2.953474E+9
4147.09	2.6	3.900382	-0.121507	0.001595	0	0.001238	-0.212787	0.064331	2.953475E+9
3858.83	2.4	3.897753	-0.116374	-0.000224	0	0.00091	-0.212787	0.064342	2.953476E+9
3565.29	2.2	3.901704	-0.114632	0.001075	0	0.000888	-0.212787	0.064281	2.953477E+9
3266.89	2	3.902978	-0.115402	0.001727	0	0.001444	-0.212787	0.06443	2.953478E+9
2964.07	1.8	3.900915	-0.121162	0.000821	0	0.00126	-0.212787	0.064424	2.953479E+9
2657.27	1.6	3.902045	-0.115438	0.001544	0	0.000469	-0.212787	0.064491	2.95348E+9
2346.93	1.4	3.903475	-0.116344	0.000628	0	0.002664	-0.212787	0.064546	2.953481E+9
2033.48	1.2	3.900866	-0.117618	0.001808	0	0.001638	-0.212787	0.064539	2.953482E+9
1717.37	1	3.904349	-0.117247	0.000393	0	0.001073	-0.212787	0.064278	2.953483E+9
1399.02	0.8	3.905255	-0.115275	0.001656	0	-0.001046	-0.212787	0.064268	2.953484E+9
1078.87	0.6	3.900924	-0.118963	0.000941	0	0.000551	-0.212787	0.064515	2.953485E+9
757.37	0.4	3.900463	-0.113732	9.4E-5	0	0.001154	-0.212787	0.064274	2.953486E+9
434.94	0.2	3.897071	-0.122442	0.001199	0	0.001104	-0.212787	0.064287	2.953487E+9
112.03	0	3.897464	-0.119899	0.001176	0	0.000322	-0.212787	0.064235	2.953488E+9
-210.93	-0.2	3.886402	-0.119418	0.000715	0	0.000549	-0.212787	0.064321	2.953489E+9
-533.51	-0.4	3.894482	-0.117189	0.00076	0	0.001735	-0.212787	0.064271	2.95349E+9
-855.25	-0.6	3.868576	-0.115448	0.001286	0	0.001184	-0.212787	0.06437	2.953491E+9
-1175.74	-0.8	3.832303	-0.118934	0.00144	0	-0.000155	-0.212787	0.064363	2.953492E+9
-1494.53	-1	3.713737	-0.111588	0.000583	0	0.000575	-0.212787	0.064269	2.953493E+9
-1811.18	-1.2	3.472799	-0.101124	0.001977	0	0.000606	-0.212787	0.064327	2.953494E+9
-2125.26	-1.4	3.088126	-0.095851	-0.001954	0	-0.000651	-0.212787	0.064307	2.953495E+9
-2436.33	-1.6	2.608313	-0.079224	-0.00059	0	-0.001369	-0.212787	0.06454	2.953496E+9
-2743.95	-1.8	2.104267	-0.057629	-0.00085	0	-0.002088	-0.212787	0.064321	2.953497E+9
-3047.69	-2	1.605634	-0.04246	-0.001667	0	-0.002855	-0.212787	0.06454	2.953498E+9
-3347.11	-2.2	1.113983	-0.033201	-0.002133	0	-0.002264	-0.212787	0.064606	2.953499E+9
-3641.77	-2.4	0.660018	-0.011047	-0.001674	0	-0.003597	-0.212787	0.064465	2.9535E+9
-3931.24	-2.6	0.222457	0.002942	-0.002259	0	-0.004622	-0.212787	0.064462	2.953501E+9
-4215.08	-2.8	-0.206278	0.012773	-0.003979	0	-0.004338	-0.212787	0.064359	2.953502E+9
-4492.85	-3	-0.608973	0.026229	-0.004695	0	-0.005157	-0.212787	0.064557	2.953503E+9
-4764.12	-3.2	-0.983261	0.035284	-0.004494	0	-0.004382	-0.212787	0.064568	2.953504E+9
-5028.44	-3.4	-1.329102	0.04631	-0.005811	0	-0.004913	-0.212787	0.06448	2.953505E+9
-5285.39	-3.6	-1.61293	0.049702	-0.00533	0	-0.005931	-0.212787	0.064645	2.953506E+9
-5534.53	-3.8	-1.845336	0.06424	-0.004793	0	-0.006354	-0.212787	0.064667	2.953507E+9
-5775.41	-4	-2.00442	0.068256	-0.006369	0	-0.006268	-0.212787	0.064387	2.953508E+9
-6007.6	-4.2	-2.107911	0.076683	-0.00768	0	-0.006965	-0.212787	0.064557	2.953509E+9
-6230.67	-4.4	-2.197064	0.074708	-0.006438	0	-0.008176	-0.212787	0.064498	2.95351E+9
-6444.17	-4.6	-2.284951	0.076059	-0.005955	0	-0.007572	-0.212787	0.064444	2.953511E+9
-6647.68	-4.8	-2.368348	0.078467	-0.00733	0	-0.00712	-0.212787	0.064539	2.953512E+9
-6840.75	-5	-2.461153	0.090435	-0.006682	0	-0.006817	-0.212787	0.064506	2.953513E+9
-7022.95	-5.2	-2.557561	0.090494	-0.007777	0	-0.007735	-0.212787	0.064647	2.953514E+9
-7193.84	-5.4	-2.657407	0.09395	-0.006339	0	-0.006949	-0.212787	0.064629	2.953515E+9
-7352.98	-5.6	-2.773984	0.091299	-0.006663	0	-0.007126	-0.212787	0.064647	2.953516E+9
-7499.94	-5.8	-2.873595	0.096598	-0.007349	0	-0.006143	-0.212787	0.0644	2.953517E+9
-7634.28	-6	-2.980585	0.09575	-0.008686	0	-0.007249	-0.212787	0.064558	2.953518E+9
-7755.56	-6.2	-3.094472	0.100113	-0.006653	0	-0.008395	-0.212787	0.064732	2.953519E+9
-7863.34	-6.4	-3.194824	0.108005	-0.00782	0	-0.007556	-0.212787	0.064695	2.95352E+9
-7957.2	-6.6	-3.280807	0.104542	-0.007614	0	-0.007406	-0.212787	0.064469	2.953521E+9
-8036.69	-6.8	-3.385743	0.114161	-0.006894	0	-0.007015	-0.212787	0.064487	2.953522E+9
-8101.38	-7	-3.465596	0.114031	-0.007587	0	-0.008616	-0.212787	0.064501	2.953523E+9
-8036.69	-6.8	-3.479754	0.116552	-0.007391	0	-0.006915	-0.212787	0.064659	2.953524E+9
-7957.2	-6.6	-3.475141	0.114376	-0.006215	0	-0.007588	-0.212787	0.064575	2.953525E+9
-7863.34	-6.4	-3.469816	0.113661	-0.007643	0	-0.007357	-0.212787	0.0645	2.953526E+9
-7755.56	-6.2	-3.473341	0.116299	-0.008796	0	-0.008306	-0.212787	0.064485	2.953527E+9
-7634.28	-6	-3.475576	0.114736	-0.006982	0	-0.008872	-0.212787	0.064703	2.953528E+9
-7499.94	-5.8	-3.466892	0.115211	-0.007728	0	-0.009074	-0.212787	0.064579	2.953529E+9
-7352.98	-5.6	-3.471596	0.118697	-0.007838	0	-0.007621	-0.212787	0.064526	2.95353E+9
-7193.84	-5.4	-3.469062	0.114015	-0.0068	0	-0.007888	-0.212787	0.06463	2.953531E+9
-7022.95	-5.2	-3.469462	0.119642	-0.008207	0	-0.007374	-0.212787	0.064532	2.953532E+9
-6840.75	-5	-3.464264	0.109597	-0.007308	0	-0.008624	-0.212787	0.064574	2.953533E+9
-6647.68	-4.8	-3.463812	0.113521	-0.007319	0	-0.008704	-0.212787	0.064634	2.953534E+9
-6444.17	-4.6	-3.45942	0.113014	-0.007952	0	-0.008415	-0.212787	0.064673	2.953535E+9
-6230.67	-4.4	-3.459485	0.114048	-0.007629	0	-0.008319	-0.212787	0.064725	2.953536E+9
-6007.6	-4.2	-3.456138	0.110045	-0.007864	0	-0.008345	-0.212787	0.064364	2.953537E+9
-5775.41	-4	-3.452841	0.110003	-0.008968	0	-0.008286	-0.212787	0.064421	2.953538E+9
-5534.53	-3.8	-3.445895	0.11512	-0.007726	0	-0.007922	-0.212787	0.06473	2.953539E+9
-5285.39	-3.6	-3.450866	0.116098	-0.008602	0	-0.008129	-0.212787	0.064484	2.95354E+9
-5028.44	-3.4	-3.449154	0.117352	-0.009403	0	-0.009349	-0.212787	0.06469	2.953541E+9
-4764.12	-3.2	-3.452129	0.107329	-0.007872	0	-0.008529	-0.212787	0.064586	2.953542E+9
-4492.85	-3	-3.445157	0.110899	-0.007873	0	-0.009469	-0.212787	0.06464	2.953543E+9
-4215.08	-2.8	-3.450797	0.111312	-0.008221	0	-0.008603	-0.212787	0.064507	2.953544E+9
-3931.24	-2.6	-3.450476	0.115207	-0.009038	0	-0.007303	-0.212787	0.064404	2.953545E+9
-3641.77	-2.4	-3.447373	0.112813	-0.01009	0	-0.008719	-0.212787	0.064441	2.953546E+9
-3347.11	-2.2	-3.452623	0.110909	-0.009806	0	-0.009756	-0.212787	0.064436	2.953547E+9
-3047.69	-2	-3.452591	0.113931	-0.008668	0	-0.009229	-0.212787	0.064618	2.953548E+9
-2743.95	-1.8	-3.443803	0.114249	-0.007929	0	-0.009045	-0.212787	0.064342	2.953549E+9
-2436.33	-1.6	-3.448715	0.11729	-0.010012	0	-0.008621	-0.212787	0.064655	2.95355E+9
-2125.26	-1.4	-3.453169	0.114645	-0.010348	0	-0.00987	-0.212787	0.064361	2.953551E+9
-1811.18	-1.2	-3.453949	0.113037	-0.008758	0	-0.009431	-0.212787	0.064531	2.953552E+9
-1494.53	-1	-3.445518	0.11395	-0.008778	0	-0.011018	-0.212787	0.064635	2.953553E+9
-1175.74	-0.8	-3.44956	0.113999	-0.009256	0	-0.009084	-0.212787	0.064383	2.953554E+9
-855.25	-0.6	-3.441574	0.115646	-0.009285	0	-0.008431	-0.212787	0.064625	2.953555E+9
-533.51	-0.4	-3.445586	0.116114	-0.009568	0	-0.009485	-0.212787	0.064619	2.953556E+9
-210.93	-0.2	-3.435681	0.112605	-0.009283	0	-0.010144	-0.212787	0.0646	2.953557E+9
112.03	0	-3.431285	0.113115	-0.009352	0	-0.009034	-0.212787	0.064527	2.953558E+9
434.94	0.2	-3.403943	0.106994	-0.009778	0	-0.009407	-0.212787	0.064536	2.953559E+9
757.37	0.4	-3.351069	0.115003	-0.010372	0	-0.009422	-0.212787	0.064529	2.95356E+9
1078.87	0.6	-3.209314	0.106026	-0.009316	0	-0.009974	-0.212787	0.064613	2.953561E+9
1399.02	0.8	-2.931031	0.097349	-0.008426	0	-0.008957	-0.212787	0.064452	2.953562E+9
1717.37	1	-2.524891	0.084185	-0.007912	0	-0.009541	-0.212787	0.064575	2.953563E+9
2033.48	1.2	-2.042925	0.069789	-0.006521	0	-0.008036	-0.212787	0.06462	2.953564E+9
2346.93	1.4	-1.549335	0.054156	-0.006929	0	-0.006466	-0.212787	0.064633	2.953565E+9
2657.27	1.6	-1.054114	0.036879	-0.005978	0	-0.005845	-0.212787	0.064542	2.953566E+9
2964.07	1.8	-0.574636	0.024238	-0.005057	0	-0.00526	-0.212787	0.064662	2.953567E+9
3266.89	2	-0.121812	0.009329	-0.005265	0	-0.00547	-0.212787	0.06464	2.953568E+9
3565.29	2.2	0.31891	0.000648	-0.004828	0	-0.003418	-0.212787	0.064547	2.953569E+9
3858.83	2.4	0.732769	-0.019891	-0.004338	0	-0.00355	-0.212787	0.064534	2.95357E+9
4147.09	2.6	1.134324	-0.038831	-0.003005	0	-0.003206	-0.212787	0.064577	2.953571E+9
4429.62	2.8	1.51379	-0.046372	-0.004608	0	-0.002251	-0.212787	0.064587	2.953572E+9
4705.98	3	1.846526	-0.046778	-0.001275	0	-0.002894	-0.212787	0.064485	2.953573E+9
4975.74	3.2	2.128724	-0.064312	-0.002189	0	-0.002852	-0.212787	0.064498	2.953574E+9
5238.46	3.4	2.334357	-0.07296	-0.001779	0	-0.002204	-0.212787	0.064466	2.953575E+9
5493.71	3.6	2.470421	-0.075572	-0.001257	0	-0.001219	-0.212787	0.064547	2.953576E+9
5741.05	3.8	2.576198	-0.080647	-0.002411	0	-0.002359	-0.212787	0.064435	2.953577E+9
5980.04	4	2.663322	-0.080608	-0.001852	0	-0.0024	-0.212787	0.064299	2.953578E+9
6210.24	4.2	2.742008	-0.08191	-0.001248	0	-0.001761	-0.212787	0.064266	2.953579E+9
6431.22	4.4	2.833949	-0.0786	-0.001417	0	-0.001508	-0.212787	0.064462	2.95358E+9
6642.54	4.6	2.920722	-0.091381	-0.002563	0	-9.8E-5	-0.212787	0.064291	2.953581E+9
6843.76	4.8	3.01393	-0.088785	-0.001376	0	-0.001225	-0.212787	0.064275	2.953582E+9
7034.46	5	3.116693	-0.095542	-0.001886	0	-0.000988	-0.212787	0.064486	2.953583E+9
7214.18	5.2	3.22431	-0.097222	-0.001073	0	-0.0015	-0.212787	0.064334	2.953584E+9
7382.49	5.4	3.336852	-0.098086	-0.000176	0	-0.00078	-0.212787	0.064484	2.953585E+9
7538.96	5.6	3.44406	-0.104967	-0.001053	0	-0.00023	-0.212787	0.064419	2.953586E+9
7683.15	5.8	3.544351	-0.113719	0.000307	0	-0.000609	-0.212787	0.064313	2.953587E+9
7814.63	6	3.640012	-0.11037	-0.000288	0	-0.001088	-0.212787	0.064422	2.953588E+9
7932.95	6.2	3.730498	-0.114174	0.000814	0	-0.000184	-0.212787	0.064483	2.953589E+9
8037.67	6.4	3.816205	-0.113687	6E-6	0	-0.000187	-0.212787	0.064392	2.95359E+9
8128.37	6.6	3.879368	-0.124622	0.000418	0	0.000953	-0.212787	0.064508	2.953591E+9
8204.61	6.8	3.903306	-0.118372	-0.000474	0	-2.9E-5	-0.212787	0.064505	2.953592E+9
8265.94	7	3.906434	-0.114411	-0.000203	0	0.000921	-0.212787	0.064307	2.953593E+9
