06/05/2022	10:54

Co88Tb12_35_20210602_CVMH4

Field	Kepco	Channel A	Channel B	Agilent	0	RF out	Monitor+	Monitor-	Time
8265.94	7	-3.633663	-0.654544	0.001932	0	0.003169	-0.212787	0.068929	1.811378E+9
8204.61	6.8	-3.637324	-0.655395	0.002727	0	0.002365	-0.212787	0.070048	1.811378E+9
8128.37	6.6	-3.639309	-0.655343	0.002216	0	0.002403	-0.212787	0.069431	1.811379E+9
8037.67	6.4	-3.639755	-0.654566	0.002731	0	0.002351	-0.212787	0.070311	1.81138E+9
7932.95	6.2	-3.641606	-0.65496	0.001948	0	0.002996	-0.212787	0.06879	1.811381E+9
7814.63	6	-3.644787	-0.655843	0.001842	0	0.002921	-0.212787	0.068989	1.811382E+9
7683.15	5.8	-3.645586	-0.657643	0.00197	0	0.002732	-0.212787	0.069378	1.811383E+9
7538.96	5.6	-3.646827	-0.656249	0.001776	0	0.003108	-0.212787	0.069003	1.811384E+9
7382.49	5.4	-3.648091	-0.655242	0.001917	0	0.002309	-0.212787	0.069125	1.811385E+9
7214.18	5.2	-3.649891	-0.657282	0.002858	0	0.002492	-0.212787	0.069364	1.811386E+9
7034.46	5	-3.651577	-0.656785	0.002321	0	0.002812	-0.212787	0.068937	1.811387E+9
6843.76	4.8	-3.65159	-0.658475	0.002573	0	0.002557	-0.212787	0.07011	1.811388E+9
6642.54	4.6	-3.652558	-0.658134	0.002855	0	0.002839	-0.212787	0.069926	1.811389E+9
6431.22	4.4	-3.653523	-0.657715	0.003259	0	0.003269	-0.212787	0.069719	1.81139E+9
6210.24	4.2	-3.654202	-0.657178	0.003584	0	0.002302	-0.212787	0.07033	1.811391E+9
5980.04	4	-3.65339	-0.660236	0.003257	0	0.002679	-0.212787	0.069344	1.811392E+9
5741.05	3.8	-3.655466	-0.658533	0.002902	0	0.002724	-0.212787	0.069289	1.811393E+9
5493.71	3.6	-3.654023	-0.65701	0.003553	0	0.002854	-0.212787	0.069807	1.811394E+9
5238.46	3.4	-3.65247	-0.659394	0.003052	0	0.002143	-0.212787	0.069106	1.811395E+9
4975.74	3.2	-3.651947	-0.658868	0.002936	0	0.002908	-0.212787	0.068949	1.811396E+9
4705.98	3	-3.650973	-0.65672	0.0025	0	0.00313	-0.212787	0.068924	1.811397E+9
4429.62	2.8	-3.650492	-0.655356	0.003426	0	0.002689	-0.212787	0.069274	1.811398E+9
4147.09	2.6	-3.647799	-0.658221	0.00246	0	0.002261	-0.212787	0.070294	1.811399E+9
3858.83	2.4	-3.644378	-0.659079	0.003413	0	0.003222	-0.212787	0.070359	1.8114E+9
3565.29	2.2	-3.641805	-0.657796	0.002413	0	0.00259	-0.212787	0.070267	1.811401E+9
3266.89	2	-3.638708	-0.657013	0.003285	0	0.00213	-0.212787	0.070117	1.811402E+9
2964.07	1.8	-3.633582	-0.654836	0.003231	0	0.002785	-0.212787	0.070268	1.811403E+9
2657.27	1.6	-3.624521	-0.652841	0.00257	0	0.003177	-0.212787	0.069211	1.811404E+9
2346.93	1.4	-3.603589	-0.650281	0.002612	0	0.00256	-0.212787	0.069156	1.811405E+9
2033.48	1.2	-3.567222	-0.644021	0.003095	0	0.00253	-0.212787	0.06934	1.811406E+9
1717.37	1	-3.507954	-0.633904	0.002354	0	0.002532	-0.212787	0.069064	1.811407E+9
1399.02	0.8	-3.405892	-0.615613	0.002215	0	0.002819	-0.212787	0.06914	1.811408E+9
1078.87	0.6	-3.141014	-0.567814	0.002066	0	0.001721	-0.212787	0.069016	1.811409E+9
757.37	0.4	-2.626761	-0.474908	0.001004	0	0.001484	-0.212787	0.069338	1.81141E+9
434.94	0.2	-2.014813	-0.366599	0.001028	0	0.000945	-0.212787	0.070456	1.811411E+9
112.03	0	-1.403135	-0.257183	-4.7E-5	0	0.000124	-0.212787	0.069184	1.811412E+9
-210.93	-0.2	-0.814593	-0.152559	-0.000596	0	-0.000364	-0.212787	0.068928	1.811413E+9
-533.51	-0.4	-0.252869	-0.052077	-0.001629	0	-0.001056	-0.212787	0.069284	1.811414E+9
-855.25	-0.6	0.292673	0.047327	-0.002137	0	-0.002201	-0.212787	0.069056	1.811415E+9
-1175.74	-0.8	0.822465	0.141042	-0.001985	0	-0.002572	-0.212787	0.069089	1.811416E+9
-1494.53	-1	1.34137	0.234159	-0.00259	0	-0.003114	-0.212787	0.069697	1.811417E+9
-1811.18	-1.2	1.849171	0.324823	-0.003777	0	-0.00354	-0.212787	0.069002	1.811418E+9
-2125.26	-1.4	2.354786	0.415159	-0.004073	0	-0.00445	-0.212787	0.069836	1.811419E+9
-2436.33	-1.6	2.85416	0.504238	-0.004914	0	-0.004967	-0.212787	0.069361	1.81142E+9
-2743.95	-1.8	3.350923	0.593437	-0.004762	0	-0.005409	-0.212787	0.069536	1.811421E+9
-3047.69	-2	3.852579	0.681178	-0.005703	0	-0.006243	-0.212787	0.069274	1.811422E+9
-3347.11	-2.2	4.355561	0.773392	-0.006051	0	-0.006492	-0.212787	0.06998	1.811423E+9
-3641.77	-2.4	4.86161	0.863452	-0.006514	0	-0.007028	-0.212787	0.070164	1.811424E+9
-3931.24	-2.6	5.372673	0.951208	-0.006993	0	-0.007888	-0.212787	0.069006	1.811425E+9
-4215.08	-2.8	5.883968	1.044264	-0.007881	0	-0.008391	-0.212787	0.069949	1.811426E+9
-4492.85	-3	6.3926	1.135432	-0.008687	0	-0.00866	-0.212787	0.069194	1.811427E+9
-4764.12	-3.2	6.892879	1.224134	-0.009291	0	-0.00959	-0.212787	0.070336	1.811428E+9
-5028.44	-3.4	7.369755	1.308661	-0.00962	0	-0.010002	-0.212787	0.06913	1.811429E+9
-5285.39	-3.6	7.801782	1.385511	-0.010276	0	-0.010611	-0.212787	0.070088	1.81143E+9
-5534.53	-3.8	8.154715	1.448142	-0.011403	0	-0.010989	-0.212787	0.069195	1.811431E+9
-5775.41	-4	8.392211	1.492085	-0.011563	0	-0.011133	-0.212787	0.069185	1.811432E+9
-6007.6	-4.2	8.520655	1.509733	-0.012033	0	-0.011309	-0.212787	0.070563	1.811433E+9
-6230.67	-4.4	8.581639	1.523543	-0.012112	0	-0.011534	-0.212787	0.070588	1.811434E+9
-6444.17	-4.6	8.608449	1.524739	-0.011979	0	-0.011306	-0.212787	0.069117	1.811435E+9
-6647.68	-4.8	8.623491	1.531314	-0.011835	0	-0.011557	-0.212787	0.069803	1.811436E+9
-6840.75	-5	8.630324	1.531691	-0.011846	0	-0.011685	-0.212787	0.069558	1.811437E+9
-7022.95	-5.2	8.635661	1.530112	-0.011812	0	-0.011574	-0.212787	0.070565	1.811438E+9
-7193.84	-5.4	8.638192	1.532672	-0.011906	0	-0.011614	-0.212787	0.069245	1.811439E+9
-7352.98	-5.6	8.639736	1.533615	-0.011617	0	-0.011907	-0.212787	0.069886	1.81144E+9
-7499.94	-5.8	8.640908	1.533962	-0.011613	0	-0.011257	-0.212787	0.069204	1.811441E+9
-7634.28	-6	8.64096	1.5343	-0.011837	0	-0.011503	-0.212787	0.070574	1.811442E+9
-7755.56	-6.2	8.640931	1.532971	-0.011387	0	-0.011317	-0.212787	0.069328	1.811443E+9
-7863.34	-6.4	8.6397	1.531785	-0.011971	0	-0.011615	-0.212787	0.070221	1.811444E+9
-7957.2	-6.6	8.640073	1.533598	-0.011899	0	-0.011262	-0.212787	0.069218	1.811445E+9
-8036.69	-6.8	8.63918	1.534316	-0.011902	0	-0.011545	-0.212787	0.069777	1.811446E+9
-8101.38	-7	8.637357	1.532104	-0.012084	0	-0.011452	-0.212787	0.070626	1.811447E+9
-8036.69	-6.8	8.639131	1.536233	-0.01198	0	-0.011613	-0.212787	0.070519	1.811448E+9
-7957.2	-6.6	8.641379	1.533488	-0.011396	0	-0.011411	-0.212787	0.070629	1.811449E+9
-7863.34	-6.4	8.643118	1.536194	-0.011732	0	-0.011617	-0.212787	0.069355	1.81145E+9
-7755.56	-6.2	8.645678	1.534398	-0.011021	0	-0.011748	-0.212787	0.070458	1.811451E+9
-7634.28	-6	8.646958	1.533576	-0.011059	0	-0.011514	-0.212787	0.069269	1.811452E+9
-7499.94	-5.8	8.647055	1.53557	-0.011348	0	-0.011499	-0.212787	0.069911	1.811453E+9
-7352.98	-5.6	8.650902	1.534696	-0.011289	0	-0.011535	-0.212787	0.069542	1.811454E+9
-7193.84	-5.4	8.650951	1.535577	-0.011273	0	-0.011517	-0.212787	0.069283	1.811455E+9
-7022.95	-5.2	8.651727	1.534729	-0.011484	0	-0.011337	-0.212787	0.069663	1.811456E+9
-6840.75	-5	8.650665	1.536506	-0.011292	0	-0.011876	-0.212787	0.069157	1.811457E+9
-6647.68	-4.8	8.650648	1.535954	-0.011505	0	-0.01154	-0.212787	0.07031	1.811458E+9
-6444.17	-4.6	8.651942	1.535047	-0.011521	0	-0.0113	-0.212787	0.070551	1.811459E+9
-6230.67	-4.4	8.65237	1.534833	-0.011304	0	-0.011387	-0.212787	0.06959	1.81146E+9
-6007.6	-4.2	8.652292	1.535421	-0.011418	0	-0.011412	-0.212787	0.069109	1.811461E+9
-5775.41	-4	8.651909	1.535564	-0.011189	0	-0.011553	-0.212787	0.069948	1.811462E+9
-5534.53	-3.8	8.651678	1.53723	-0.010995	0	-0.011586	-0.212787	0.070548	1.811463E+9
-5285.39	-3.6	8.650385	1.537656	-0.010733	0	-0.011424	-0.212787	0.069554	1.811464E+9
-5028.44	-3.4	8.648624	1.536396	-0.011756	0	-0.011626	-0.212787	0.069547	1.811465E+9
-4764.12	-3.2	8.646951	1.537318	-0.011701	0	-0.01134	-0.212787	0.070633	1.811466E+9
-4492.85	-3	8.64585	1.536964	-0.011831	0	-0.011607	-0.212787	0.069216	1.811467E+9
-4215.08	-2.8	8.644037	1.535872	-0.01175	0	-0.011436	-0.212787	0.069976	1.811468E+9
-3931.24	-2.6	8.640379	1.535941	-0.011746	0	-0.011584	-0.212787	0.070581	1.811469E+9
-3641.77	-2.4	8.637156	1.536805	-0.011932	0	-0.011496	-0.212787	0.069899	1.81147E+9
-3347.11	-2.2	8.63057	1.535002	-0.011714	0	-0.011696	-0.212787	0.069806	1.811471E+9
-3047.69	-2	8.618618	1.530733	-0.011508	0	-0.011778	-0.212787	0.069997	1.811472E+9
-2743.95	-1.8	8.595918	1.528472	-0.011809	0	-0.011812	-0.212787	0.069648	1.811473E+9
-2436.33	-1.6	8.554992	1.520083	-0.011881	0	-0.011722	-0.212787	0.070661	1.811474E+9
-2125.26	-1.4	8.489332	1.509564	-0.011679	0	-0.011707	-0.212787	0.069264	1.811475E+9
-1811.18	-1.2	8.356353	1.484665	-0.011385	0	-0.011682	-0.212787	0.070618	1.811476E+9
-1494.53	-1	8.015813	1.42592	-0.011303	0	-0.011061	-0.212787	0.070677	1.811477E+9
-1175.74	-0.8	7.455272	1.324281	-0.010544	0	-0.010445	-0.212787	0.069933	1.811478E+9
-855.25	-0.6	6.834787	1.21299	-0.009649	0	-0.009467	-0.212787	0.070317	1.811479E+9
-533.51	-0.4	6.226084	1.105621	-0.00887	0	-0.009173	-0.212787	0.070512	1.81148E+9
-210.93	-0.2	5.642031	1.00237	-0.008393	0	-0.008323	-0.212787	0.070633	1.811481E+9
112.03	0	5.082793	0.902938	-0.0077	0	-0.007794	-0.212787	0.070597	1.811482E+9
434.94	0.2	4.541575	0.805974	-0.007109	0	-0.006903	-0.212787	0.069261	1.811483E+9
757.37	0.4	4.013804	0.711112	-0.006398	0	-0.006306	-0.212787	0.070206	1.811484E+9
1078.87	0.6	3.495287	0.619249	-0.005822	0	-0.005727	-0.212787	0.070362	1.811485E+9
1399.02	0.8	2.988966	0.528247	-0.005162	0	-0.005279	-0.212787	0.069972	1.811486E+9
1717.37	1	2.486505	0.436683	-0.004802	0	-0.004524	-0.212787	0.06907	1.811487E+9
2033.48	1.2	1.985211	0.346593	-0.004087	0	-0.003878	-0.212787	0.070426	1.811488E+9
2346.93	1.4	1.483515	0.258015	-0.003587	0	-0.003614	-0.212787	0.06906	1.811489E+9
2657.27	1.6	0.982939	0.168897	-0.003086	0	-0.002837	-0.212787	0.069002	1.81149E+9
2964.07	1.8	0.476721	0.077112	-0.002335	0	-0.002047	-0.212787	0.069409	1.811491E+9
3266.89	2	-0.032178	-0.015839	-0.001909	0	-0.001407	-0.212787	0.069425	1.811492E+9
3565.29	2.2	-0.544331	-0.107615	-0.000915	0	-0.001363	-0.212787	0.07037	1.811493E+9
3858.83	2.4	-1.057483	-0.199267	-0.000185	0	-0.000189	-0.212787	0.070104	1.811494E+9
4147.09	2.6	-1.565601	-0.290837	0.000116	0	0.000445	-0.212787	0.069655	1.811495E+9
4429.62	2.8	-2.059351	-0.379504	0.000312	0	0.000506	-0.212787	0.069828	1.811496E+9
4705.98	3	-2.527191	-0.463293	0.001054	0	0.001045	-0.212787	0.070076	1.811497E+9
4975.74	3.2	-2.938516	-0.537623	0.002353	0	0.002201	-0.212787	0.069436	1.811498E+9
5238.46	3.4	-3.260583	-0.595913	0.002035	0	0.002513	-0.212787	0.069102	1.811499E+9
5493.71	3.6	-3.464572	-0.632302	0.001875	0	0.002187	-0.212787	0.0696	1.8115E+9
5741.05	3.8	-3.568518	-0.651029	0.001754	0	0.002516	-0.212787	0.069517	1.811501E+9
5980.04	4	-3.616272	-0.658562	0.001923	0	0.002292	-0.212787	0.069675	1.811502E+9
6210.24	4.2	-3.638163	-0.662958	0.002116	0	0.002367	-0.212787	0.069963	1.811503E+9
6431.22	4.4	-3.651311	-0.665024	0.002183	0	0.002053	-0.212787	0.070348	1.811504E+9
6642.54	4.6	-3.656678	-0.666317	0.002103	0	0.002586	-0.212787	0.07014	1.811505E+9
6843.76	4.8	-3.660553	-0.667234	0.001791	0	0.00215	-0.212787	0.068909	1.811506E+9
7034.46	5	-3.661327	-0.667601	0.002431	0	0.002838	-0.212787	0.070296	1.811507E+9
7214.18	5.2	-3.663338	-0.668068	0.002816	0	0.002757	-0.212787	0.069095	1.811508E+9
7382.49	5.4	-3.663965	-0.666876	0.002515	0	0.002679	-0.212787	0.070187	1.811509E+9
7538.96	5.6	-3.663575	-0.6684	0.002469	0	0.002786	-0.212787	0.070399	1.81151E+9
7683.15	5.8	-3.663357	-0.668877	0.003271	0	0.002211	-0.212787	0.069819	1.811511E+9
7814.63	6	-3.663341	-0.669797	0.002922	0	0.002785	-0.212787	0.068976	1.811512E+9
7932.95	6.2	-3.661963	-0.669293	0.001714	0	0.00239	-0.212787	0.069265	1.811513E+9
8037.67	6.4	-3.662058	-0.667857	0.00249	0	0.00294	-0.212787	0.069334	1.811514E+9
8128.37	6.6	-3.661619	-0.66799	0.002506	0	0.002819	-0.212787	0.069156	1.811515E+9
8204.61	6.8	-3.659894	-0.666632	0.003256	0	0.002289	-0.212787	0.070389	1.811516E+9
8265.94	7	-3.659156	-0.667419	0.002635	0	0.002788	-0.212787	0.069306	1.811517E+9
