20/05/2022	14:51

CoTb

Field	Kepco	Channel A	Channel B	Agilent	0	RF out	Monitor+	Monitor-	Time
8342.16	7.4	4.218519	-0.214851	0.002706	0	0.003067	-0.212787	0.061638	3.035196E+9
8311.94	7.2	4.222096	-0.21312	0.003515	0	0.003786	-0.212787	0.061773	3.035197E+9
8265.94	7	4.220267	-0.211794	0.003812	0	0.003376	-0.212787	0.061752	3.035198E+9
8204.61	6.8	4.221963	-0.214097	0.003334	0	0.00354	-0.212787	0.061761	3.035199E+9
8128.37	6.6	4.224247	-0.211339	0.00298	0	0.003094	-0.212787	0.061799	3.0352E+9
8037.67	6.4	4.225455	-0.210384	0.003542	0	0.003328	-0.212787	0.06185	3.035201E+9
7932.95	6.2	4.228213	-0.212291	0.004231	0	0.003432	-0.212787	0.061595	3.035202E+9
7814.63	6	4.229503	-0.212873	0.00315	0	0.003264	-0.212787	0.061818	3.035203E+9
7683.15	5.8	4.22951	-0.212769	0.003606	0	0.003847	-0.212787	0.061733	3.035204E+9
7538.96	5.6	4.231498	-0.214023	0.003532	0	0.003131	-0.212787	0.061811	3.035205E+9
7382.49	5.4	4.231368	-0.214893	0.003457	0	0.003831	-0.212787	0.061739	3.035206E+9
7214.18	5.2	4.233074	-0.214825	0.003136	0	0.003595	-0.212787	0.06168	3.035207E+9
7034.46	5	4.232167	-0.213912	0.002931	0	0.003135	-0.212787	0.061771	3.035208E+9
6843.76	4.8	4.231147	-0.214513	0.003365	0	0.003067	-0.212787	0.061751	3.035209E+9
6642.54	4.6	4.2341	-0.212015	0.003259	0	0.003656	-0.212787	0.061757	3.03521E+9
6431.22	4.4	4.2341	-0.213548	0.003886	0	0.003603	-0.212787	0.061699	3.035211E+9
6210.24	4.2	4.236053	-0.213682	0.003467	0	0.002668	-0.212787	0.061824	3.035212E+9
5980.04	4	4.238054	-0.214627	0.003217	0	0.003007	-0.212787	0.061709	3.035213E+9
5741.05	3.8	4.239337	-0.212337	0.002942	0	0.003807	-0.212787	0.06161	3.035214E+9
5493.71	3.6	4.238356	-0.215153	0.003145	0	0.002967	-0.212787	0.061888	3.035215E+9
5238.46	3.4	4.240166	-0.214893	0.00366	0	0.002759	-0.212787	0.061804	3.035216E+9
4975.74	3.2	4.23693	-0.216346	0.003341	0	0.003313	-0.212787	0.061776	3.035217E+9
4705.98	3	4.24079	-0.214984	0.003153	0	0.003211	-0.212787	0.061759	3.035218E+9
4429.62	2.8	4.239246	-0.214149	0.003788	0	0.003185	-0.212787	0.061751	3.035219E+9
4147.09	2.6	4.239074	-0.213301	0.003293	0	0.00277	-0.212787	0.061711	3.03522E+9
3858.83	2.4	4.240903	-0.21322	0.002562	0	0.002953	-0.212787	0.061714	3.035221E+9
3565.29	2.2	4.237638	-0.21195	0.003033	0	0.003369	-0.212787	0.061698	3.035222E+9
3266.89	2	4.239006	-0.213821	0.002778	0	0.002992	-0.212787	0.061725	3.035223E+9
2964.07	1.8	4.237645	-0.213301	0.002988	0	0.002514	-0.212787	0.061764	3.035224E+9
2657.27	1.6	4.240669	-0.21427	0.002238	0	0.002728	-0.212787	0.06174	3.035225E+9
2346.93	1.4	4.237131	-0.21424	0.002283	0	0.003253	-0.212787	0.061681	3.035226E+9
2033.48	1.2	4.239006	-0.214598	0.002801	0	0.002808	-0.212787	0.061667	3.035227E+9
1717.37	1	4.23666	-0.212506	0.00266	0	0.002415	-0.212787	0.061723	3.035228E+9
1399.02	0.8	4.235702	-0.215485	0.002358	0	0.002606	-0.212787	0.061659	3.035229E+9
1078.87	0.6	4.235364	-0.212863	0.002156	0	0.003557	-0.212787	0.061736	3.03523E+9
757.37	0.4	4.231524	-0.213012	0.00284	0	0.002795	-0.212787	0.06167	3.035231E+9
434.94	0.2	4.222086	-0.212512	0.002955	0	0.002429	-0.212787	0.061744	3.035232E+9
112.03	0	4.196274	-0.21003	0.002364	0	0.003153	-0.212787	0.061702	3.035233E+9
-210.93	-0.2	4.142068	-0.208643	0.002301	0	0.002383	-0.212787	0.061614	3.035234E+9
-533.51	-0.4	4.011546	-0.200852	0.0026	0	0.002575	-0.212787	0.061642	3.035235E+9
-855.25	-0.6	3.752619	-0.189751	0.002221	0	0.001822	-0.212787	0.061609	3.035236E+9
-1175.74	-0.8	3.344185	-0.16352	0.001217	0	0.002138	-0.212787	0.061742	3.035237E+9
-1494.53	-1	2.869485	-0.137159	0.000868	0	0.001223	-0.212787	0.061746	3.035238E+9
-1811.18	-1.2	2.373051	-0.11114	0.000446	0	0.000643	-0.212787	0.061771	3.035239E+9
-2125.26	-1.4	1.909725	-0.085939	-0.000143	0	-0.000286	-0.212787	0.061711	3.03524E+9
-2436.33	-1.6	1.477914	-0.06015	-0.000695	0	-0.000322	-0.212787	0.061822	3.035241E+9
-2743.95	-1.8	1.07834	-0.037889	-0.001043	0	-0.000538	-0.212787	0.061805	3.035242E+9
-3047.69	-2	0.700618	-0.019355	-0.001286	0	-0.001235	-0.212787	0.061757	3.035243E+9
-3347.11	-2.2	0.325187	0.00571	-0.00168	0	-0.00205	-0.212787	0.061814	3.035244E+9
-3641.77	-2.4	-0.035807	0.025908	-0.003103	0	-0.001741	-0.212787	0.061795	3.035245E+9
-3931.24	-2.6	-0.395839	0.043828	-0.00316	0	-0.002506	-0.212787	0.061798	3.035246E+9
-4215.08	-2.8	-0.755468	0.065013	-0.003017	0	-0.0029	-0.212787	0.061741	3.035247E+9
-4492.85	-3	-1.114353	0.083577	-0.003426	0	-0.00342	-0.212787	0.061872	3.035248E+9
-4764.12	-3.2	-1.449925	0.103606	-0.004209	0	-0.003609	-0.212787	0.061731	3.035249E+9
-5028.44	-3.4	-1.759841	0.120766	-0.004215	0	-0.004047	-0.212787	0.061948	3.03525E+9
-5285.39	-3.6	-2.009238	0.133076	-0.004795	0	-0.004452	-0.212787	0.0618	3.035251E+9
-5534.53	-3.8	-2.199387	0.144534	-0.004097	0	-0.004706	-0.212787	0.061732	3.035252E+9
-5775.41	-4	-2.324174	0.151792	-0.004757	0	-0.004938	-0.212787	0.06173	3.035253E+9
-6007.6	-4.2	-2.424315	0.155648	-0.004178	0	-0.004923	-0.212787	0.061858	3.035254E+9
-6230.67	-4.4	-2.521373	0.161883	-0.005027	0	-0.005223	-0.212787	0.061874	3.035255E+9
-6444.17	-4.6	-2.614614	0.170031	-0.004605	0	-0.005255	-0.212787	0.061922	3.035256E+9
-6647.68	-4.8	-2.712299	0.170931	-0.004136	0	-0.004886	-0.212787	0.061921	3.035257E+9
-6840.75	-5	-2.807219	0.175798	-0.004816	0	-0.005183	-0.212787	0.061897	3.035258E+9
-7022.95	-5.2	-2.899605	0.181499	-0.004807	0	-0.005052	-0.212787	0.061795	3.035259E+9
-7193.84	-5.4	-2.98934	0.187246	-0.005163	0	-0.005446	-0.212787	0.061868	3.03526E+9
-7352.98	-5.6	-3.076431	0.191996	-0.0051	0	-0.005308	-0.212787	0.061869	3.035261E+9
-7499.94	-5.8	-3.156446	0.196369	-0.005573	0	-0.004858	-0.212787	0.061848	3.035262E+9
-7634.28	-6	-3.227351	0.20195	-0.005352	0	-0.005359	-0.212787	0.061935	3.035263E+9
-7755.56	-6.2	-3.293874	0.205024	-0.005564	0	-0.006143	-0.212787	0.061987	3.035264E+9
-7863.34	-6.4	-3.349867	0.209419	-0.005736	0	-0.00586	-0.212787	0.061845	3.035265E+9
-7957.2	-6.6	-3.401383	0.212067	-0.005136	0	-0.006186	-0.212787	0.061818	3.035266E+9
-8036.69	-6.8	-3.442	0.213653	-0.005702	0	-0.005722	-0.212787	0.061975	3.035267E+9
-8101.38	-7	-3.474712	0.212873	-0.005899	0	-0.006021	-0.212787	0.062025	3.035268E+9
-8150.82	-7.2	-3.50513	0.216576	-0.005575	0	-0.005649	-0.212787	0.061923	3.035269E+9
-8184.58	-7.4	-3.526807	0.216297	-0.005763	0	-0.005746	-0.212787	0.061897	3.03527E+9
-8150.82	-7.2	-3.530354	0.217515	-0.005674	0	-0.005867	-0.212787	0.061959	3.035271E+9
-8101.38	-7	-3.532047	0.22015	-0.005633	0	-0.00561	-0.212787	0.061919	3.035272E+9
-8036.69	-6.8	-3.531589	0.218315	-0.00536	0	-0.005833	-0.212787	0.061992	3.035273E+9
-7957.2	-6.6	-3.533314	0.218311	-0.005562	0	-0.00618	-0.212787	0.061953	3.035274E+9
-7863.34	-6.4	-3.534626	0.214777	-0.00585	0	-0.005727	-0.212787	0.061961	3.035275E+9
-7755.56	-6.2	-3.536098	0.220443	-0.005997	0	-0.005973	-0.212787	0.061943	3.035276E+9
-7634.28	-6	-3.536901	0.219156	-0.005819	0	-0.005971	-0.212787	0.061897	3.035277E+9
-7499.94	-5.8	-3.539649	0.219708	-0.005523	0	-0.006401	-0.212787	0.061983	3.035278E+9
-7352.98	-5.6	-3.538181	0.218665	-0.00573	0	-0.005654	-0.212787	0.061874	3.035279E+9
-7193.84	-5.4	-3.541312	0.220046	-0.006004	0	-0.005936	-0.212787	0.061912	3.03528E+9
-7022.95	-5.2	-3.539584	0.220836	-0.005774	0	-0.006225	-0.212787	0.061898	3.035281E+9
-6840.75	-5	-3.539149	0.216979	-0.006108	0	-0.005885	-0.212787	0.061936	3.035282E+9
-6647.68	-4.8	-3.539675	0.219673	-0.005891	0	-0.00544	-0.212787	0.061934	3.035283E+9
-6444.17	-4.6	-3.540542	0.220511	-0.006014	0	-0.00602	-0.212787	0.061934	3.035284E+9
-6230.67	-4.4	-3.542316	0.218058	-0.005753	0	-0.00599	-0.212787	0.061879	3.035285E+9
-6007.6	-4.2	-3.543691	0.215459	-0.006348	0	-0.006435	-0.212787	0.061971	3.035286E+9
-5775.41	-4	-3.545468	0.218766	-0.006651	0	-0.005968	-0.212787	0.061937	3.035287E+9
-5534.53	-3.8	-3.544441	0.21836	-0.005739	0	-0.006155	-0.212787	0.061955	3.035288E+9
-5285.39	-3.6	-3.546631	0.218315	-0.006547	0	-0.007176	-0.212787	0.061824	3.035289E+9
-5028.44	-3.4	-3.544448	0.219643	-0.006612	0	-0.006303	-0.212787	0.061883	3.03529E+9
-4764.12	-3.2	-3.549821	0.218984	-0.006515	0	-0.006097	-0.212787	0.061832	3.035291E+9
-4492.85	-3	-3.548327	0.220608	-0.00636	0	-0.00638	-0.212787	0.061845	3.035292E+9
-4215.08	-2.8	-3.546459	0.220569	-0.006303	0	-0.006839	-0.212787	0.061933	3.035293E+9
-3931.24	-2.6	-3.548632	0.218165	-0.006548	0	-0.006385	-0.212787	0.061822	3.035294E+9
-3641.77	-2.4	-3.549071	0.218929	-0.006904	0	-0.006174	-0.212787	0.061788	3.035295E+9
-3347.11	-2.2	-3.549457	0.220608	-0.006266	0	-0.00684	-0.212787	0.061812	3.035296E+9
-3047.69	-2	-3.547713	0.219945	-0.006158	0	-0.006869	-0.212787	0.06185	3.035297E+9
-2743.95	-1.8	-3.548096	0.218522	-0.006046	0	-0.006292	-0.212787	0.061875	3.035298E+9
-2436.33	-1.6	-3.549857	0.216362	-0.006587	0	-0.006222	-0.212787	0.061938	3.035299E+9
-2125.26	-1.4	-3.546874	0.219042	-0.00667	0	-0.006726	-0.212787	0.061876	3.0353E+9
-1811.18	-1.2	-3.546816	0.219341	-0.006277	0	-0.006464	-0.212787	0.061902	3.035301E+9
-1494.53	-1	-3.542618	0.219877	-0.006915	0	-0.006369	-0.212787	0.06197	3.035302E+9
-1175.74	-0.8	-3.540409	0.220845	-0.006864	0	-0.006621	-0.212787	0.061938	3.035303E+9
-855.25	-0.6	-3.527953	0.220374	-0.00612	0	-0.006458	-0.212787	0.061713	3.035304E+9
-533.51	-0.4	-3.496251	0.216369	-0.006717	0	-0.006526	-0.212787	0.061752	3.035305E+9
-210.93	-0.2	-3.42392	0.211583	-0.006577	0	-0.006839	-0.212787	0.061839	3.035306E+9
112.03	0	-3.258017	0.204095	-0.006719	0	-0.006322	-0.212787	0.061791	3.035307E+9
434.94	0.2	-2.960108	0.184862	-0.0057	0	-0.005301	-0.212787	0.061733	3.035308E+9
757.37	0.4	-2.535369	0.162036	-0.00563	0	-0.005115	-0.212787	0.061867	3.035309E+9
1078.87	0.6	-2.059042	0.137212	-0.004987	0	-0.004361	-0.212787	0.061883	3.03531E+9
1399.02	0.8	-1.572824	0.110039	-0.004656	0	-0.004209	-0.212787	0.061709	3.035311E+9
1717.37	1	-1.115055	0.083317	-0.003585	0	-0.003586	-0.212787	0.061638	3.035312E+9
2033.48	1.2	-0.690768	0.061459	-0.003398	0	-0.0035	-0.212787	0.061706	3.035313E+9
2346.93	1.4	-0.294015	0.037558	-0.002707	0	-0.002894	-0.212787	0.061809	3.035314E+9
2657.27	1.6	0.089077	0.019098	-0.002181	0	-0.00162	-0.212787	0.061675	3.035315E+9
2964.07	1.8	0.450919	0.002143	-0.001931	0	-0.00174	-0.212787	0.061774	3.035316E+9
3266.89	2	0.812517	-0.024195	-0.000887	0	-0.000911	-0.212787	0.061855	3.035317E+9
3565.29	2.2	1.180291	-0.044208	-0.000721	0	-0.000664	-0.212787	0.061761	3.035318E+9
3858.83	2.4	1.544862	-0.063197	-0.000466	0	9.9E-5	-0.212787	0.061771	3.035319E+9
4147.09	2.6	1.89483	-0.084454	0.000102	0	4.1E-5	-0.212787	0.061754	3.03532E+9
4429.62	2.8	2.224954	-0.10369	0.000419	0	0.000368	-0.212787	0.061782	3.035321E+9
4705.98	3	2.521586	-0.118378	0.00113	0	0.001344	-0.212787	0.061747	3.035322E+9
4975.74	3.2	2.757151	-0.130282	0.001281	0	0.001526	-0.212787	0.061818	3.035323E+9
5238.46	3.4	2.926508	-0.141786	0.001371	0	0.001528	-0.212787	0.061713	3.035324E+9
5493.71	3.6	3.046106	-0.146357	0.002178	0	0.001941	-0.212787	0.061696	3.035325E+9
5741.05	3.8	3.144282	-0.150291	0.001433	0	0.001923	-0.212787	0.061737	3.035326E+9
5980.04	4	3.236451	-0.158582	0.001722	0	0.002581	-0.212787	0.061769	3.035327E+9
6210.24	4.2	3.331511	-0.165603	0.002501	0	0.001971	-0.212787	0.061777	3.035328E+9
6431.22	4.4	3.426432	-0.166015	0.002408	0	0.00228	-0.212787	0.061763	3.035329E+9
6642.54	4.6	3.52094	-0.17262	0.002497	0	0.002619	-0.212787	0.061702	3.03533E+9
6843.76	4.8	3.615425	-0.177509	0.001985	0	0.003089	-0.212787	0.06169	3.035331E+9
7034.46	5	3.704975	-0.183838	0.002305	0	0.003381	-0.212787	0.06177	3.035332E+9
7214.18	5.2	3.787583	-0.18941	0.003357	0	0.002779	-0.212787	0.061717	3.035333E+9
7382.49	5.4	3.8661	-0.192126	0.00312	0	0.002748	-0.212787	0.061688	3.035334E+9
7538.96	5.6	3.938422	-0.196378	0.002327	0	0.003439	-0.212787	0.061759	3.035335E+9
7683.15	5.8	4.001654	-0.200375	0.002839	0	0.003735	-0.212787	0.061641	3.035336E+9
7814.63	6	4.056101	-0.202515	0.003679	0	0.003853	-0.212787	0.061678	3.035337E+9
7932.95	6.2	4.104752	-0.203386	0.004488	0	0.003213	-0.212787	0.061757	3.035338E+9
8037.67	6.4	4.145619	-0.207359	0.002843	0	0.003481	-0.212787	0.061732	3.035339E+9
8128.37	6.6	4.179517	-0.208782	0.004095	0	0.00344	-0.212787	0.061676	3.03534E+9
8204.61	6.8	4.204075	-0.212194	0.003966	0	0.003344	-0.212787	0.061811	3.035341E+9
8265.94	7	4.218948	-0.213526	0.00409	0	0.003871	-0.212787	0.061746	3.035342E+9
8311.94	7.2	4.221118	-0.210101	0.004225	0	0.004086	-0.212787	0.061764	3.035343E+9
8342.16	7.4	4.222775	-0.209962	0.003487	0	0.003481	-0.212787	0.061757	3.035344E+9
