19/05/2022	14:50

Si\Pt3\(Co88Tb12)75\Pt3-20220518_APEJ4

Field	Kepco	Channel A	Channel B	Agilent	0	RF out	Monitor+	Monitor-	Time
8265.94	7	-2.030593	0.953664	-0.028585	0	-0.026871	-0.212787	0.040103	2.94874E+9
8204.61	6.8	-2.035092	0.96202	-0.02843	0	-0.028562	-0.212787	0.040027	2.948741E+9
8128.37	6.6	-2.110058	0.976169	-0.029501	0	-0.027789	-0.212787	0.040113	2.948742E+9
8037.67	6.4	-2.189784	0.971273	-0.029548	0	-0.029038	-0.212787	0.040046	2.948743E+9
7932.95	6.2	-2.251859	1.046239	-0.028094	0	-0.028582	-0.212787	0.040113	2.948744E+9
7814.63	6	-2.313869	1.03799	-0.028634	0	-0.028108	-0.212787	0.040075	2.948745E+9
7683.15	5.8	-2.349755	1.066726	-0.029137	0	-0.028772	-0.212787	0.04002	2.948746E+9
7538.96	5.6	-2.389631	1.054572	-0.030105	0	-0.028641	-0.212787	0.040131	2.948747E+9
7382.49	5.4	-2.410621	1.076638	-0.028046	0	-0.029029	-0.212787	0.04013	2.948748E+9
7214.18	5.2	-2.496256	1.08129	-0.028774	0	-0.028738	-0.212787	0.040075	2.948749E+9
7034.46	5	-2.502052	1.13165	-0.029724	0	-0.029224	-0.212787	0.040144	2.94875E+9
6843.76	4.8	-2.569851	1.152738	-0.029679	0	-0.028049	-0.212787	0.04	2.948751E+9
6642.54	4.6	-2.579042	1.184937	-0.028157	0	-0.028294	-0.212787	0.040197	2.948752E+9
6431.22	4.4	-2.686984	1.180184	-0.028618	0	-0.028463	-0.212787	0.040079	2.948753E+9
6210.24	4.2	-2.76258	1.174456	-0.031027	0	-0.028335	-0.212787	0.039997	2.948754E+9
5980.04	4	-2.839164	1.223146	-0.028577	0	-0.028163	-0.212787	0.040047	2.948755E+9
5741.05	3.8	-2.95028	1.262544	-0.029044	0	-0.029169	-0.212787	0.040027	2.948756E+9
5493.71	3.6	-3.048504	1.307121	-0.030149	0	-0.029059	-0.212787	0.040018	2.948757E+9
5238.46	3.4	-3.203089	1.335935	-0.029524	0	-0.02855	-0.212787	0.040125	2.948758E+9
4975.74	3.2	-3.314523	1.394446	-0.029623	0	-0.027939	-0.212787	0.040145	2.948759E+9
4705.98	3	-3.506436	1.433486	-0.027338	0	-0.030625	-0.212787	0.040022	2.94876E+9
4429.62	2.8	-3.65801	1.491169	-0.028606	0	-0.029251	-0.212787	0.040139	2.948761E+9
4147.09	2.6	-3.816412	1.562152	-0.029794	0	-0.028778	-0.212787	0.040199	2.948762E+9
3858.83	2.4	-3.972251	1.597246	-0.030592	0	-0.029758	-0.212787	0.040064	2.948763E+9
3565.29	2.2	-4.181377	1.674044	-0.028086	0	-0.030921	-0.212787	0.040137	2.948764E+9
3266.89	2	-4.375899	1.712224	-0.03035	0	-0.028863	-0.212787	0.040133	2.948765E+9
2964.07	1.8	-4.564613	1.776235	-0.028665	0	-0.028591	-0.212787	0.040154	2.948766E+9
2657.27	1.6	-4.686989	1.830594	-0.029039	0	-0.030844	-0.212787	0.040169	2.948767E+9
2346.93	1.4	-4.88171	1.902208	-0.030621	0	-0.030148	-0.212787	0.040052	2.948768E+9
2033.48	1.2	-5.060366	1.958704	-0.029809	0	-0.029725	-0.212787	0.040164	2.948769E+9
1717.37	1	-5.259421	2.026923	-0.029847	0	-0.029626	-0.212787	0.040009	2.94877E+9
1399.02	0.8	-5.456952	2.085954	-0.028657	0	-0.029907	-0.212787	0.040079	2.948771E+9
1078.87	0.6	-5.64528	2.147726	-0.031257	0	-0.03013	-0.212787	0.040148	2.948772E+9
757.37	0.4	-5.847276	2.196488	-0.029707	0	-0.031397	-0.212787	0.040093	2.948773E+9
434.94	0.2	-6.030974	2.281681	-0.029226	0	-0.029524	-0.212787	0.040101	2.948774E+9
112.03	0	-6.199559	2.352599	-0.030483	0	-0.03023	-0.212787	0.040109	2.948775E+9
-210.93	-0.2	-6.355015	2.399493	-0.030595	0	-0.030261	-0.212787	0.040158	2.948776E+9
-533.51	-0.4	-6.562898	2.443446	-0.030431	0	-0.030168	-0.212787	0.040048	2.948777E+9
-855.25	-0.6	-6.823578	2.564613	-0.029785	0	-0.031316	-0.212787	0.040189	2.948778E+9
-1175.74	-0.8	-7.151333	2.639359	-0.031309	0	-0.030212	-0.212787	0.040156	2.948779E+9
-1494.53	-1	-7.303863	2.653829	-0.031147	0	-0.030422	-0.212787	0.040219	2.94878E+9
-1811.18	-1.2	-7.418469	2.754841	-0.031032	0	-0.031769	-0.212787	0.040103	2.948781E+9
-2125.26	-1.4	-7.508913	2.788729	-0.030281	0	-0.031584	-0.212787	0.040232	2.948782E+9
-2436.33	-1.6	-7.580638	2.820236	-0.031714	0	-0.030999	-0.212787	0.0401	2.948783E+9
-2743.95	-1.8	-7.548322	2.804135	-0.030359	0	-0.030497	-0.212787	0.040212	2.948784E+9
-3047.69	-2	-7.557809	2.794479	-0.032024	0	-0.031296	-0.212787	0.040232	2.948785E+9
-3347.11	-2.2	-7.539914	2.740611	-0.031324	0	-0.030921	-0.212787	0.040111	2.948786E+9
-3641.77	-2.4	-7.460152	2.76871	-0.030835	0	-0.031213	-0.212787	0.04017	2.948787E+9
-3931.24	-2.6	-7.461048	2.721544	-0.03124	0	-0.031489	-0.212787	0.040133	2.948788E+9
-4215.08	-2.8	-7.406286	2.709575	-0.031717	0	-0.031209	-0.212787	0.04015	2.948789E+9
-4492.85	-3	-7.371081	2.69797	-0.030612	0	-0.031298	-0.212787	0.040223	2.94879E+9
-4764.12	-3.2	-7.294311	2.649017	-0.030564	0	-0.031254	-0.212787	0.040149	2.948791E+9
-5028.44	-3.4	-7.158861	2.630886	-0.031035	0	-0.032609	-0.212787	0.040192	2.948792E+9
-5285.39	-3.6	-7.010041	2.61187	-0.032105	0	-0.03075	-0.212787	0.040136	2.948793E+9
-5534.53	-3.8	-6.841433	2.560032	-0.031087	0	-0.031901	-0.212787	0.040282	2.948794E+9
-5775.41	-4	-6.691682	2.481275	-0.032201	0	-0.031803	-0.212787	0.040152	2.948795E+9
-6007.6	-4.2	-6.525429	2.422163	-0.0301	0	-0.031656	-0.212787	0.040246	2.948796E+9
-6230.67	-4.4	-6.368923	2.398092	-0.030714	0	-0.032055	-0.212787	0.04025	2.948797E+9
-6444.17	-4.6	-6.257674	2.353944	-0.030948	0	-0.030557	-0.212787	0.040162	2.948798E+9
-6647.68	-4.8	-6.160589	2.306206	-0.033317	0	-0.031343	-0.212787	0.040239	2.948799E+9
-6840.75	-5	-6.023167	2.259755	-0.032461	0	-0.030715	-0.212787	0.040171	2.9488E+9
-7022.95	-5.2	-5.923048	2.204515	-0.030959	0	-0.032877	-0.212787	0.040156	2.948801E+9
-7193.84	-5.4	-5.80352	2.191816	-0.031658	0	-0.031144	-0.212787	0.040249	2.948802E+9
-7352.98	-5.6	-5.717953	2.161261	-0.031377	0	-0.030454	-0.212787	0.040153	2.948803E+9
-7499.94	-5.8	-5.595703	2.107773	-0.031861	0	-0.03214	-0.212787	0.040163	2.948804E+9
-7634.28	-6	-5.514307	2.069372	-0.030934	0	-0.033456	-0.212787	0.040114	2.948805E+9
-7755.56	-6.2	-5.453181	2.065379	-0.032567	0	-0.030743	-0.212787	0.040138	2.948806E+9
-7863.34	-6.4	-5.324261	2.012313	-0.031165	0	-0.031605	-0.212787	0.040118	2.948807E+9
-7957.2	-6.6	-5.270415	2.0196	-0.032115	0	-0.032369	-0.212787	0.040061	2.948808E+9
-8036.69	-6.8	-5.252413	1.987752	-0.033454	0	-0.031104	-0.212787	0.040078	2.948809E+9
-8101.38	-7	-5.178084	1.971742	-0.031706	0	-0.032162	-0.212787	0.040086	2.94881E+9
-8036.69	-6.8	-5.192034	1.981222	-0.031507	0	-0.032284	-0.212787	0.040211	2.948811E+9
-7957.2	-6.6	-5.193158	1.997963	-0.032686	0	-0.0316	-0.212787	0.040141	2.948812E+9
-7863.34	-6.4	-5.213999	1.98835	-0.032634	0	-0.030518	-0.212787	0.040112	2.948813E+9
-7755.56	-6.2	-5.181368	2.000201	-0.031661	0	-0.032903	-0.212787	0.040154	2.948814E+9
-7634.28	-6	-5.242293	2.004165	-0.032334	0	-0.03232	-0.212787	0.040092	2.948815E+9
-7499.94	-5.8	-5.234892	1.984253	-0.032889	0	-0.031144	-0.212787	0.040065	2.948816E+9
-7352.98	-5.6	-5.265906	2.01729	-0.031779	0	-0.031727	-0.212787	0.040079	2.948817E+9
-7193.84	-5.4	-5.309609	1.99614	-0.031348	0	-0.032194	-0.212787	0.040203	2.948818E+9
-7022.95	-5.2	-5.35157	2.018694	-0.033567	0	-0.032843	-0.212787	0.040188	2.948819E+9
-6840.75	-5	-5.362519	2.040477	-0.032418	0	-0.032618	-0.212787	0.040214	2.94882E+9
-6647.68	-4.8	-5.423996	2.040561	-0.033693	0	-0.033345	-0.212787	0.040134	2.948821E+9
-6444.17	-4.6	-5.431982	2.040119	-0.033448	0	-0.03158	-0.212787	0.0401	2.948822E+9
-6230.67	-4.4	-5.44143	2.061682	-0.03197	0	-0.031833	-0.212787	0.040168	2.948823E+9
-6007.6	-4.2	-5.450322	2.059304	-0.032603	0	-0.032446	-0.212787	0.040122	2.948824E+9
-5775.41	-4	-5.510301	2.087633	-0.034048	0	-0.033587	-0.212787	0.040194	2.948825E+9
-5534.53	-3.8	-5.528959	2.07148	-0.033211	0	-0.031566	-0.212787	0.040142	2.948826E+9
-5285.39	-3.6	-5.560665	2.088328	-0.032373	0	-0.032965	-0.212787	0.040151	2.948827E+9
-5028.44	-3.4	-5.63337	2.106086	-0.033064	0	-0.033314	-0.212787	0.040159	2.948828E+9
-4764.12	-3.2	-5.636817	2.127941	-0.033853	0	-0.032846	-0.212787	0.040035	2.948829E+9
-4492.85	-3	-5.645407	2.13989	-0.032937	0	-0.033771	-0.212787	0.040202	2.94883E+9
-4215.08	-2.8	-5.722401	2.175166	-0.034893	0	-0.034499	-0.212787	0.040114	2.948831E+9
-3931.24	-2.6	-5.761429	2.182118	-0.033347	0	-0.03412	-0.212787	0.04015	2.948832E+9
-3641.77	-2.4	-5.778904	2.179623	-0.033571	0	-0.033027	-0.212787	0.040051	2.948833E+9
-3347.11	-2.2	-5.771487	2.145546	-0.033247	0	-0.03414	-0.212787	0.040103	2.948834E+9
-3047.69	-2	-5.853988	2.19282	-0.03509	0	-0.033204	-0.212787	0.040096	2.948835E+9
-2743.95	-1.8	-5.874764	2.228466	-0.033832	0	-0.033764	-0.212787	0.040144	2.948836E+9
-2436.33	-1.6	-5.907902	2.168918	-0.0326	0	-0.033003	-0.212787	0.04014	2.948837E+9
-2125.26	-1.4	-5.879933	2.172661	-0.034759	0	-0.035012	-0.212787	0.040157	2.948838E+9
-1811.18	-1.2	-5.904858	2.185435	-0.033697	0	-0.033778	-0.212787	0.040097	2.948839E+9
-1494.53	-1	-5.844794	2.205474	-0.034143	0	-0.034964	-0.212787	0.040099	2.94884E+9
-1175.74	-0.8	-5.846486	2.197313	-0.035142	0	-0.034307	-0.212787	0.040116	2.948841E+9
-855.25	-0.6	-5.876587	2.210071	-0.034311	0	-0.033169	-0.212787	0.040051	2.948842E+9
-533.51	-0.4	-5.903893	2.218917	-0.033833	0	-0.032682	-0.212787	0.040198	2.948843E+9
-210.93	-0.2	-5.938532	2.2119	-0.03423	0	-0.035693	-0.212787	0.04012	2.948844E+9
112.03	0	-6.012534	2.241708	-0.034845	0	-0.034291	-0.212787	0.040215	2.948845E+9
434.94	0.2	-6.083852	2.253907	-0.034326	0	-0.033029	-0.212787	0.040206	2.948846E+9
757.37	0.4	-6.160706	2.305696	-0.033459	0	-0.03417	-0.212787	0.040119	2.948847E+9
1078.87	0.6	-6.112448	2.271766	-0.035119	0	-0.034408	-0.212787	0.040122	2.948848E+9
1399.02	0.8	-6.119072	2.262289	-0.034154	0	-0.032743	-0.212787	0.040229	2.948849E+9
1717.37	1	-6.05214	2.261282	-0.032362	0	-0.034322	-0.212787	0.04014	2.94885E+9
2033.48	1.2	-5.968837	2.231601	-0.033282	0	-0.033975	-0.212787	0.040177	2.948851E+9
2346.93	1.4	-5.901079	2.20779	-0.032921	0	-0.032704	-0.212787	0.040194	2.948852E+9
2657.27	1.6	-5.767455	2.156423	-0.034495	0	-0.033924	-0.212787	0.040243	2.948853E+9
2964.07	1.8	-5.636408	2.117584	-0.034665	0	-0.033077	-0.212787	0.040239	2.948854E+9
3266.89	2	-5.541113	2.076425	-0.03294	0	-0.03479	-0.212787	0.040142	2.948855E+9
3565.29	2.2	-5.392554	2.033722	-0.033515	0	-0.033274	-0.212787	0.040165	2.948856E+9
3858.83	2.4	-5.278638	1.994266	-0.033369	0	-0.034098	-0.212787	0.040231	2.948857E+9
4147.09	2.6	-5.128883	1.930407	-0.036427	0	-0.036123	-0.212787	0.040081	2.948858E+9
4429.62	2.8	-4.989766	1.893848	-0.034221	0	-0.032949	-0.212787	0.040185	2.948859E+9
4705.98	3	-4.814791	1.866584	-0.032877	0	-0.033824	-0.212787	0.040099	2.94886E+9
4975.74	3.2	-4.680579	1.805172	-0.03373	0	-0.03405	-0.212787	0.040143	2.948861E+9
5238.46	3.4	-4.484897	1.725716	-0.034996	0	-0.032945	-0.212787	0.040181	2.948862E+9
5493.71	3.6	-4.293587	1.684632	-0.033607	0	-0.034042	-0.212787	0.040208	2.948863E+9
5741.05	3.8	-4.123853	1.592294	-0.035215	0	-0.033638	-0.212787	0.040138	2.948864E+9
5980.04	4	-3.997897	1.59437	-0.03352	0	-0.034445	-0.212787	0.040252	2.948865E+9
6210.24	4.2	-3.75138	1.510187	-0.032877	0	-0.033053	-0.212787	0.040181	2.948866E+9
6431.22	4.4	-3.663802	1.466231	-0.033257	0	-0.035684	-0.212787	0.040141	2.948867E+9
6642.54	4.6	-3.511176	1.415082	-0.033306	0	-0.034003	-0.212787	0.04028	2.948868E+9
6843.76	4.8	-3.398251	1.362026	-0.032894	0	-0.03321	-0.212787	0.040112	2.948869E+9
7034.46	5	-3.316047	1.348923	-0.033011	0	-0.03342	-0.212787	0.040264	2.94887E+9
7214.18	5.2	-3.180922	1.290871	-0.034716	0	-0.032275	-0.212787	0.040124	2.948871E+9
7382.49	5.4	-3.125108	1.300217	-0.03377	0	-0.034458	-0.212787	0.040135	2.948872E+9
7538.96	5.6	-3.043914	1.244643	-0.032515	0	-0.033038	-0.212787	0.040256	2.948873E+9
7683.15	5.8	-2.963788	1.200375	-0.03398	0	-0.033688	-0.212787	0.040187	2.948874E+9
7814.63	6	-2.925813	1.188465	-0.033334	0	-0.034526	-0.212787	0.040163	2.948875E+9
7932.95	6.2	-2.819103	1.174969	-0.034728	0	-0.034385	-0.212787	0.040142	2.948876E+9
8037.67	6.4	-2.760433	1.143534	-0.032767	0	-0.033146	-0.212787	0.040201	2.948877E+9
8128.37	6.6	-2.656871	1.135103	-0.033251	0	-0.033425	-0.212787	0.040158	2.948878E+9
8204.61	6.8	-2.617144	1.123314	-0.032857	0	-0.035843	-0.212787	0.040247	2.948879E+9
8265.94	7	-2.574952	1.100786	-0.034353	0	-0.03464	-0.212787	0.040096	2.94888E+9
