04/05/2022	16:14

Co88Tb12_20210526_CVEJ2

Field	Kepco	Channel A	Channel B	Agilent	0	RF out	Monitor+	Monitor-	Time
8265.94	7	-0.112189	-0.032983	-0.000488	0	-5.1E-5	-0.212787	0.002821	1.657779E+9
8204.61	6.8	-0.120288	-0.040936	-0.000199	0	7.3E-5	-0.212787	0.00287	1.65778E+9
8128.37	6.6	-0.125093	-0.043591	2.5E-5	0	-1.2E-5	-0.212787	0.002814	1.657781E+9
8037.67	6.4	-0.102491	-0.024439	-0.000346	0	0.000113	-0.212787	0.002824	1.657782E+9
7932.95	6.2	-0.105737	-0.030449	-0.00063	0	4.1E-5	-0.212787	0.002805	1.657783E+9
7814.63	6	-0.096605	-0.040199	-1.1E-5	0	8.1E-5	-0.212787	0.002785	1.657784E+9
7683.15	5.8	-0.119713	-0.03593	-0.000267	0	-7.4E-5	-0.212787	0.002757	1.657785E+9
7538.96	5.6	-0.094061	-0.034903	-5E-6	0	-2E-6	-0.212787	0.002806	1.657786E+9
7382.49	5.4	-0.102732	-0.04056	1.1E-5	0	-6E-6	-0.212787	0.002758	1.657787E+9
7214.18	5.2	-0.091459	-0.039319	-4.3E-5	0	-1.1E-5	-0.212787	0.002778	1.657788E+9
7034.46	5	-0.095188	-0.031554	-0.000137	0	-2.8E-5	-0.212787	0.002786	1.657789E+9
6843.76	4.8	-0.092826	-0.037454	-0.000132	0	6.5E-5	-0.212787	0.002748	1.65779E+9
6642.54	4.6	-0.086299	-0.03246	-0.000545	0	-5.7E-5	-0.212787	0.00271	1.657791E+9
6431.22	4.4	-0.101673	-0.029358	-3.6E-5	0	1E-6	-0.212787	0.002769	1.657792E+9
6210.24	4.2	-0.089951	-0.030953	-6.6E-5	0	-7.2E-5	-0.212787	0.002743	1.657793E+9
5980.04	4	-0.078278	-0.037252	-5.7E-5	0	8.2E-5	-0.212787	0.002711	1.657794E+9
5741.05	3.8	-0.068418	-0.033776	-8.4E-5	0	5E-6	-0.212787	0.00273	1.657795E+9
5493.71	3.6	-0.092157	-0.028019	-9.8E-5	0	6E-6	-0.212787	0.002772	1.657796E+9
5238.46	3.4	-0.084106	-0.024549	6E-6	0	-4.8E-5	-0.212787	0.002749	1.657797E+9
4975.74	3.2	-0.067005	-0.035475	-0.000122	0	-2E-5	-0.212787	0.002755	1.657798E+9
4705.98	3	-0.070699	-0.027847	-0.000197	0	3.2E-5	-0.212787	0.002739	1.657799E+9
4429.62	2.8	-0.062301	-0.040556	-0.000242	0	7.6E-5	-0.212787	0.00273	1.6578E+9
4147.09	2.6	-0.068327	-0.030225	-0.000294	0	0.000169	-0.212787	0.0027	1.657801E+9
3858.83	2.4	-0.060523	-0.027204	-0.000359	0	-9.6E-5	-0.212787	0.002668	1.657802E+9
3565.29	2.2	-0.058253	-0.030602	-5.3E-5	0	2.7E-5	-0.212787	0.00274	1.657803E+9
3266.89	2	-0.040404	-0.029653	-5.8E-5	0	8.2E-5	-0.212787	0.002718	1.657804E+9
2964.07	1.8	-0.061105	-0.035293	-0.000255	0	4.1E-5	-0.212787	0.0027	1.657805E+9
2657.27	1.6	-0.051459	-0.034497	-0.000478	0	-7.3E-5	-0.212787	0.002743	1.657806E+9
2346.93	1.4	-0.055631	-0.024	-0.000436	0	1.5E-5	-0.212787	0.002699	1.657807E+9
2033.48	1.2	-0.035371	-0.017425	0.000237	0	8.6E-5	-0.212787	0.002719	1.657808E+9
1717.37	1	-0.051414	-0.027785	-0.000493	0	5.5E-5	-0.212787	0.002726	1.657809E+9
1399.02	0.8	-0.053012	-0.023477	-5.3E-5	0	4.9E-5	-0.212787	0.002756	1.65781E+9
1078.87	0.6	-0.046385	-0.029942	0.000329	0	5.1E-5	-0.212787	0.002738	1.657811E+9
757.37	0.4	-0.034936	-0.019072	0.00036	0	0.000145	-0.212787	0.002728	1.657812E+9
434.94	0.2	-0.054182	-0.014351	0.000513	0	0.000136	-0.212787	0.00272	1.657813E+9
112.03	0	-0.0353	-0.025339	0.000353	0	0.0001	-0.212787	0.002732	1.657814E+9
-210.93	-0.2	-0.038753	-0.020927	0.000608	0	2.1E-5	-0.212787	0.002754	1.657815E+9
-533.51	-0.4	-0.033477	-0.021362	0.000511	0	1E-5	-0.212787	0.002719	1.657816E+9
-855.25	-0.6	-0.04452	-0.025771	-0.0003	0	-2.4E-5	-0.212787	0.002711	1.657817E+9
-1175.74	-0.8	-0.025235	-0.026609	0.000491	0	7.3E-5	-0.212787	0.002742	1.657818E+9
-1494.53	-1	-0.033939	-0.003679	0.000563	0	0.000107	-0.212787	0.002732	1.657819E+9
-1811.18	-1.2	-0.024267	-0.027811	0.000237	0	-5E-5	-0.212787	0.002712	1.65782E+9
-2125.26	-1.4	-0.028971	-0.02108	0.000159	0	-5.4E-5	-0.212787	0.002672	1.657821E+9
-2436.33	-1.6	-0.023604	-0.022256	-7.3E-5	0	-5.8E-5	-0.212787	0.00276	1.657822E+9
-2743.95	-1.8	-0.032285	-0.015648	2.6E-5	0	8.5E-5	-0.212787	0.002708	1.657823E+9
-3047.69	-2	-0.032753	-0.025375	0.000224	0	3.3E-5	-0.212787	0.002706	1.657824E+9
-3347.11	-2.2	-0.036239	-0.026489	-0.000103	0	7.2E-5	-0.212787	0.00271	1.657825E+9
-3641.77	-2.4	-0.031869	-0.024319	5.7E-5	0	3.9E-5	-0.212787	0.002697	1.657826E+9
-3931.24	-2.6	-0.019878	-0.018601	3.8E-5	0	4.1E-5	-0.212787	0.002691	1.657827E+9
-4215.08	-2.8	-0.03169	-0.023435	5.4E-5	0	0.000131	-0.212787	0.002744	1.657828E+9
-4492.85	-3	-0.037317	-0.029699	0.000527	0	-2.9E-5	-0.212787	0.002712	1.657829E+9
-4764.12	-3.2	-0.042496	-0.01401	8.4E-5	0	3.6E-5	-0.212787	0.002713	1.65783E+9
-5028.44	-3.4	-0.014387	-0.015817	0.000586	0	6.5E-5	-0.212787	0.002704	1.657831E+9
-5285.39	-3.6	-0.034234	-0.021697	2.6E-5	0	6.7E-5	-0.212787	0.002734	1.657832E+9
-5534.53	-3.8	-0.034208	-0.02236	0.000166	0	2E-5	-0.212787	0.002702	1.657833E+9
-5775.41	-4	-0.029257	-0.021025	0.000351	0	4.6E-5	-0.212787	0.00273	1.657834E+9
-6007.6	-4.2	-0.019036	-0.015833	0.000615	0	-4.3E-5	-0.212787	0.002715	1.657835E+9
-6230.67	-4.4	-0.021148	-0.029813	0.000385	0	0.000132	-0.212787	0.002709	1.657836E+9
-6444.17	-4.6	-0.011678	-0.024114	5.4E-5	0	-6.5E-5	-0.212787	0.002719	1.657837E+9
-6647.68	-4.8	-0.032116	-0.026388	0.000599	0	0.00013	-0.212787	0.002736	1.657838E+9
-6840.75	-5	-0.035092	-0.033695	0.000637	0	5.5E-5	-0.212787	0.002759	1.657839E+9
-7022.95	-5.2	-0.029095	-0.019819	0.000551	0	1E-5	-0.212787	0.002683	1.65784E+9
-7193.84	-5.4	-0.015541	-0.033757	0.000479	0	9.9E-5	-0.212787	0.002697	1.657841E+9
-7352.98	-5.6	-0.028276	-0.026726	-0.000162	0	-6.8E-5	-0.212787	0.002652	1.657842E+9
-7499.94	-5.8	-0.018952	-0.022818	0.000542	0	3.6E-5	-0.212787	0.002696	1.657843E+9
-7634.28	-6	-0.031648	-0.023695	0.000265	0	-2.8E-5	-0.212787	0.002679	1.657844E+9
-7755.56	-6.2	-0.025661	-0.034185	-0.000234	0	4E-5	-0.212787	0.0027	1.657845E+9
-7863.34	-6.4	-0.019696	-0.025453	-0.000409	0	3.8E-5	-0.212787	0.002645	1.657846E+9
-7957.2	-6.6	-0.038942	-0.015342	-0.000424	0	-5E-5	-0.212787	0.002686	1.657847E+9
-8036.69	-6.8	-0.023653	-0.029315	-4E-5	0	5.4E-5	-0.212787	0.002702	1.657848E+9
-8101.38	-7	-0.031892	-0.016346	-0.000158	0	1.3E-5	-0.212787	0.002706	1.657849E+9
-8036.69	-6.8	-0.014852	-0.029354	-0.000474	0	-1.9E-5	-0.212787	0.002646	1.65785E+9
-7957.2	-6.6	-0.021109	-0.017558	-0.000621	0	0.000123	-0.212787	0.002637	1.657851E+9
-7863.34	-6.4	-0.022301	-0.020547	-0.0002	0	0.000156	-0.212787	0.002637	1.657852E+9
-7755.56	-6.2	-0.022785	-0.02554	-6.3E-5	0	8.1E-5	-0.212787	0.002676	1.657853E+9
-7634.28	-6	-0.037048	-0.017526	-0.000244	0	0.000145	-0.212787	0.002634	1.657854E+9
-7499.94	-5.8	-0.016668	-0.022279	7.5E-5	0	-9E-6	-0.212787	0.002648	1.657855E+9
-7352.98	-5.6	-0.01621	-0.029449	-0.000175	0	-6.5E-5	-0.212787	0.002662	1.657856E+9
-7193.84	-5.4	-0.014875	-0.016876	3.8E-5	0	0.000123	-0.212787	0.002654	1.657857E+9
-7022.95	-5.2	-0.015216	-0.033779	-2E-6	0	9.8E-5	-0.212787	0.002651	1.657858E+9
-6840.75	-5	-0.01376	-0.016947	6.2E-5	0	7.3E-5	-0.212787	0.002606	1.657859E+9
-6647.68	-4.8	-0.020092	-0.031859	6.6E-5	0	6.5E-5	-0.212787	0.002659	1.65786E+9
-6444.17	-4.6	-0.010927	-0.024108	-3.2E-5	0	3.7E-5	-0.212787	0.002626	1.657861E+9
-6230.67	-4.4	-0.002347	-0.022071	0.000119	0	3.8E-5	-0.212787	0.002636	1.657862E+9
-6007.6	-4.2	-0.012415	-0.014485	-0.000307	0	5E-5	-0.212787	0.002615	1.657863E+9
-5775.41	-4	-0.02067	-0.014446	-0.000457	0	3.6E-5	-0.212787	0.002636	1.657864E+9
-5534.53	-3.8	-0.011044	-0.019329	-2.5E-5	0	7.4E-5	-0.212787	0.002663	1.657865E+9
-5285.39	-3.6	-0.024267	-0.03133	-0.000364	0	0.000237	-0.212787	0.002619	1.657866E+9
-5028.44	-3.4	-0.024523	-0.021479	-0.00043	0	4.8E-5	-0.212787	0.002639	1.657867E+9
-4764.12	-3.2	-0.024104	-0.027889	-0.000407	0	8.1E-5	-0.212787	0.002633	1.657868E+9
-4492.85	-3	-0.024247	-0.021288	-0.000468	0	2.6E-5	-0.212787	0.002627	1.657869E+9
-4215.08	-2.8	-0.016012	-0.02172	-0.00016	0	2.6E-5	-0.212787	0.002609	1.65787E+9
-3931.24	-2.6	-0.012981	-0.001798	0.000705	0	0.000173	-0.212787	0.002641	1.657871E+9
-3641.77	-2.4	-0.020449	-0.029143	0.000528	0	0.000117	-0.212787	0.002642	1.657872E+9
-3347.11	-2.2	-0.02173	-0.017883	0.000498	0	0.000225	-0.212787	0.002648	1.657873E+9
-3047.69	-2	-0.011213	-0.010502	0.000428	0	6.3E-5	-0.212787	0.002591	1.657874E+9
-2743.95	-1.8	-0.01121	-0.017483	0.000512	0	8.7E-5	-0.212787	0.002619	1.657875E+9
-2436.33	-1.6	-0.017025	-0.014901	0.000359	0	6.8E-5	-0.212787	0.002628	1.657876E+9
-2125.26	-1.4	-0.007805	-0.01351	0.000187	0	-2.2E-5	-0.212787	0.002617	1.657877E+9
-1811.18	-1.2	-0.014816	-0.019683	0.000253	0	2.3E-5	-0.212787	0.002624	1.657878E+9
-1494.53	-1	-0.003335	-0.024575	-6.4E-5	0	-1.5E-5	-0.212787	0.002605	1.657879E+9
-1175.74	-0.8	-0.007461	-0.020878	0.000265	0	0.000131	-0.212787	0.002641	1.65788E+9
-855.25	-0.6	-0.0184	-0.012542	0.000219	0	1.1E-5	-0.212787	0.002621	1.657881E+9
-533.51	-0.4	-0.013299	-0.014368	0.000291	0	7.1E-5	-0.212787	0.002679	1.657882E+9
-210.93	-0.2	-0.016054	-0.019322	0.000154	0	3.4E-5	-0.212787	0.002638	1.657883E+9
112.03	0	-0.011739	-0.026268	2E-5	0	0.000142	-0.212787	0.002665	1.657884E+9
434.94	0.2	-0.023344	-0.024147	-4.4E-5	0	-0.000101	-0.212787	0.002675	1.657885E+9
757.37	0.4	-0.007513	-0.028926	0.000495	0	0.000154	-0.212787	0.002659	1.657886E+9
1078.87	0.6	-0.023471	-0.014933	-0.000152	0	2.5E-5	-0.212787	0.002649	1.657887E+9
1399.02	0.8	-0.020547	-0.020514	-0.000371	0	7.4E-5	-0.212787	0.002603	1.657888E+9
1717.37	1	-0.020203	-0.024621	7.1E-5	0	0.000178	-0.212787	0.002647	1.657889E+9
2033.48	1.2	-0.026314	-0.024124	-0.000531	0	0.000125	-0.212787	0.002643	1.65789E+9
2346.93	1.4	-0.023152	-0.031525	-0.000462	0	4E-5	-0.212787	0.002612	1.657891E+9
2657.27	1.6	-0.018916	-0.007851	-0.00012	0	0.000111	-0.212787	0.002652	1.657892E+9
2964.07	1.8	-0.026115	-0.022363	-0.000489	0	0.000166	-0.212787	0.002618	1.657893E+9
3266.89	2	-0.01672	-0.020066	-0.000147	0	2.4E-5	-0.212787	0.002658	1.657894E+9
3565.29	2.2	-0.023932	-0.009378	3.8E-5	0	4.4E-5	-0.212787	0.002636	1.657895E+9
3858.83	2.4	-0.037324	-0.026301	-0.000112	0	0.000145	-0.212787	0.002656	1.657896E+9
4147.09	2.6	-0.039715	-0.02287	7E-6	0	0.00019	-0.212787	0.002656	1.657897E+9
4429.62	2.8	-0.041589	-0.037275	2.3E-5	0	6.5E-5	-0.212787	0.002582	1.657898E+9
4705.98	3	-0.032191	-0.020183	6E-6	0	6.5E-5	-0.212787	0.00263	1.657899E+9
4975.74	3.2	-0.041895	-0.023598	3.4E-5	0	0.000184	-0.212787	0.00259	1.6579E+9
5238.46	3.4	-0.05092	-0.026632	-0.000211	0	3.1E-5	-0.212787	0.002654	1.657901E+9
5493.71	3.6	-0.032905	-0.028266	-0.000385	0	0.000112	-0.212787	0.002608	1.657902E+9
5741.05	3.8	-0.04515	-0.024816	0.000204	0	7.9E-5	-0.212787	0.002638	1.657903E+9
5980.04	4	-0.042074	-0.027792	-0.000469	0	6.3E-5	-0.212787	0.002622	1.657904E+9
6210.24	4.2	-0.061235	-0.036599	-7.6E-5	0	5.3E-5	-0.212787	0.002659	1.657905E+9
6431.22	4.4	-0.051999	-0.023987	0.000462	0	0.000205	-0.212787	0.002609	1.657906E+9
6642.54	4.6	-0.048165	-0.025427	0.000541	0	0.000179	-0.212787	0.002653	1.657907E+9
6843.76	4.8	-0.04773	-0.032623	0.000467	0	7.5E-5	-0.212787	0.002628	1.657908E+9
7034.46	5	-0.062521	-0.033825	0.000441	0	1.2E-5	-0.212787	0.002601	1.657909E+9
7214.18	5.2	-0.05771	-0.035745	0.000422	0	0.000158	-0.212787	0.002642	1.65791E+9
7382.49	5.4	-0.048422	-0.029481	0.000275	0	6.4E-5	-0.212787	0.002598	1.657911E+9
7538.96	5.6	-0.052031	-0.031378	0.000181	0	2.1E-5	-0.212787	0.00265	1.657912E+9
7683.15	5.8	-0.061456	-0.021788	0.000116	0	-1.7E-5	-0.212787	0.002636	1.657913E+9
7814.63	6	-0.053438	-0.0235	0.000427	0	1.9E-5	-0.212787	0.002671	1.657914E+9
7932.95	6.2	-0.065566	-0.038899	0.000226	0	8.3E-5	-0.212787	0.00265	1.657915E+9
8037.67	6.4	-0.065231	-0.024325	0.000593	0	3.1E-5	-0.212787	0.002636	1.657916E+9
8128.37	6.6	-0.060969	-0.010859	0.000106	0	0.000112	-0.212787	0.002637	1.657917E+9
8204.61	6.8	-0.060956	-0.029361	8.2E-5	0	2.4E-5	-0.212787	0.002648	1.657918E+9
8265.94	7	-0.053815	-0.031274	0.000174	0	0.000112	-0.212787	0.002648	1.657919E+9
