06/05/2022	11:40

Co88Tb12_35_20210602_CVMH6

Field	Kepco	Channel A	Channel B	Agilent	0	RF out	Monitor+	Monitor-	Time
8265.94	7	-7.47881	-1.476591	0.015722	0	0.016435	-0.212787	0.077577	1.814153E+9
8204.61	6.8	-7.555869	-1.485132	0.015712	0	0.016068	-0.212787	0.077709	1.814153E+9
8128.37	6.6	-7.560034	-1.484264	0.016527	0	0.016399	-0.212787	0.077281	1.814154E+9
8037.67	6.4	-7.561122	-1.486997	0.01577	0	0.016243	-0.212787	0.077316	1.814155E+9
7932.95	6.2	-7.561473	-1.488306	0.015625	0	0.01601	-0.212787	0.077517	1.814156E+9
7814.63	6	-7.56405	-1.487874	0.015864	0	0.016331	-0.212787	0.077283	1.814157E+9
7683.15	5.8	-7.568754	-1.488277	0.016084	0	0.015752	-0.212787	0.077365	1.814158E+9
7538.96	5.6	-7.56482	-1.488845	0.016786	0	0.01629	-0.212787	0.077261	1.814159E+9
7382.49	5.4	-7.573546	-1.487396	0.016075	0	0.016035	-0.212787	0.077711	1.81416E+9
7214.18	5.2	-7.5753	-1.486535	0.016198	0	0.016283	-0.212787	0.077385	1.814161E+9
7034.46	5	-7.575307	-1.489144	0.016769	0	0.015609	-0.212787	0.0778	1.814162E+9
6843.76	4.8	-7.574868	-1.490463	0.017174	0	0.01583	-0.212787	0.077786	1.814163E+9
6642.54	4.6	-7.579287	-1.492214	0.016475	0	0.015726	-0.212787	0.077295	1.814164E+9
6431.22	4.4	-7.577032	-1.488761	0.016373	0	0.016309	-0.212787	0.077348	1.814165E+9
6210.24	4.2	-7.576528	-1.490489	0.016796	0	0.016768	-0.212787	0.077531	1.814166E+9
5980.04	4	-7.580609	-1.495375	0.017059	0	0.016749	-0.212787	0.077576	1.814167E+9
5741.05	3.8	-7.575817	-1.49354	0.017486	0	0.015881	-0.212787	0.07762	1.814168E+9
5493.71	3.6	-7.573578	-1.491821	0.016534	0	0.016491	-0.212787	0.077511	1.814169E+9
5238.46	3.4	-7.574313	-1.487445	0.016371	0	0.016997	-0.212787	0.077782	1.81417E+9
4975.74	3.2	-7.567873	-1.486542	0.016346	0	0.016523	-0.212787	0.077802	1.814171E+9
4705.98	3	-7.557831	-1.48175	0.017081	0	0.016347	-0.212787	0.077345	1.814172E+9
4429.62	2.8	-7.552221	-1.484882	0.016161	0	0.015983	-0.212787	0.077792	1.814173E+9
4147.09	2.6	-7.540281	-1.480753	0.01619	0	0.016696	-0.212787	0.07775	1.814174E+9
3858.83	2.4	-7.534774	-1.48009	0.016716	0	0.016681	-0.212787	0.077567	1.814175E+9
3565.29	2.2	-7.51673	-1.475931	0.016611	0	0.016461	-0.212787	0.077888	1.814176E+9
3266.89	2	-7.490736	-1.467657	0.016291	0	0.016423	-0.212787	0.077407	1.814177E+9
2964.07	1.8	-7.452371	-1.465574	0.016682	0	0.016129	-0.212787	0.077486	1.814178E+9
2657.27	1.6	-7.397491	-1.451422	0.016477	0	0.016638	-0.212787	0.077868	1.814179E+9
2346.93	1.4	-7.297784	-1.432358	0.016564	0	0.016209	-0.212787	0.077804	1.81418E+9
2033.48	1.2	-7.110703	-1.396862	0.017027	0	0.016424	-0.212787	0.077407	1.814181E+9
1717.37	1	-6.77184	-1.321841	0.016571	0	0.015714	-0.212787	0.077491	1.814182E+9
1399.02	0.8	-6.174406	-1.209809	0.016412	0	0.015456	-0.212787	0.077809	1.814183E+9
1078.87	0.6	-5.268228	-1.025186	0.01555	0	0.015379	-0.212787	0.077877	1.814184E+9
757.37	0.4	-4.137969	-0.804564	0.014847	0	0.014619	-0.212787	0.077756	1.814185E+9
434.94	0.2	-2.962882	-0.565728	0.014371	0	0.01356	-0.212787	0.077922	1.814186E+9
112.03	0	-1.804125	-0.33876	0.012952	0	0.013449	-0.212787	0.077924	1.814187E+9
-210.93	-0.2	-0.685138	-0.104626	0.012685	0	0.012706	-0.212787	0.077432	1.814188E+9
-533.51	-0.4	0.410036	0.109818	0.011932	0	0.011729	-0.212787	0.077762	1.814189E+9
-855.25	-0.6	1.494138	0.326828	0.01138	0	0.01143	-0.212787	0.077681	1.81419E+9
-1175.74	-0.8	2.576962	0.540384	0.010986	0	0.011065	-0.212787	0.077605	1.814191E+9
-1494.53	-1	3.675989	0.764555	0.009833	0	0.010773	-0.212787	0.077802	1.814192E+9
-1811.18	-1.2	4.808661	0.994089	0.009659	0	0.009915	-0.212787	0.077583	1.814193E+9
-2125.26	-1.4	5.978759	1.224052	0.008632	0	0.009093	-0.212787	0.0776	1.814194E+9
-2436.33	-1.6	7.168167	1.46216	0.008591	0	0.008106	-0.212787	0.077731	1.814195E+9
-2743.95	-1.8	8.318237	1.686942	0.00713	0	0.00815	-0.212787	0.07812	1.814196E+9
-3047.69	-2	9.242113	1.878173	0.007494	0	0.007575	-0.212787	0.077557	1.814197E+9
-3347.11	-2.2	9.812163	1.998749	0.007158	0	0.007064	-0.212787	0.078067	1.814198E+9
-3641.77	-2.4	10.074738	2.046831	0.006512	0	0.00705	-0.212787	0.077558	1.814199E+9
-3931.24	-2.6	10.179213	2.06085	0.00604	0	0.006355	-0.212787	0.077778	1.8142E+9
-4215.08	-2.8	10.219792	2.061633	0.006755	0	0.007225	-0.212787	0.078069	1.814201E+9
-4492.85	-3	10.241355	2.063452	0.007047	0	0.007089	-0.212787	0.078019	1.814202E+9
-4764.12	-3.2	10.250845	2.070583	0.006551	0	0.006832	-0.212787	0.077605	1.814203E+9
-5028.44	-3.4	10.260582	2.071428	0.006091	0	0.006277	-0.212787	0.078118	1.814204E+9
-5285.39	-3.6	10.264815	2.075512	0.006517	0	0.007023	-0.212787	0.078104	1.814205E+9
-5534.53	-3.8	10.270023	2.077757	0.007376	0	0.007177	-0.212787	0.078079	1.814206E+9
-5775.41	-4	10.272531	2.07686	0.007138	0	0.007282	-0.212787	0.077825	1.814207E+9
-6007.6	-4.2	10.273938	2.077276	0.006841	0	0.006848	-0.212787	0.077615	1.814208E+9
-6230.67	-4.4	10.277921	2.071695	0.007365	0	0.006793	-0.212787	0.077838	1.814209E+9
-6444.17	-4.6	10.281326	2.07943	0.007145	0	0.007	-0.212787	0.07789	1.81421E+9
-6647.68	-4.8	10.282119	2.076435	0.008242	0	0.007169	-0.212787	0.077903	1.814211E+9
-6840.75	-5	10.282681	2.078689	0.00762	0	0.006892	-0.212787	0.077674	1.814212E+9
-7022.95	-5.2	10.287015	2.07739	0.007508	0	0.007381	-0.212787	0.078222	1.814213E+9
-7193.84	-5.4	10.287879	2.075843	0.007612	0	0.007693	-0.212787	0.078062	1.814214E+9
-7352.98	-5.6	10.287482	2.078686	0.008053	0	0.007266	-0.212787	0.077843	1.814215E+9
-7499.94	-5.8	10.289178	2.078137	0.007478	0	0.007217	-0.212787	0.077662	1.814216E+9
-7634.28	-6	10.28629	2.07724	0.007326	0	0.00736	-0.212787	0.077864	1.814217E+9
-7755.56	-6.2	10.289026	2.080872	0.007747	0	0.007868	-0.212787	0.077758	1.814218E+9
-7863.34	-6.4	10.288646	2.077179	0.0082	0	0.007871	-0.212787	0.077904	1.814219E+9
-7957.2	-6.6	10.282323	2.081555	0.007702	0	0.007872	-0.212787	0.078193	1.81422E+9
-8036.69	-6.8	10.291739	2.077734	0.007749	0	0.007698	-0.212787	0.078281	1.814221E+9
-8101.38	-7	10.28615	2.079177	0.008089	0	0.008319	-0.212787	0.078091	1.814222E+9
-8036.69	-6.8	10.291371	2.078809	0.008344	0	0.008367	-0.212787	0.078244	1.814223E+9
-7957.2	-6.6	10.290465	2.083393	0.007739	0	0.008114	-0.212787	0.078276	1.814224E+9
-7863.34	-6.4	10.29656	2.08636	0.007604	0	0.007417	-0.212787	0.077816	1.814225E+9
-7755.56	-6.2	10.301547	2.079804	0.008347	0	0.007785	-0.212787	0.077972	1.814226E+9
-7634.28	-6	10.302382	2.078962	0.008701	0	0.00816	-0.212787	0.078268	1.814227E+9
-7499.94	-5.8	10.305296	2.078816	0.008292	0	0.007749	-0.212787	0.077872	1.814228E+9
-7352.98	-5.6	10.304624	2.083341	0.008052	0	0.008426	-0.212787	0.078226	1.814229E+9
-7193.84	-5.4	10.307135	2.086834	0.008205	0	0.008233	-0.212787	0.078068	1.81423E+9
-7022.95	-5.2	10.307587	2.08852	0.007851	0	0.008017	-0.212787	0.078263	1.814231E+9
-6840.75	-5	10.307492	2.086743	0.008451	0	0.007675	-0.212787	0.077815	1.814232E+9
-6647.68	-4.8	10.310364	2.087467	0.008181	0	0.007659	-0.212787	0.078161	1.814233E+9
-6444.17	-4.6	10.314608	2.086967	0.007178	0	0.00809	-0.212787	0.077964	1.814234E+9
-6230.67	-4.4	10.311479	2.089485	0.007334	0	0.008422	-0.212787	0.07794	1.814235E+9
-6007.6	-4.2	10.312431	2.084661	0.007541	0	0.007834	-0.212787	0.077954	1.814236E+9
-5775.41	-4	10.311914	2.089816	0.008357	0	0.007858	-0.212787	0.078265	1.814237E+9
-5534.53	-3.8	10.312363	2.085541	0.007569	0	0.008061	-0.212787	0.0777	1.814238E+9
-5285.39	-3.6	10.308327	2.087636	0.007904	0	0.008519	-0.212787	0.078136	1.814239E+9
-5028.44	-3.4	10.306625	2.084222	0.008145	0	0.007799	-0.212787	0.078198	1.81424E+9
-4764.12	-3.2	10.305449	2.082487	0.008038	0	0.008069	-0.212787	0.077754	1.814241E+9
-4492.85	-3	10.295673	2.080967	0.007964	0	0.007963	-0.212787	0.078002	1.814242E+9
-4215.08	-2.8	10.286059	2.083309	0.007469	0	0.008091	-0.212787	0.078251	1.814243E+9
-3931.24	-2.6	10.278597	2.083793	0.008042	0	0.008408	-0.212787	0.078249	1.814244E+9
-3641.77	-2.4	10.262446	2.078748	0.008297	0	0.007829	-0.212787	0.077924	1.814245E+9
-3347.11	-2.2	10.24373	2.071756	0.007542	0	0.00811	-0.212787	0.077949	1.814246E+9
-3047.69	-2	10.212092	2.063992	0.007924	0	0.008366	-0.212787	0.078245	1.814247E+9
-2743.95	-1.8	10.142757	2.051438	0.008161	0	0.008802	-0.212787	0.078175	1.814248E+9
-2436.33	-1.6	10.013045	2.020298	0.008433	0	0.008638	-0.212787	0.077908	1.814249E+9
-2125.26	-1.4	9.731067	1.97118	0.008985	0	0.008826	-0.212787	0.078191	1.81425E+9
-1811.18	-1.2	9.119416	1.849626	0.008934	0	0.009232	-0.212787	0.077994	1.814251E+9
-1494.53	-1	8.129923	1.655523	0.009608	0	0.010042	-0.212787	0.07773	1.814252E+9
-1175.74	-0.8	6.969198	1.421284	0.010368	0	0.010758	-0.212787	0.077998	1.814253E+9
-855.25	-0.6	5.791328	1.191886	0.012121	0	0.010926	-0.212787	0.078209	1.814254E+9
-533.51	-0.4	4.637019	0.957644	0.011019	0	0.011658	-0.212787	0.078105	1.814255E+9
-210.93	-0.2	3.520355	0.735511	0.013094	0	0.012824	-0.212787	0.077704	1.814256E+9
112.03	0	2.425363	0.515174	0.013674	0	0.013405	-0.212787	0.077728	1.814257E+9
434.94	0.2	1.343621	0.295954	0.014641	0	0.013994	-0.212787	0.078014	1.814258E+9
757.37	0.4	0.248126	0.080354	0.014682	0	0.014033	-0.212787	0.078051	1.814259E+9
1078.87	0.6	-0.86556	-0.149294	0.01572	0	0.015265	-0.212787	0.078078	1.81426E+9
1399.02	0.8	-2.005109	-0.379331	0.015913	0	0.016052	-0.212787	0.077623	1.814261E+9
1717.37	1	-3.186377	-0.616348	0.017285	0	0.015956	-0.212787	0.077965	1.814262E+9
2033.48	1.2	-4.391269	-0.853507	0.017377	0	0.016319	-0.212787	0.077894	1.814263E+9
2346.93	1.4	-5.51663	-1.076225	0.017711	0	0.017921	-0.212787	0.077802	1.814264E+9
2657.27	1.6	-6.443062	-1.264938	0.018937	0	0.018507	-0.212787	0.077621	1.814265E+9
2964.07	1.8	-7.046324	-1.385969	0.019156	0	0.019381	-0.212787	0.078145	1.814266E+9
3266.89	2	-7.339171	-1.435877	0.019444	0	0.018808	-0.212787	0.077673	1.814267E+9
3565.29	2.2	-7.457517	-1.459859	0.019084	0	0.019165	-0.212787	0.077707	1.814268E+9
3858.83	2.4	-7.507477	-1.473862	0.019308	0	0.019346	-0.212787	0.077663	1.814269E+9
4147.09	2.6	-7.529462	-1.475931	0.020072	0	0.019107	-0.212787	0.077685	1.81427E+9
4429.62	2.8	-7.545921	-1.480051	0.020215	0	0.019019	-0.212787	0.078196	1.814271E+9
4705.98	3	-7.558098	-1.484943	0.019818	0	0.019095	-0.212787	0.07781	1.814272E+9
4975.74	3.2	-7.570473	-1.486275	0.019551	0	0.018892	-0.212787	0.07814	1.814273E+9
5238.46	3.4	-7.580187	-1.486717	0.020243	0	0.019842	-0.212787	0.078153	1.814274E+9
5493.71	3.6	-7.582376	-1.488446	0.019628	0	0.019463	-0.212787	0.078002	1.814275E+9
5741.05	3.8	-7.589283	-1.490158	0.01991	0	0.019816	-0.212787	0.078222	1.814276E+9
5980.04	4	-7.589339	-1.485392	0.018741	0	0.019318	-0.212787	0.07771	1.814277E+9
6210.24	4.2	-7.588893	-1.489329	0.019062	0	0.019962	-0.212787	0.077669	1.814278E+9
6431.22	4.4	-7.593708	-1.490717	0.01971	0	0.019512	-0.212787	0.078284	1.814279E+9
6642.54	4.6	-7.593273	-1.494573	0.019771	0	0.020213	-0.212787	0.077886	1.81428E+9
6843.76	4.8	-7.595388	-1.487916	0.019208	0	0.019623	-0.212787	0.077757	1.814281E+9
7034.46	5	-7.594235	-1.490957	0.019719	0	0.020439	-0.212787	0.078339	1.814282E+9
7214.18	5.2	-7.595771	-1.489125	0.020258	0	0.020413	-0.212787	0.078201	1.814283E+9
7382.49	5.4	-7.59276	-1.49095	0.020537	0	0.019649	-0.212787	0.078253	1.814284E+9
7538.96	5.6	-7.588861	-1.485918	0.019416	0	0.020444	-0.212787	0.077725	1.814285E+9
7683.15	5.8	-7.590502	-1.485333	0.019578	0	0.020008	-0.212787	0.077945	1.814286E+9
7814.63	6	-7.590206	-1.485726	0.019908	0	0.020494	-0.212787	0.077844	1.814287E+9
7932.95	6.2	-7.591986	-1.486529	0.019933	0	0.020465	-0.212787	0.078247	1.814288E+9
8037.67	6.4	-7.583864	-1.48572	0.019505	0	0.020066	-0.212787	0.078327	1.814289E+9
8128.37	6.6	-7.584257	-1.493111	0.019528	0	0.020486	-0.212787	0.077719	1.81429E+9
8204.61	6.8	-7.5885	-1.484749	0.019783	0	0.020133	-0.212787	0.077846	1.814291E+9
8265.94	7	-7.588487	-1.489258	0.020054	0	0.02037	-0.212787	0.07781	1.814292E+9
