30/05/2022	19:25

Si\Ta3\(Co85Tb15)75\Pt3-20220525_APEJ2

Field	Kepco	Channel A	Channel B	Agilent	0	RF out	Monitor+	Monitor-	Time
8265.94	7	0.929253	1.675207	-0.004896	0	-0.005323	-0.212787	0.059658	3.914802E+9
8204.61	6.8	0.757937	1.985643	-0.003407	0	-0.005308	-0.212787	0.059689	3.914803E+9
8128.37	6.6	0.833196	1.65165	-0.004393	0	-0.006019	-0.212787	0.059912	3.914804E+9
8037.67	6.4	0.805854	1.882949	-0.005068	0	-0.00468	-0.212787	0.05974	3.914805E+9
7932.95	6.2	0.941014	1.924488	-0.004423	0	-0.005979	-0.212787	0.059771	3.914806E+9
7814.63	6	0.884774	1.909267	-0.005246	0	-0.003026	-0.212787	0.059982	3.914807E+9
7683.15	5.8	1.087547	1.778009	-0.004712	0	-0.005623	-0.212787	0.059903	3.914808E+9
7538.96	5.6	1.17341	1.93721	-0.006132	0	-0.005515	-0.212787	0.059663	3.914809E+9
7382.49	5.4	0.950682	2.008531	-0.005815	0	-0.005603	-0.212787	0.059592	3.91481E+9
7214.18	5.2	0.960831	1.812388	-0.005145	0	-0.006066	-0.212787	0.059845	3.914811E+9
7034.46	5	1.116582	1.816501	-0.004251	0	-0.005914	-0.212787	0.059832	3.914812E+9
6843.76	4.8	1.158017	1.864125	-0.005073	0	-0.005592	-0.212787	0.059787	3.914813E+9
6642.54	4.6	1.215034	1.853404	-0.005237	0	-0.005564	-0.212787	0.059809	3.914814E+9
6431.22	4.4	0.959064	1.895151	-0.005699	0	-0.005378	-0.212787	0.059913	3.914815E+9
6210.24	4.2	1.166984	1.785049	-0.00575	0	-0.004997	-0.212787	0.060011	3.914816E+9
5980.04	4	1.15921	1.786086	-0.005859	0	-0.005739	-0.212787	0.059899	3.914817E+9
5741.05	3.8	1.130139	1.884271	-0.005454	0	-0.005029	-0.212787	0.059827	3.914818E+9
5493.71	3.6	0.961179	1.878095	-0.005462	0	-0.004232	-0.212787	0.059661	3.914819E+9
5238.46	3.4	1.007452	1.931976	-0.005242	0	-0.005098	-0.212787	0.059892	3.91482E+9
4975.74	3.2	0.967452	1.819649	-0.00429	0	-0.005903	-0.212787	0.059727	3.914821E+9
4705.98	3	0.826285	1.853722	-0.004971	0	-0.005526	-0.212787	0.059909	3.914822E+9
4429.62	2.8	0.983885	1.759618	-0.00579	0	-0.005463	-0.212787	0.059629	3.914823E+9
4147.09	2.6	0.871632	1.922938	-0.00532	0	-0.006221	-0.212787	0.05998	3.914824E+9
3858.83	2.4	0.781517	1.920391	-0.005316	0	-0.004987	-0.212787	0.059749	3.914825E+9
3565.29	2.2	0.703685	1.886578	-0.004864	0	-0.005208	-0.212787	0.059852	3.914826E+9
3266.89	2	0.778541	1.988502	-0.004773	0	-0.005673	-0.212787	0.059775	3.914827E+9
2964.07	1.8	0.900816	1.838918	-0.006459	0	-0.006093	-0.212787	0.059593	3.914828E+9
2657.27	1.6	0.889322	1.777788	-0.005846	0	-0.004247	-0.212787	0.059639	3.914829E+9
2346.93	1.4	1.053994	1.811914	-0.00482	0	-0.005658	-0.212787	0.059948	3.91483E+9
2033.48	1.2	0.870833	1.67778	-0.006105	0	-0.006224	-0.212787	0.059869	3.914831E+9
1717.37	1	0.763343	1.846188	-0.004999	0	-0.00443	-0.212787	0.059615	3.914832E+9
1399.02	0.8	0.967059	1.791251	-0.005715	0	-0.005459	-0.212787	0.059866	3.914833E+9
1078.87	0.6	0.873062	2.033274	-0.004751	0	-0.004796	-0.212787	0.059944	3.914834E+9
757.37	0.4	1.072609	1.914514	-0.005437	0	-0.005084	-0.212787	0.059943	3.914835E+9
434.94	0.2	0.870609	1.97885	-0.005625	0	-0.005502	-0.212787	0.059612	3.914836E+9
112.03	0	0.774262	1.734459	-0.006166	0	-0.004465	-0.212787	0.059626	3.914837E+9
-210.93	-0.2	1.109649	1.82935	-0.005161	0	-0.00456	-0.212787	0.059893	3.914838E+9
-533.51	-0.4	0.984612	2.113409	-0.005408	0	-0.004331	-0.212787	0.059907	3.914839E+9
-855.25	-0.6	0.859953	1.838417	-0.005108	0	-0.006188	-0.212787	0.059508	3.91484E+9
-1175.74	-0.8	1.131643	1.842842	-0.005915	0	-0.005125	-0.212787	0.059862	3.914841E+9
-1494.53	-1	0.856623	2.120803	-0.004663	0	-0.005039	-0.212787	0.059923	3.914842E+9
-1811.18	-1.2	0.873175	1.906415	-0.004645	0	-0.004955	-0.212787	0.059918	3.914843E+9
-2125.26	-1.4	0.895384	1.804185	-0.005352	0	-0.005153	-0.212787	0.059668	3.914844E+9
-2436.33	-1.6	0.854725	1.923309	-0.004306	0	-0.006395	-0.212787	0.05955	3.914845E+9
-2743.95	-1.8	0.931787	1.876237	-0.006336	0	-0.00465	-0.212787	0.059659	3.914846E+9
-3047.69	-2	0.857438	1.891275	-0.005359	0	-0.006005	-0.212787	0.059862	3.914847E+9
-3347.11	-2.2	0.904874	1.878108	-0.004964	0	-0.004537	-0.212787	0.059968	3.914848E+9
-3641.77	-2.4	0.7782	1.784386	-0.00534	0	-0.005792	-0.212787	0.059699	3.914849E+9
-3931.24	-2.6	0.916898	1.901941	-0.004717	0	-0.006831	-0.212787	0.059552	3.91485E+9
-4215.08	-2.8	0.927112	1.89713	-0.004274	0	-0.004102	-0.212787	0.059597	3.914851E+9
-4492.85	-3	0.990701	1.943799	-0.006559	0	-0.003638	-0.212787	0.05972	3.914852E+9
-4764.12	-3.2	0.906982	2.08224	-0.005251	0	-0.005211	-0.212787	0.059832	3.914853E+9
-5028.44	-3.4	1.118564	1.934221	-0.005505	0	-0.004694	-0.212787	0.059734	3.914854E+9
-5285.39	-3.6	0.974012	1.971982	-0.006435	0	-0.005396	-0.212787	0.059859	3.914855E+9
-5534.53	-3.8	1.081323	1.948471	-0.004722	0	-0.005435	-0.212787	0.059937	3.914856E+9
-5775.41	-4	1.050979	1.815026	-0.002561	0	-0.011986	-0.212787	0.059634	3.914857E+9
-6007.6	-4.2	1.132313	1.75698	-0.004011	0	-0.006396	-0.212787	0.059863	3.914858E+9
-6230.67	-4.4	1.038156	1.769419	-0.005568	0	-0.005947	-0.212787	0.059772	3.914859E+9
-6444.17	-4.6	1.272661	1.957707	-0.005544	0	-0.004354	-0.212787	0.059862	3.91486E+9
-6647.68	-4.8	1.152283	1.85946	-0.005093	0	-0.005522	-0.212787	0.059941	3.914861E+9
-6840.75	-5	1.298252	1.806871	-0.005547	0	-0.006243	-0.212787	0.059552	3.914862E+9
-7022.95	-5.2	1.345869	1.948363	-0.004961	0	-0.004961	-0.212787	0.05982	3.914863E+9
-7193.84	-5.4	1.40925	1.898926	-0.005322	0	-0.004423	-0.212787	0.059576	3.914864E+9
-7352.98	-5.6	1.445533	1.886854	-0.004554	0	-0.005377	-0.212787	0.059778	3.914865E+9
-7499.94	-5.8	1.347851	2.029743	-0.006014	0	-0.004666	-0.212787	0.059548	3.914866E+9
-7634.28	-6	1.456462	1.919631	-0.004964	0	-0.005843	-0.212787	0.059535	3.914867E+9
-7755.56	-6.2	1.469272	1.810247	-0.006619	0	-0.002962	-0.212787	0.05967	3.914868E+9
-7863.34	-6.4	1.378565	1.906256	-0.004651	0	-0.005187	-0.212787	0.059629	3.914869E+9
-7957.2	-6.6	1.490899	1.664931	-0.003908	0	-0.004991	-0.212787	0.059923	3.91487E+9
-8036.69	-6.8	1.4272	1.639971	-0.005544	0	-0.005799	-0.212787	0.059595	3.914871E+9
-8101.38	-7	1.448876	1.706204	-0.006158	0	-0.004771	-0.212787	0.059855	3.914872E+9
-8036.69	-6.8	1.710704	1.795627	-0.005207	0	-0.005452	-0.212787	0.059827	3.914873E+9
-7957.2	-6.6	1.601869	1.889722	-0.004301	0	-0.004973	-0.212787	0.05987	3.914874E+9
-7863.34	-6.4	1.770771	1.798506	-0.005204	0	-0.00544	-0.212787	0.05979	3.914875E+9
-7755.56	-6.2	1.699632	1.771459	-0.005631	0	-0.006173	-0.212787	0.059765	3.914876E+9
-7634.28	-6	1.664769	1.598444	-0.005586	0	-0.005456	-0.212787	0.059917	3.914877E+9
-7499.94	-5.8	1.452625	1.929001	-0.004203	0	-0.005285	-0.212787	0.059712	3.914878E+9
-7352.98	-5.6	1.396882	1.830653	-0.005559	0	-0.004657	-0.212787	0.059704	3.914879E+9
-7193.84	-5.4	1.345096	1.875873	-0.004919	0	-0.006204	-0.212787	0.059902	3.91488E+9
-7022.95	-5.2	1.584286	1.865483	-0.004407	0	-0.004815	-0.212787	0.059543	3.914881E+9
-6840.75	-5	1.553111	1.704193	-0.005417	0	-0.004188	-0.212787	0.059587	3.914882E+9
-6647.68	-4.8	1.459012	1.618288	-0.00383	0	-0.006553	-0.212787	0.059709	3.914883E+9
-6444.17	-4.6	1.484106	1.727913	-0.00597	0	-0.005789	-0.212787	0.059911	3.914884E+9
-6230.67	-4.4	1.465825	1.850288	-0.005563	0	-0.005454	-0.212787	0.059529	3.914885E+9
-6007.6	-4.2	1.516315	1.666124	-0.005939	0	-0.005221	-0.212787	0.059575	3.914886E+9
-5775.41	-4	1.325873	1.842806	-0.006532	0	-0.005077	-0.212787	0.059574	3.914887E+9
-5534.53	-3.8	1.560459	1.663713	-0.004905	0	-0.005329	-0.212787	0.059686	3.914888E+9
-5285.39	-3.6	1.61526	1.789016	-0.004413	0	-0.006079	-0.212787	0.059543	3.914889E+9
-5028.44	-3.4	1.644191	1.810932	-0.005414	0	-0.006006	-0.212787	0.059882	3.91489E+9
-4764.12	-3.2	1.784672	1.657992	-0.004345	0	-0.005804	-0.212787	0.059908	3.914891E+9
-4492.85	-3	1.735651	1.854606	-0.005743	0	-0.005864	-0.212787	0.059785	3.914892E+9
-4215.08	-2.8	1.741814	1.713137	-0.004015	0	-0.004907	-0.212787	0.059616	3.914893E+9
-3931.24	-2.6	1.882094	1.702435	-0.004428	0	-0.006165	-0.212787	0.059659	3.914894E+9
-3641.77	-2.4	1.916369	1.689333	-0.004923	0	-0.00526	-0.212787	0.059878	3.914895E+9
-3347.11	-2.2	1.905109	1.587031	-0.005647	0	-0.004771	-0.212787	0.059646	3.914896E+9
-3047.69	-2	1.995692	1.591755	-0.005042	0	-0.004909	-0.212787	0.059597	3.914897E+9
-2743.95	-1.8	2.032962	1.772009	-0.00497	0	-0.003969	-0.212787	0.059852	3.914898E+9
-2436.33	-1.6	1.843719	1.660454	-0.003598	0	-0.005932	-0.212787	0.059906	3.914899E+9
-2125.26	-1.4	1.768513	1.875821	-0.00506	0	-0.004791	-0.212787	0.059842	3.9149E+9
-1811.18	-1.2	1.959474	1.645991	-0.005426	0	-0.005938	-0.212787	0.059875	3.914901E+9
-1494.53	-1	2.163925	1.874914	-0.005928	0	-0.004826	-0.212787	0.059937	3.914902E+9
-1175.74	-0.8	2.037153	1.699641	-0.005447	0	-0.003315	-0.212787	0.059969	3.914903E+9
-855.25	-0.6	1.980335	1.581275	-0.004294	0	-0.005409	-0.212787	0.059635	3.914904E+9
-533.51	-0.4	1.922591	1.767265	-0.00418	0	-0.005494	-0.212787	0.059537	3.914905E+9
-210.93	-0.2	2.179233	1.564953	-0.004777	0	-0.005547	-0.212787	0.059771	3.914906E+9
112.03	0	2.234811	1.766281	-0.005148	0	-0.005827	-0.212787	0.059776	3.914907E+9
434.94	0.2	2.122187	1.860717	-0.004635	0	-0.004066	-0.212787	0.059614	3.914908E+9
757.37	0.4	2.13015	1.45897	-0.004744	0	-0.003662	-0.212787	0.059875	3.914909E+9
1078.87	0.6	2.309845	1.692026	-0.004318	0	-0.006287	-0.212787	0.059804	3.91491E+9
1399.02	0.8	2.268627	1.589172	-0.005221	0	-0.004702	-0.212787	0.05986	3.914911E+9
1717.37	1	2.333821	1.717237	-0.005603	0	-0.005296	-0.212787	0.059534	3.914912E+9
2033.48	1.2	2.465486	1.506139	-0.005739	0	-0.004747	-0.212787	0.059925	3.914913E+9
2346.93	1.4	2.40419	1.614705	-0.005582	0	-0.005393	-0.212787	0.059938	3.914914E+9
2657.27	1.6	2.240262	1.533537	-0.005007	0	-0.004864	-0.212787	0.059576	3.914915E+9
2964.07	1.8	2.235594	1.632872	-0.004668	0	-0.005231	-0.212787	0.059808	3.914916E+9
3266.89	2	2.155556	1.501961	-0.005784	0	-0.005978	-0.212787	0.059801	3.914917E+9
3565.29	2.2	2.160546	1.562773	-0.006089	0	-0.006254	-0.212787	0.059595	3.914918E+9
3858.83	2.4	2.380643	1.457648	-0.006399	0	-0.004939	-0.212787	0.059802	3.914919E+9
4147.09	2.6	2.393697	1.628002	-0.005124	0	-0.005751	-0.212787	0.059528	3.91492E+9
4429.62	2.8	2.531508	1.473505	-0.006101	0	-0.006136	-0.212787	0.059503	3.914921E+9
4705.98	3	2.650606	1.532919	-0.005803	0	-0.006232	-0.212787	0.059734	3.914922E+9
4975.74	3.2	2.76449	1.410686	-0.006523	0	-0.005623	-0.212787	0.059743	3.914923E+9
5238.46	3.4	2.613027	1.643255	-0.005423	0	-0.004161	-0.212787	0.059908	3.914924E+9
5493.71	3.6	2.572105	1.461748	-0.004209	0	-0.004607	-0.212787	0.059858	3.914925E+9
5741.05	3.8	2.678633	1.492784	-0.004151	0	-0.005489	-0.212787	0.059636	3.914926E+9
5980.04	4	2.784255	1.489285	-0.005146	0	-0.005103	-0.212787	0.059843	3.914927E+9
6210.24	4.2	2.97383	1.536389	-0.008033	0	-0.003176	-0.212787	0.059818	3.914928E+9
6431.22	4.4	2.6735	1.586372	-0.004858	0	-0.005149	-0.212787	0.059888	3.914929E+9
6642.54	4.6	2.901456	1.663511	-0.004018	0	-0.004076	-0.212787	0.059662	3.91493E+9
6843.76	4.8	2.908604	1.553578	-0.005308	0	-0.005408	-0.212787	0.059574	3.914931E+9
7034.46	5	2.91027	1.455552	-0.006887	0	-0.005105	-0.212787	0.059458	3.914932E+9
7214.18	5.2	2.835859	1.540885	-0.006676	0	-0.004345	-0.212787	0.059466	3.914933E+9
7382.49	5.4	2.929562	1.489489	-0.003771	0	-0.004224	-0.212787	0.059591	3.914934E+9
7538.96	5.6	2.702941	1.528537	-0.005589	0	-0.005594	-0.212787	0.059813	3.914935E+9
7683.15	5.8	2.838056	1.551317	-0.00566	0	-0.0064	-0.212787	0.059718	3.914936E+9
7814.63	6	2.830821	1.556697	-0.006366	0	-0.004516	-0.212787	0.05951	3.914937E+9
7932.95	6.2	2.832708	1.414692	-0.005399	0	-0.004892	-0.212787	0.059884	3.914938E+9
8037.67	6.4	2.920397	1.407532	-0.004782	0	-0.004224	-0.212787	0.059545	3.914939E+9
8128.37	6.6	2.896641	1.456442	-0.005656	0	-0.006172	-0.212787	0.059515	3.91494E+9
8204.61	6.8	2.966494	1.371038	-0.006407	0	-0.003807	-0.212787	0.059843	3.914941E+9
8265.94	7	2.851519	1.337618	-0.005554	0	-0.004589	-0.212787	0.059677	3.914942E+9
