19/05/2022	17:35

Si\Pt3\(Co88Tb12)75\Pt3-20220426_APRD1

Field	Kepco	Channel A	Channel B	Agilent	0	RF out	Monitor+	Monitor-	Time
8265.94	7	0.79882	0.089003	-0.003813	0	-0.005123	-0.212787	0.043874	2.9586E+9
8204.61	6.8	0.800483	0.09897	-0.005469	0	-0.004799	-0.212787	0.043857	2.958601E+9
8128.37	6.6	0.799291	0.087615	-0.004447	0	-0.003881	-0.212787	0.043849	2.958602E+9
8037.67	6.4	0.797849	0.083678	-0.004472	0	-0.005176	-0.212787	0.043881	2.958603E+9
7932.95	6.2	0.794895	0.088405	-0.00532	0	-0.003878	-0.212787	0.043852	2.958604E+9
7814.63	6	0.7801	0.08896	-0.005091	0	-0.00408	-0.212787	0.04388	2.958605E+9
7683.15	5.8	0.773115	0.083288	-0.003383	0	-0.005372	-0.212787	0.043871	2.958606E+9
7538.96	5.6	0.763817	0.098255	-0.003575	0	-0.004003	-0.212787	0.043929	2.958607E+9
7382.49	5.4	0.755332	0.08527	-0.003429	0	-0.004265	-0.212787	0.043915	2.958608E+9
7214.18	5.2	0.748454	0.100039	-0.003254	0	-0.004789	-0.212787	0.043925	2.958609E+9
7034.46	5	0.737395	0.089415	-0.004644	0	-0.003995	-0.212787	0.043904	2.958611E+9
6843.76	4.8	0.71157	0.099649	-0.003541	0	-0.004045	-0.212787	0.043897	2.958611E+9
6642.54	4.6	0.707753	0.090075	-0.004211	0	-0.00537	-0.212787	0.043872	2.958612E+9
6431.22	4.4	0.689836	0.089094	-0.003552	0	-0.004267	-0.212787	0.043826	2.958613E+9
6210.24	4.2	0.684491	0.089974	-0.00455	0	-0.003702	-0.212787	0.043831	2.958614E+9
5980.04	4	0.652228	0.094396	-0.004455	0	-0.004166	-0.212787	0.043855	2.958615E+9
5741.05	3.8	0.634349	0.100104	-0.003658	0	-0.004186	-0.212787	0.043901	2.958616E+9
5493.71	3.6	0.601485	0.093515	-0.003908	0	-0.004263	-0.212787	0.043921	2.958617E+9
5238.46	3.4	0.557223	0.1019	-0.003691	0	-0.004103	-0.212787	0.043917	2.958618E+9
4975.74	3.2	0.508657	0.100146	-0.004071	0	-0.003742	-0.212787	0.043903	2.958619E+9
4705.98	3	0.462273	0.095318	-0.004214	0	-0.004052	-0.212787	0.043898	2.95862E+9
4429.62	2.8	0.409016	0.102339	-0.004588	0	-0.003884	-0.212787	0.043894	2.958621E+9
4147.09	2.6	0.358679	0.099681	-0.003776	0	-0.00484	-0.212787	0.043857	2.958622E+9
3858.83	2.4	0.304642	0.111442	-0.004588	0	-0.005092	-0.212787	0.043859	2.958623E+9
3565.29	2.2	0.268983	0.106228	-0.005488	0	-0.004763	-0.212787	0.043822	2.958624E+9
3266.89	2	0.219981	0.117979	-0.0047	0	-0.004426	-0.212787	0.043815	2.958625E+9
2964.07	1.8	0.170249	0.100029	-0.005046	0	-0.004467	-0.212787	0.043832	2.958626E+9
2657.27	1.6	0.130906	0.116861	-0.004252	0	-0.004652	-0.212787	0.043877	2.958627E+9
2346.93	1.4	0.098879	0.10961	-0.004563	0	-0.005458	-0.212787	0.043819	2.958628E+9
2033.48	1.2	0.069409	0.120721	-0.004824	0	-0.005253	-0.212787	0.043923	2.958629E+9
1717.37	1	0.016837	0.11906	-0.004179	0	-0.003593	-0.212787	0.043923	2.95863E+9
1399.02	0.8	-0.044422	0.110899	-0.004429	0	-0.004916	-0.212787	0.043887	2.958631E+9
1078.87	0.6	-0.08216	0.121367	-0.004355	0	-0.00377	-0.212787	0.043894	2.958632E+9
757.37	0.4	-0.129115	0.120055	-0.004121	0	-0.003912	-0.212787	0.043893	2.958633E+9
434.94	0.2	-0.172568	0.12152	-0.004444	0	-0.005512	-0.212787	0.043849	2.958634E+9
112.03	0	-0.207009	0.117732	-0.004608	0	-0.004328	-0.212787	0.04386	2.958635E+9
-210.93	-0.2	-0.244152	0.115152	-0.004518	0	-0.003463	-0.212787	0.043862	2.958636E+9
-533.51	-0.4	-0.288277	0.115964	-0.003951	0	-0.004356	-0.212787	0.043902	2.958637E+9
-855.25	-0.6	-0.339069	0.122615	-0.005367	0	-0.003838	-0.212787	0.043867	2.958638E+9
-1175.74	-0.8	-0.3762	0.125785	-0.004047	0	-0.004698	-0.212787	0.043948	2.958639E+9
-1494.53	-1	-0.422407	0.131399	-0.004742	0	-0.004031	-0.212787	0.043912	2.95864E+9
-1811.18	-1.2	-0.463196	0.125954	-0.004553	0	-0.004018	-0.212787	0.043911	2.958641E+9
-2125.26	-1.4	-0.467676	0.126192	-0.004407	0	-0.00547	-0.212787	0.043902	2.958642E+9
-2436.33	-1.6	-0.489206	0.119522	-0.00478	0	-0.0049	-0.212787	0.043902	2.958643E+9
-2743.95	-1.8	-0.498218	0.12611	-0.003851	0	-0.005061	-0.212787	0.043901	2.958644E+9
-3047.69	-2	-0.526609	0.123329	-0.004573	0	-0.005682	-0.212787	0.043865	2.958645E+9
-3347.11	-2.2	-0.516168	0.140795	-0.004736	0	-0.004821	-0.212787	0.043873	2.958646E+9
-3641.77	-2.4	-0.529572	0.119246	-0.004141	0	-0.004059	-0.212787	0.04391	2.958647E+9
-3931.24	-2.6	-0.537541	0.128979	-0.003722	0	-0.004351	-0.212787	0.043887	2.958648E+9
-4215.08	-2.8	-0.546823	0.118027	-0.004097	0	-0.005501	-0.212787	0.043951	2.958649E+9
-4492.85	-3	-0.550754	0.127793	-0.003268	0	-0.004259	-0.212787	0.043916	2.95865E+9
-4764.12	-3.2	-0.552798	0.129099	-0.005222	0	-0.004818	-0.212787	0.043914	2.958651E+9
-5028.44	-3.4	-0.545657	0.117962	-0.004679	0	-0.005016	-0.212787	0.043883	2.958652E+9
-5285.39	-3.6	-0.568788	0.127881	-0.004057	0	-0.003844	-0.212787	0.04386	2.958653E+9
-5534.53	-3.8	-0.573694	0.120094	-0.004934	0	-0.005772	-0.212787	0.043842	2.958654E+9
-5775.41	-4	-0.568717	0.135119	-0.005125	0	-0.004622	-0.212787	0.04385	2.958655E+9
-6007.6	-4.2	-0.578687	0.129817	-0.003808	0	-0.004512	-0.212787	0.04389	2.958656E+9
-6230.67	-4.4	-0.591605	0.127663	-0.004596	0	-0.005069	-0.212787	0.043852	2.958657E+9
-6444.17	-4.6	-0.59076	0.131815	-0.005252	0	-0.004607	-0.212787	0.043874	2.958658E+9
-6647.68	-4.8	-0.61614	0.132046	-0.004256	0	-0.00483	-0.212787	0.043845	2.958659E+9
-6840.75	-5	-0.625701	0.127585	-0.005116	0	-0.003864	-0.212787	0.043855	2.95866E+9
-7022.95	-5.2	-0.639622	0.132813	-0.005631	0	-0.004332	-0.212787	0.043873	2.958661E+9
-7193.84	-5.4	-0.635246	0.130123	-0.004581	0	-0.005562	-0.212787	0.04387	2.958662E+9
-7352.98	-5.6	-0.638657	0.122222	-0.005785	0	-0.005523	-0.212787	0.043875	2.958663E+9
-7499.94	-5.8	-0.652364	0.131702	-0.00538	0	-0.004221	-0.212787	0.04388	2.958664E+9
-7634.28	-6	-0.65368	0.12177	-0.004917	0	-0.005386	-0.212787	0.043859	2.958665E+9
-7755.56	-6.2	-0.660385	0.12383	-0.00445	0	-0.005427	-0.212787	0.043953	2.958666E+9
-7863.34	-6.4	-0.668176	0.127783	-0.00524	0	-0.004247	-0.212787	0.043909	2.958667E+9
-7957.2	-6.6	-0.660447	0.138742	-0.004449	0	-0.00472	-0.212787	0.043909	2.958668E+9
-8036.69	-6.8	-0.667805	0.123934	-0.005442	0	-0.004947	-0.212787	0.043886	2.958669E+9
-8101.38	-7	-0.663751	0.132787	-0.004995	0	-0.003928	-0.212787	0.043892	2.95867E+9
-8036.69	-6.8	-0.672601	0.13496	-0.004518	0	-0.005379	-0.212787	0.043873	2.958671E+9
-7957.2	-6.6	-0.657269	0.131835	-0.005706	0	-0.00531	-0.212787	0.043851	2.958672E+9
-7863.34	-6.4	-0.660002	0.133648	-0.005123	0	-0.004393	-0.212787	0.04389	2.958673E+9
-7755.56	-6.2	-0.656454	0.124392	-0.004727	0	-0.0051	-0.212787	0.043899	2.958674E+9
-7634.28	-6	-0.647939	0.130922	-0.005815	0	-0.004923	-0.212787	0.043923	2.958675E+9
-7499.94	-5.8	-0.650054	0.139343	-0.003907	0	-0.005284	-0.212787	0.043945	2.958676E+9
-7352.98	-5.6	-0.650155	0.138056	-0.004565	0	-0.005534	-0.212787	0.043957	2.958677E+9
-7193.84	-5.4	-0.642172	0.131474	-0.00473	0	-0.005123	-0.212787	0.04397	2.958678E+9
-7022.95	-5.2	-0.650869	0.126367	-0.004848	0	-0.004977	-0.212787	0.043916	2.958679E+9
-6840.75	-5	-0.631737	0.124551	-0.003713	0	-0.005546	-0.212787	0.043935	2.95868E+9
-6647.68	-4.8	-0.6269	0.134158	-0.004438	0	-0.004573	-0.212787	0.043941	2.958681E+9
-6444.17	-4.6	-0.609467	0.130789	-0.003456	0	-0.004387	-0.212787	0.043955	2.958682E+9
-6230.67	-4.4	-0.616292	0.135262	-0.004761	0	-0.005115	-0.212787	0.043925	2.958683E+9
-6007.6	-4.2	-0.600672	0.130067	-0.005023	0	-0.004627	-0.212787	0.043892	2.958684E+9
-5775.41	-4	-0.598294	0.130272	-0.004465	0	-0.004269	-0.212787	0.043943	2.958685E+9
-5534.53	-3.8	-0.594168	0.1201	-0.005378	0	-0.005034	-0.212787	0.043913	2.958686E+9
-5285.39	-3.6	-0.587043	0.122429	-0.004696	0	-0.004642	-0.212787	0.043896	2.958687E+9
-5028.44	-3.4	-0.581293	0.126789	-0.004853	0	-0.005117	-0.212787	0.04389	2.958688E+9
-4764.12	-3.2	-0.578424	0.132049	-0.004484	0	-0.004519	-0.212787	0.043945	2.958689E+9
-4492.85	-3	-0.569601	0.126939	-0.004519	0	-0.004672	-0.212787	0.043903	2.95869E+9
-4215.08	-2.8	-0.576715	0.124262	-0.004382	0	-0.005813	-0.212787	0.043912	2.958691E+9
-3931.24	-2.6	-0.568031	0.124236	-0.005612	0	-0.005696	-0.212787	0.043869	2.958692E+9
-3641.77	-2.4	-0.55309	0.140733	-0.006444	0	-0.004868	-0.212787	0.043861	2.958693E+9
-3347.11	-2.2	-0.556781	0.13496	-0.005153	0	-0.004556	-0.212787	0.043878	2.958694E+9
-3047.69	-2	-0.544932	0.13767	-0.006305	0	-0.005115	-0.212787	0.043905	2.958695E+9
-2743.95	-1.8	-0.534838	0.133118	-0.005596	0	-0.005115	-0.212787	0.043832	2.958696E+9
-2436.33	-1.6	-0.519296	0.129681	-0.005353	0	-0.005478	-0.212787	0.043858	2.958697E+9
-2125.26	-1.4	-0.513919	0.127972	-0.004963	0	-0.005244	-0.212787	0.043935	2.958698E+9
-1811.18	-1.2	-0.502022	0.13151	-0.005095	0	-0.003824	-0.212787	0.043957	2.958699E+9
-1494.53	-1	-0.474983	0.119983	-0.00496	0	-0.004906	-0.212787	0.043897	2.9587E+9
-1175.74	-0.8	-0.451614	0.124385	-0.006119	0	-0.004586	-0.212787	0.043946	2.958701E+9
-855.25	-0.6	-0.41783	0.123615	-0.005083	0	-0.00473	-0.212787	0.043904	2.958702E+9
-533.51	-0.4	-0.388662	0.127943	-0.005736	0	-0.005667	-0.212787	0.04385	2.958703E+9
-210.93	-0.2	-0.365924	0.126578	-0.005949	0	-0.004266	-0.212787	0.043888	2.958704E+9
112.03	0	-0.326067	0.115919	-0.005084	0	-0.003833	-0.212787	0.043896	2.958705E+9
434.94	0.2	-0.272657	0.118193	-0.004338	0	-0.004943	-0.212787	0.043923	2.958706E+9
757.37	0.4	-0.243636	0.120763	-0.005854	0	-0.0047	-0.212787	0.043899	2.958707E+9
1078.87	0.6	-0.19938	0.119317	-0.004601	0	-0.005263	-0.212787	0.043889	2.958708E+9
1399.02	0.8	-0.149963	0.122663	-0.004517	0	-0.005121	-0.212787	0.043889	2.958709E+9
1717.37	1	-0.115188	0.12842	-0.004286	0	-0.005588	-0.212787	0.043913	2.95871E+9
2033.48	1.2	-0.07975	0.120392	-0.003973	0	-0.004673	-0.212787	0.043976	2.958711E+9
2346.93	1.4	-0.047509	0.127303	-0.004919	0	-0.005129	-0.212787	0.043906	2.958712E+9
2657.27	1.6	-0.011486	0.109324	-0.005777	0	-0.004498	-0.212787	0.043941	2.958713E+9
2964.07	1.8	0.032045	0.117569	-0.004241	0	-0.005271	-0.212787	0.043909	2.958714E+9
3266.89	2	0.06465	0.121084	-0.004681	0	-0.004955	-0.212787	0.043911	2.958715E+9
3565.29	2.2	0.105604	0.111959	-0.004601	0	-0.004628	-0.212787	0.043927	2.958716E+9
3858.83	2.4	0.145704	0.106679	-0.004369	0	-0.00479	-0.212787	0.043914	2.958717E+9
4147.09	2.6	0.185547	0.109694	-0.004507	0	-0.00545	-0.212787	0.043839	2.958718E+9
4429.62	2.8	0.253999	0.113141	-0.005498	0	-0.004835	-0.212787	0.043883	2.958719E+9
4705.98	3	0.311363	0.100487	-0.004191	0	-0.00578	-0.212787	0.043911	2.95872E+9
4975.74	3.2	0.376313	0.105909	-0.004941	0	-0.005754	-0.212787	0.043927	2.958721E+9
5238.46	3.4	0.435321	0.106679	-0.006157	0	-0.005549	-0.212787	0.043911	2.958722E+9
5493.71	3.6	0.50031	0.102748	-0.004998	0	-0.005255	-0.212787	0.043939	2.958723E+9
5741.05	3.8	0.565881	0.103076	-0.00509	0	-0.004843	-0.212787	0.043943	2.958724E+9
5980.04	4	0.611533	0.09346	-0.005869	0	-0.004766	-0.212787	0.043928	2.958725E+9
6210.24	4.2	0.667175	0.090335	-0.005056	0	-0.005325	-0.212787	0.043926	2.958726E+9
6431.22	4.4	0.699569	0.093054	-0.004867	0	-0.004673	-0.212787	0.043953	2.958727E+9
6642.54	4.6	0.731381	0.093028	-0.005484	0	-0.004804	-0.212787	0.043933	2.958728E+9
6843.76	4.8	0.777017	0.100074	-0.004388	0	-0.00507	-0.212787	0.043931	2.958729E+9
7034.46	5	0.801971	0.094902	-0.005196	0	-0.005632	-0.212787	0.043928	2.95873E+9
7214.18	5.2	0.838676	0.099759	-0.005179	0	-0.00493	-0.212787	0.043933	2.958731E+9
7382.49	5.4	0.850057	0.087775	-0.004594	0	-0.005995	-0.212787	0.04388	2.958732E+9
7538.96	5.6	0.882847	0.086582	-0.005928	0	-0.005108	-0.212787	0.043942	2.958733E+9
7683.15	5.8	0.900748	0.089217	-0.00654	0	-0.00518	-0.212787	0.043856	2.958734E+9
7814.63	6	0.911979	0.084402	-0.005391	0	-0.005116	-0.212787	0.043919	2.958735E+9
7932.95	6.2	0.931173	0.092511	-0.006245	0	-0.005318	-0.212787	0.043865	2.958736E+9
8037.67	6.4	0.948697	0.078584	-0.006083	0	-0.004911	-0.212787	0.043863	2.958737E+9
8128.37	6.6	0.952534	0.093252	-0.005651	0	-0.006025	-0.212787	0.043865	2.958738E+9
8204.61	6.8	0.964632	0.079951	-0.006001	0	-0.005479	-0.212787	0.043906	2.958739E+9
8265.94	7	0.972939	0.083424	-0.005623	0	-0.005159	-0.212787	0.043909	2.95874E+9
