06/05/2022	11:05

Co88Tb12_35_20210602_CVMH4

Field	Kepco	Channel A	Channel B	Agilent	0	RF out	Monitor+	Monitor-	Time
8265.94	7	-6.750596	-1.673156	0.001324	0	0.000878	-0.212787	0.037686	1.812002E+9
8204.61	6.8	-6.756122	-1.684917	0.001752	0	0.000918	-0.212787	0.037711	1.812002E+9
8128.37	6.6	-6.751938	-1.680921	0.001572	0	0.000898	-0.212787	0.037622	1.812003E+9
8037.67	6.4	-6.714232	-1.673936	0.001573	0	0.001111	-0.212787	0.037753	1.812004E+9
7932.95	6.2	-6.700109	-1.676636	0.001695	0	0.001115	-0.212787	0.03768	1.812005E+9
7814.63	6	-6.666269	-1.681882	0.000984	0	0.000859	-0.212787	0.037661	1.812006E+9
7683.15	5.8	-6.638138	-1.658124	0.000669	0	0.000728	-0.212787	0.037546	1.812007E+9
7538.96	5.6	-6.652325	-1.659011	0.000789	0	0.000834	-0.212787	0.037501	1.812008E+9
7382.49	5.4	-6.64843	-1.695391	0.000523	0	0.00121	-0.212787	0.037697	1.812009E+9
7214.18	5.2	-6.680866	-1.674537	0.000705	0	0.001077	-0.212787	0.037767	1.81201E+9
7034.46	5	-6.665961	-1.678517	0.000363	0	0.001093	-0.212787	0.037565	1.812011E+9
6843.76	4.8	-6.666068	-1.673098	0.000524	0	0.000807	-0.212787	0.03776	1.812012E+9
6642.54	4.6	-6.645389	-1.660645	0.000833	0	0.000649	-0.212787	0.03774	1.812013E+9
6431.22	4.4	-6.665691	-1.66674	0.000601	0	0.000867	-0.212787	0.037808	1.812014E+9
6210.24	4.2	-6.673638	-1.674378	0.000651	0	0.000921	-0.212787	0.037835	1.812015E+9
5980.04	4	-6.665879	-1.669313	0.000784	0	0.00065	-0.212787	0.037776	1.812016E+9
5741.05	3.8	-6.641575	-1.69298	0.000663	0	0.000699	-0.212787	0.037858	1.812017E+9
5493.71	3.6	-6.644044	-1.681908	0.000614	0	0.000715	-0.212787	0.037877	1.812018E+9
5238.46	3.4	-6.635045	-1.673582	0.000946	0	0.000789	-0.212787	0.037699	1.812019E+9
4975.74	3.2	-6.646357	-1.664758	0.000913	0	0.000575	-0.212787	0.037788	1.81202E+9
4705.98	3	-6.617816	-1.689891	0.000124	0	0.000783	-0.212787	0.037935	1.812021E+9
4429.62	2.8	-6.596176	-1.65085	0.000653	0	0.00084	-0.212787	0.037805	1.812022E+9
4147.09	2.6	-6.565049	-1.694478	0.000643	0	0.000853	-0.212787	0.037886	1.812023E+9
3858.83	2.4	-6.522525	-1.647059	0.000557	0	0.000414	-0.212787	0.037883	1.812024E+9
3565.29	2.2	-6.476911	-1.634824	0.000618	0	0.000737	-0.212787	0.037708	1.812025E+9
3266.89	2	-6.422841	-1.641295	0.001249	0	0.001	-0.212787	0.037787	1.812026E+9
2964.07	1.8	-6.380437	-1.656539	0.00055	0	0.000724	-0.212787	0.037927	1.812027E+9
2657.27	1.6	-6.297228	-1.61909	0.000405	0	0.000548	-0.212787	0.037727	1.812028E+9
2346.93	1.4	-6.195849	-1.619242	0.000225	0	0.000453	-0.212787	0.037919	1.812029E+9
2033.48	1.2	-6.123653	-1.594334	0.000299	0	0.000634	-0.212787	0.037905	1.81203E+9
1717.37	1	-6.036841	-1.5708	0.000389	0	0.000506	-0.212787	0.037943	1.812031E+9
1399.02	0.8	-5.909802	-1.559656	8.4E-5	0	0.000375	-0.212787	0.037775	1.812032E+9
1078.87	0.6	-5.822572	-1.528162	0.000185	0	0.000601	-0.212787	0.037791	1.812033E+9
757.37	0.4	-5.741273	-1.539624	0.000225	0	0.000266	-0.212787	0.037893	1.812034E+9
434.94	0.2	-5.622246	-1.519059	-0.000235	0	0.000516	-0.212787	0.037773	1.812035E+9
112.03	0	-5.491357	-1.476597	0.000601	0	0.000404	-0.212787	0.037881	1.812036E+9
-210.93	-0.2	-5.358266	-1.470935	-0.000163	0	0.000556	-0.212787	0.037923	1.812037E+9
-533.51	-0.4	-5.195348	-1.424623	0.000258	0	0.000742	-0.212787	0.037793	1.812038E+9
-855.25	-0.6	-4.981985	-1.37476	0.000374	0	0.000487	-0.212787	0.037749	1.812039E+9
-1175.74	-0.8	-4.76472	-1.321506	8.4E-5	0	0.000298	-0.212787	0.037907	1.81204E+9
-1494.53	-1	-4.600363	-1.30958	1.9E-5	0	0.000231	-0.212787	0.037812	1.812041E+9
-1811.18	-1.2	-4.4221	-1.288878	-0.000129	0	0.000526	-0.212787	0.037836	1.812042E+9
-2125.26	-1.4	-4.306556	-1.270308	0.000278	0	0.000104	-0.212787	0.037876	1.812043E+9
-2436.33	-1.6	-4.168489	-1.23385	0.000208	0	0.000349	-0.212787	0.037802	1.812044E+9
-2743.95	-1.8	-4.032022	-1.227291	0.000181	0	0.000101	-0.212787	0.037912	1.812045E+9
-3047.69	-2	-3.952794	-1.190852	2.4E-5	0	0.000575	-0.212787	0.037958	1.812046E+9
-3347.11	-2.2	-3.817429	-1.196158	5.3E-5	0	0.00055	-0.212787	0.03787	1.812047E+9
-3641.77	-2.4	-3.718301	-1.135415	0.000114	0	0.000416	-0.212787	0.037691	1.812048E+9
-3931.24	-2.6	-3.618309	-1.134002	0.000223	0	0.000201	-0.212787	0.037868	1.812049E+9
-4215.08	-2.8	-3.498487	-1.141211	-0.000146	0	0.000767	-0.212787	0.037901	1.81205E+9
-4492.85	-3	-3.42955	-1.112257	0.000561	0	0.000612	-0.212787	0.037792	1.812051E+9
-4764.12	-3.2	-3.338428	-1.084552	0.000593	0	0.000417	-0.212787	0.037792	1.812052E+9
-5028.44	-3.4	-3.279082	-1.076842	0.000201	0	0.000694	-0.212787	0.037775	1.812053E+9
-5285.39	-3.6	-3.225668	-1.070998	-4E-6	0	0.000336	-0.212787	0.03768	1.812054E+9
-5534.53	-3.8	-3.212468	-1.059295	0.000434	0	0.000187	-0.212787	0.037683	1.812055E+9
-5775.41	-4	-3.173937	-1.044247	6E-5	0	0.000594	-0.212787	0.037738	1.812056E+9
-6007.6	-4.2	-3.148109	-1.035914	0.000297	0	0.000519	-0.212787	0.037668	1.812057E+9
-6230.67	-4.4	-3.121355	-1.042834	0.000235	0	0.000324	-0.212787	0.037839	1.812058E+9
-6444.17	-4.6	-3.126258	-1.041037	0.00036	0	0.0003	-0.212787	0.037785	1.812059E+9
-6647.68	-4.8	-3.103536	-1.045508	0.000408	0	0.000472	-0.212787	0.037741	1.81206E+9
-6840.75	-5	-3.059953	-1.051336	0.000823	0	0.00039	-0.212787	0.037839	1.812061E+9
-7022.95	-5.2	-3.085219	-1.034533	0.00082	0	0.000496	-0.212787	0.037725	1.812062E+9
-7193.84	-5.4	-3.060821	-1.025011	0.000106	0	0.000164	-0.212787	0.0378	1.812063E+9
-7352.98	-5.6	-3.05994	-1.025017	0.000725	0	0.000407	-0.212787	0.037822	1.812064E+9
-7499.94	-5.8	-3.066389	-1.042395	0.001122	0	0.000339	-0.212787	0.037817	1.812065E+9
-7634.28	-6	-3.051727	-1.021197	0.00102	0	0.000351	-0.212787	0.037623	1.812066E+9
-7755.56	-6.2	-3.059999	-1.056846	0.000765	0	0.000371	-0.212787	0.037706	1.812067E+9
-7863.34	-6.4	-3.041289	-1.037506	0.000945	0	0.000451	-0.212787	0.037591	1.812068E+9
-7957.2	-6.6	-3.038482	-1.004394	0.000996	0	-7E-6	-0.212787	0.037765	1.812069E+9
-8036.69	-6.8	-3.017959	-0.990785	0.000935	0	0.000207	-0.212787	0.037782	1.81207E+9
-8101.38	-7	-3.012696	-1.034556	0.000705	0	0.000232	-0.212787	0.037727	1.812071E+9
-8036.69	-6.8	-3.021955	-1.02107	0.000777	0	0.000501	-0.212787	0.037731	1.812072E+9
-7957.2	-6.6	-3.013079	-1.016609	0.000961	0	0.000319	-0.212787	0.037784	1.812073E+9
-7863.34	-6.4	-3.01445	-1.03581	0.001064	0	0.000282	-0.212787	0.037722	1.812074E+9
-7755.56	-6.2	-3.036688	-1.028601	0.001068	0	0.000533	-0.212787	0.03774	1.812075E+9
-7634.28	-6	-3.031477	-1.030209	0.000967	0	0.000315	-0.212787	0.037808	1.812076E+9
-7499.94	-5.8	-3.030246	-1.022782	0.000935	0	0.000579	-0.212787	0.037793	1.812077E+9
-7352.98	-5.6	-3.039924	-1.040654	0.000822	0	0.000305	-0.212787	0.037805	1.812078E+9
-7193.84	-5.4	-3.061772	-1.02837	0.000967	0	0.000424	-0.212787	0.03781	1.812079E+9
-7022.95	-5.2	-3.063897	-1.03671	0.000843	0	0.000473	-0.212787	0.037799	1.81208E+9
-6840.75	-5	-3.059501	-1.03016	0.000768	0	0.000297	-0.212787	0.037694	1.812081E+9
-6647.68	-4.8	-3.058283	-1.040267	0.000681	0	6.3E-5	-0.212787	0.03777	1.812082E+9
-6444.17	-4.6	-3.060109	-1.061332	0.00061	0	0.000515	-0.212787	0.037739	1.812083E+9
-6230.67	-4.4	-3.100397	-1.047749	0.000774	0	0.000204	-0.212787	0.037671	1.812084E+9
-6007.6	-4.2	-3.079683	-1.049169	0.000577	0	0.000439	-0.212787	0.037792	1.812085E+9
-5775.41	-4	-3.127743	-1.031898	0.000786	0	0.000283	-0.212787	0.037695	1.812086E+9
-5534.53	-3.8	-3.124767	-1.038562	0.000188	0	0.000323	-0.212787	0.037824	1.812087E+9
-5285.39	-3.6	-3.174776	-1.057353	0.00081	0	0.000357	-0.212787	0.037762	1.812088E+9
-5028.44	-3.4	-3.184616	-1.045209	0.000584	0	0.000248	-0.212787	0.037763	1.812089E+9
-4764.12	-3.2	-3.249495	-1.079431	0.000312	0	0.000453	-0.212787	0.037688	1.81209E+9
-4492.85	-3	-3.277591	-1.066641	0.000283	0	9.7E-5	-0.212787	0.037817	1.812091E+9
-4215.08	-2.8	-3.319292	-1.07705	0.000397	0	0.000511	-0.212787	0.037881	1.812092E+9
-3931.24	-2.6	-3.382059	-1.10779	0.000508	0	0.000318	-0.212787	0.037685	1.812093E+9
-3641.77	-2.4	-3.436626	-1.101449	0.000554	0	0.000439	-0.212787	0.037869	1.812094E+9
-3347.11	-2.2	-3.525816	-1.106897	0.000641	0	-8.9E-5	-0.212787	0.037699	1.812095E+9
-3047.69	-2	-3.615444	-1.143225	8.1E-5	0	0.000645	-0.212787	0.037835	1.812096E+9
-2743.95	-1.8	-3.641074	-1.151058	0.000685	0	0.000223	-0.212787	0.037827	1.812097E+9
-2436.33	-1.6	-3.75883	-1.143917	0.000121	0	0.000113	-0.212787	0.037694	1.812098E+9
-2125.26	-1.4	-3.818949	-1.164241	0.000716	0	0.000166	-0.212787	0.03779	1.812099E+9
-1811.18	-1.2	-3.897817	-1.207876	0.000285	0	0.000154	-0.212787	0.037844	1.8121E+9
-1494.53	-1	-3.979076	-1.2258	0.000456	0	0.000478	-0.212787	0.037921	1.812101E+9
-1175.74	-0.8	-4.086271	-1.242482	0.000238	0	0.00036	-0.212787	0.037734	1.812102E+9
-855.25	-0.6	-4.193046	-1.226787	0.00054	0	4.8E-5	-0.212787	0.037902	1.812103E+9
-533.51	-0.4	-4.313597	-1.269269	6.8E-5	0	0.00031	-0.212787	0.037918	1.812104E+9
-210.93	-0.2	-4.403764	-1.279223	0.000388	0	0.000494	-0.212787	0.037935	1.812105E+9
112.03	0	-4.592933	-1.317984	0.000442	0	0.00032	-0.212787	0.037937	1.812106E+9
434.94	0.2	-4.834791	-1.358169	0.000882	0	0.000368	-0.212787	0.037779	1.812107E+9
757.37	0.4	-5.008736	-1.396791	0.000416	0	0.000358	-0.212787	0.037837	1.812108E+9
1078.87	0.6	-5.197193	-1.43625	0.000415	0	0.000586	-0.212787	0.0379	1.812109E+9
1399.02	0.8	-5.3394	-1.461208	0.001039	0	0.000543	-0.212787	0.037815	1.81211E+9
1717.37	1	-5.474295	-1.456039	0.000861	0	0.000145	-0.212787	0.03787	1.812111E+9
2033.48	1.2	-5.607399	-1.511324	0.000245	0	0.000413	-0.212787	0.037886	1.812112E+9
2346.93	1.4	-5.732134	-1.523861	0.000273	0	0.00032	-0.212787	0.037778	1.812113E+9
2657.27	1.6	-5.850567	-1.56616	0.000688	0	0.000596	-0.212787	0.037872	1.812114E+9
2964.07	1.8	-5.985393	-1.575689	0.000616	0	0.000319	-0.212787	0.037915	1.812115E+9
3266.89	2	-6.093485	-1.577148	0.000843	0	0.000197	-0.212787	0.037735	1.812116E+9
3565.29	2.2	-6.221085	-1.630243	0.000318	0	0.000816	-0.212787	0.03794	1.812117E+9
3858.83	2.4	-6.321149	-1.632471	0.000606	0	0.000808	-0.212787	0.037846	1.812118E+9
4147.09	2.6	-6.431678	-1.667981	0.000736	0	0.00082	-0.212787	0.037885	1.812119E+9
4429.62	2.8	-6.485823	-1.679293	0.000765	0	0.000361	-0.212787	0.037749	1.81212E+9
4705.98	3	-6.529627	-1.695849	0.00056	0	0.000546	-0.212787	0.037832	1.812121E+9
4975.74	3.2	-6.530634	-1.677994	0.000738	0	0.000544	-0.212787	0.037734	1.812122E+9
5238.46	3.4	-6.58192	-1.689062	0.000773	0	0.000603	-0.212787	0.037824	1.812123E+9
5493.71	3.6	-6.569337	-1.678855	0.000781	0	0.000365	-0.212787	0.037785	1.812124E+9
5741.05	3.8	-6.602089	-1.673683	0.001223	0	0.000773	-0.212787	0.037824	1.812125E+9
5980.04	4	-6.585269	-1.684982	0.000979	0	0.000586	-0.212787	0.037802	1.812126E+9
6210.24	4.2	-6.593307	-1.682955	0.001038	0	0.000899	-0.212787	0.037804	1.812127E+9
6431.22	4.4	-6.610165	-1.705524	0.000724	0	0.000646	-0.212787	0.037772	1.812128E+9
6642.54	4.6	-6.59473	-1.698461	0.000993	0	0.000732	-0.212787	0.037661	1.812129E+9
6843.76	4.8	-6.628982	-1.711258	0.000963	0	0.000833	-0.212787	0.03776	1.81213E+9
7034.46	5	-6.616159	-1.693094	0.000839	0	0.000978	-0.212787	0.037849	1.812131E+9
7214.18	5.2	-6.636071	-1.718737	0.000968	0	0.000732	-0.212787	0.037809	1.812132E+9
7382.49	5.4	-6.643212	-1.703747	0.001107	0	0.000985	-0.212787	0.037602	1.812133E+9
7538.96	5.6	-6.630678	-1.695144	0.001066	0	0.000935	-0.212787	0.03767	1.812134E+9
7683.15	5.8	-6.631595	-1.715254	0.000901	0	0.00119	-0.212787	0.037756	1.812135E+9
7814.63	6	-6.612579	-1.698549	0.001216	0	0.00087	-0.212787	0.03773	1.812136E+9
7932.95	6.2	-6.598622	-1.711794	0.001456	0	0.000974	-0.212787	0.037666	1.812137E+9
8037.67	6.4	-6.595513	-1.693679	0.001133	0	0.00106	-0.212787	0.037738	1.812138E+9
8128.37	6.6	-6.627696	-1.683777	0.001153	0	0.001137	-0.212787	0.037736	1.812139E+9
8204.61	6.8	-6.643631	-1.667198	0.001718	0	0.001229	-0.212787	0.037617	1.81214E+9
8265.94	7	-6.623372	-1.698552	0.001591	0	0.000864	-0.212787	0.037597	1.812141E+9
