06/05/2022	09:42

Co88Tb12_35_20210602_CVMH1

Field	Kepco	Channel A	Channel B	Agilent	0	RF out	Monitor+	Monitor-	Time
8265.94	7	-10.69406	-0.73283	0.004815	0	0.004907	-0.212787	0.069307	1.807029E+9
8204.61	6.8	-10.69406	-0.724734	0.004902	0	0.004883	-0.212787	0.069294	1.80703E+9
8128.37	6.6	-10.69406	-0.720088	0.004023	0	0.004993	-0.212787	0.069286	1.807031E+9
8037.67	6.4	-10.69406	-0.719555	0.004993	0	0.004812	-0.212787	0.069291	1.807032E+9
7932.95	6.2	-10.69406	-0.714283	0.005718	0	0.005001	-0.212787	0.069383	1.807033E+9
7814.63	6	-10.69406	-0.716469	0.00541	0	0.005175	-0.212787	0.069349	1.807034E+9
7683.15	5.8	-10.69406	-0.715527	0.005471	0	0.004934	-0.212787	0.069329	1.807035E+9
7538.96	5.6	-10.69406	-0.716628	0.005136	0	0.004987	-0.212787	0.069327	1.807036E+9
7382.49	5.4	-10.69406	-0.718396	0.005144	0	0.00474	-0.212787	0.06933	1.807037E+9
7214.18	5.2	-10.69406	-0.720563	0.004852	0	0.005036	-0.212787	0.069271	1.807038E+9
7034.46	5	-10.69406	-0.719988	0.004784	0	0.004803	-0.212787	0.06946	1.807039E+9
6843.76	4.8	-10.69406	-0.72091	0.005024	0	0.0048	-0.212787	0.069289	1.80704E+9
6642.54	4.6	-10.69406	-0.719559	0.00494	0	0.005007	-0.212787	0.069308	1.807041E+9
6431.22	4.4	-10.69406	-0.7209	0.004956	0	0.005135	-0.212787	0.069477	1.807042E+9
6210.24	4.2	-10.69406	-0.723847	0.005633	0	0.005225	-0.212787	0.069262	1.807043E+9
5980.04	4	-10.69406	-0.721797	0.005006	0	0.004899	-0.212787	0.069391	1.807044E+9
5741.05	3.8	-10.69406	-0.723113	0.005214	0	0.005033	-0.212787	0.069371	1.807045E+9
5493.71	3.6	-10.69406	-0.723564	0.005605	0	0.004833	-0.212787	0.069485	1.807046E+9
5238.46	3.4	-10.69406	-0.724487	0.004824	0	0.004966	-0.212787	0.069401	1.807047E+9
4975.74	3.2	-10.69406	-0.726342	0.005422	0	0.004936	-0.212787	0.069391	1.807048E+9
4705.98	3	-10.69406	-0.723477	0.004918	0	0.004958	-0.212787	0.06928	1.807049E+9
4429.62	2.8	-10.69406	-0.722717	0.005283	0	0.005109	-0.212787	0.06926	1.80705E+9
4147.09	2.6	-10.69406	-0.720618	0.004996	0	0.004913	-0.212787	0.069521	1.807051E+9
3858.83	2.4	-10.69406	-0.721424	0.00451	0	0.005305	-0.212787	0.069216	1.807052E+9
3565.29	2.2	-10.69406	-0.708643	0.004292	0	0.004627	-0.212787	0.069533	1.807053E+9
3266.89	2	-10.69406	-0.683432	0.003943	0	0.004425	-0.212787	0.06923	1.807054E+9
2964.07	1.8	-10.048003	-0.639388	0.003645	0	0.003409	-0.212787	0.069294	1.807055E+9
2657.27	1.6	-9.138355	-0.589493	0.003363	0	0.003374	-0.212787	0.069229	1.807056E+9
2346.93	1.4	-8.221142	-0.540007	0.002744	0	0.002735	-0.212787	0.069322	1.807057E+9
2033.48	1.2	-7.324292	-0.488322	0.002195	0	0.002131	-0.212787	0.069552	1.807058E+9
1717.37	1	-6.435674	-0.439236	0.001375	0	0.001407	-0.212787	0.069265	1.807059E+9
1399.02	0.8	-5.566058	-0.382476	0.001078	0	0.001048	-0.212787	0.069301	1.80706E+9
1078.87	0.6	-4.709585	-0.33005	0.000856	0	0.000671	-0.212787	0.069567	1.807061E+9
757.37	0.4	-3.861401	-0.282946	-5.1E-5	0	0.0002	-0.212787	0.069297	1.807062E+9
434.94	0.2	-3.021227	-0.228889	-0.000117	0	-4.1E-5	-0.212787	0.069374	1.807063E+9
112.03	0	-2.189134	-0.177509	-0.000729	0	-0.000776	-0.212787	0.069562	1.807064E+9
-210.93	-0.2	-1.364793	-0.127156	-0.001617	0	-0.001123	-0.212787	0.069302	1.807065E+9
-533.51	-0.4	-0.539959	-0.076543	-0.002358	0	-0.001485	-0.212787	0.069311	1.807066E+9
-855.25	-0.6	0.284268	-0.027382	-0.002113	0	-0.002278	-0.212787	0.069588	1.807067E+9
-1175.74	-0.8	1.116761	0.029325	-0.00323	0	-0.002569	-0.212787	0.069432	1.807068E+9
-1494.53	-1	1.952886	0.081053	-0.003699	0	-0.003252	-0.212787	0.069364	1.807069E+9
-1811.18	-1.2	2.794239	0.13395	-0.003476	0	-0.003702	-0.212787	0.06934	1.80707E+9
-2125.26	-1.4	3.642965	0.187672	-0.004402	0	-0.004189	-0.212787	0.069589	1.807071E+9
-2436.33	-1.6	4.504188	0.239412	-0.004014	0	-0.004653	-0.212787	0.06964	1.807072E+9
-2743.95	-1.8	5.373154	0.292816	-0.004433	0	-0.005017	-0.212787	0.069408	1.807073E+9
-3047.69	-2	6.24431	0.346204	-0.005045	0	-0.00583	-0.212787	0.069458	1.807074E+9
-3347.11	-2.2	7.116117	0.396508	-0.005532	0	-0.006366	-0.212787	0.069583	1.807075E+9
-3641.77	-2.4	7.984312	0.450142	-0.006906	0	-0.006845	-0.212787	0.069366	1.807076E+9
-3931.24	-2.6	8.856887	0.498975	-0.006622	0	-0.007012	-0.212787	0.069432	1.807077E+9
-4215.08	-2.8	9.687171	0.549429	-0.007198	0	-0.007679	-0.212787	0.069364	1.807078E+9
-4492.85	-3	10.386808	0.594932	-0.007744	0	-0.008226	-0.212787	0.069374	1.807079E+9
-4764.12	-3.2	10.597161	0.625643	-0.008701	0	-0.008434	-0.212787	0.069351	1.80708E+9
-5028.44	-3.4	10.597161	0.655655	-0.008808	0	-0.008979	-0.212787	0.069471	1.807081E+9
-5285.39	-3.6	10.597161	0.667819	-0.00876	0	-0.00928	-0.212787	0.069446	1.807082E+9
-5534.53	-3.8	10.597161	0.676304	-0.009192	0	-0.009508	-0.212787	0.069519	1.807083E+9
-5775.41	-4	10.597161	0.678874	-0.009478	0	-0.009361	-0.212787	0.069654	1.807084E+9
-6007.6	-4.2	10.597161	0.678887	-0.009248	0	-0.009519	-0.212787	0.069615	1.807085E+9
-6230.67	-4.4	10.597161	0.675346	-0.009541	0	-0.009609	-0.212787	0.06937	1.807086E+9
-6444.17	-4.6	10.597161	0.678335	-0.009632	0	-0.009201	-0.212787	0.069595	1.807087E+9
-6647.68	-4.8	10.597161	0.678114	-0.009376	0	-0.009449	-0.212787	0.069273	1.807088E+9
-6840.75	-5	10.597161	0.680837	-0.009243	0	-0.009562	-0.212787	0.069324	1.807089E+9
-7022.95	-5.2	10.597161	0.68237	-0.009263	0	-0.009465	-0.212787	0.069294	1.80709E+9
-7193.84	-5.4	10.597161	0.681866	-0.009309	0	-0.009676	-0.212787	0.069408	1.807091E+9
-7352.98	-5.6	10.597161	0.682425	-0.009324	0	-0.009415	-0.212787	0.069357	1.807092E+9
-7499.94	-5.8	10.597161	0.681327	-0.009313	0	-0.009682	-0.212787	0.069295	1.807093E+9
-7634.28	-6	10.597161	0.682159	-0.009023	0	-0.009617	-0.212787	0.069405	1.807094E+9
-7755.56	-6.2	10.597161	0.684771	-0.009107	0	-0.009518	-0.212787	0.069299	1.807095E+9
-7863.34	-6.4	10.597161	0.682831	-0.010015	0	-0.009564	-0.212787	0.069335	1.807096E+9
-7957.2	-6.6	10.597161	0.683072	-0.009384	0	-0.009727	-0.212787	0.069307	1.807097E+9
-8036.69	-6.8	10.597161	0.682939	-0.00903	0	-0.009689	-0.212787	0.069246	1.807098E+9
-8101.38	-7	10.597161	0.68416	-0.010091	0	-0.009885	-0.212787	0.069235	1.807099E+9
-8036.69	-6.8	10.597161	0.684605	-0.010095	0	-0.009848	-0.212787	0.069219	1.8071E+9
-7957.2	-6.6	10.597161	0.68646	-0.010199	0	-0.00971	-0.212787	0.069475	1.807101E+9
-7863.34	-6.4	10.597161	0.684742	-0.010505	0	-0.009789	-0.212787	0.069283	1.807102E+9
-7755.56	-6.2	10.597161	0.684287	-0.010086	0	-0.00943	-0.212787	0.06936	1.807103E+9
-7634.28	-6	10.597161	0.688052	-0.010183	0	-0.00945	-0.212787	0.069393	1.807104E+9
-7499.94	-5.8	10.597161	0.686548	-0.010141	0	-0.009707	-0.212787	0.069477	1.807105E+9
-7352.98	-5.6	10.597161	0.688643	-0.009899	0	-0.009524	-0.212787	0.069229	1.807106E+9
-7193.84	-5.4	10.597161	0.686028	-0.009939	0	-0.009543	-0.212787	0.069448	1.807107E+9
-7022.95	-5.2	10.597161	0.691226	-0.010165	0	-0.009627	-0.212787	0.069206	1.807108E+9
-6840.75	-5	10.597161	0.689098	-0.009485	0	-0.009534	-0.212787	0.069249	1.807109E+9
-6647.68	-4.8	10.597161	0.691405	-0.009946	0	-0.009576	-0.212787	0.069295	1.80711E+9
-6444.17	-4.6	10.597161	0.688972	-0.009511	0	-0.009657	-0.212787	0.069548	1.807111E+9
-6230.67	-4.4	10.597161	0.694134	-0.009749	0	-0.0095	-0.212787	0.069221	1.807112E+9
-6007.6	-4.2	10.597161	0.690304	-0.009886	0	-0.00968	-0.212787	0.069211	1.807113E+9
-5775.41	-4	10.597161	0.691749	-0.009831	0	-0.009621	-0.212787	0.069244	1.807114E+9
-5534.53	-3.8	10.597161	0.69414	-0.009842	0	-0.009737	-0.212787	0.069402	1.807115E+9
-5285.39	-3.6	10.597161	0.691012	-0.009621	0	-0.009696	-0.212787	0.069247	1.807116E+9
-5028.44	-3.4	10.597161	0.692873	-0.009901	0	-0.009507	-0.212787	0.069483	1.807117E+9
-4764.12	-3.2	10.597161	0.688221	-0.009759	0	-0.009887	-0.212787	0.06921	1.807118E+9
-4492.85	-3	10.597161	0.690856	-0.010204	0	-0.00955	-0.212787	0.069404	1.807119E+9
-4215.08	-2.8	10.597161	0.68198	-0.009536	0	-0.009679	-0.212787	0.069237	1.80712E+9
-3931.24	-2.6	10.597161	0.668485	-0.009516	0	-0.009518	-0.212787	0.069479	1.807121E+9
-3641.77	-2.4	10.597161	0.639447	-0.009285	0	-0.009074	-0.212787	0.069474	1.807122E+9
-3347.11	-2.2	10.500523	0.60129	-0.009044	0	-0.00854	-0.212787	0.069344	1.807123E+9
-3047.69	-2	9.744904	0.565488	-0.007862	0	-0.007897	-0.212787	0.069136	1.807124E+9
-2743.95	-1.8	8.874688	0.518764	-0.008148	0	-0.007505	-0.212787	0.069229	1.807125E+9
-2436.33	-1.6	7.981938	0.466581	-0.007627	0	-0.006827	-0.212787	0.06918	1.807126E+9
-2125.26	-1.4	7.103073	0.411349	-0.00662	0	-0.006545	-0.212787	0.069152	1.807127E+9
-1811.18	-1.2	6.243208	0.357581	-0.006367	0	-0.005557	-0.212787	0.069128	1.807128E+9
-1494.53	-1	5.392007	0.305493	-0.00613	0	-0.005529	-0.212787	0.069126	1.807129E+9
-1175.74	-0.8	4.546858	0.251764	-0.004801	0	-0.00525	-0.212787	0.069072	1.80713E+9
-855.25	-0.6	3.709712	0.199355	-0.005369	0	-0.004579	-0.212787	0.06929	1.807131E+9
-533.51	-0.4	2.881307	0.146107	-0.004787	0	-0.003877	-0.212787	0.069221	1.807132E+9
-210.93	-0.2	2.061142	0.091901	-0.003782	0	-0.003464	-0.212787	0.069054	1.807133E+9
112.03	0	1.238623	0.036167	-0.003182	0	-0.003108	-0.212787	0.069061	1.807134E+9
434.94	0.2	0.414441	-0.017798	-0.002119	0	-0.002727	-0.212787	0.069094	1.807135E+9
757.37	0.4	-0.414597	-0.071706	-0.002482	0	-0.002078	-0.212787	0.069097	1.807136E+9
1078.87	0.6	-1.248194	-0.127234	-0.001804	0	-0.001738	-0.212787	0.069028	1.807137E+9
1399.02	0.8	-2.090416	-0.183702	-0.000687	0	-0.001467	-0.212787	0.069058	1.807138E+9
1717.37	1	-2.944182	-0.237209	-0.000557	0	-0.000672	-0.212787	0.069031	1.807139E+9
2033.48	1.2	-3.804801	-0.293661	-3.5E-5	0	-0.000205	-0.212787	0.069162	1.80714E+9
2346.93	1.4	-4.6671	-0.353529	0.000724	0	0.000187	-0.212787	0.069022	1.807141E+9
2657.27	1.6	-5.53686	-0.407947	0.000188	0	0.001013	-0.212787	0.068944	1.807142E+9
2964.07	1.8	-6.404953	-0.46304	0.001408	0	0.001177	-0.212787	0.068929	1.807143E+9
3266.89	2	-7.275332	-0.518724	0.001567	0	0.00183	-0.212787	0.068915	1.807144E+9
3565.29	2.2	-8.137883	-0.572252	0.002446	0	0.002417	-0.212787	0.068922	1.807145E+9
3858.83	2.4	-8.985003	-0.626097	0.00284	0	0.002643	-0.212787	0.068857	1.807146E+9
4147.09	2.6	-9.79785	-0.674508	0.003056	0	0.003215	-0.212787	0.068833	1.807147E+9
4429.62	2.8	-10.53758	-0.719088	0.003692	0	0.003649	-0.212787	0.069148	1.807148E+9
4705.98	3	-10.69406	-0.75322	0.004059	0	0.003982	-0.212787	0.069288	1.807149E+9
4975.74	3.2	-10.69406	-0.775165	0.004262	0	0.004294	-0.212787	0.068963	1.80715E+9
5238.46	3.4	-10.69406	-0.785431	0.00508	0	0.004287	-0.212787	0.068824	1.807151E+9
5493.71	3.6	-10.69406	-0.786565	0.004632	0	0.004215	-0.212787	0.068879	1.807152E+9
5741.05	3.8	-10.69406	-0.788836	0.004948	0	0.00426	-0.212787	0.068966	1.807153E+9
5980.04	4	-10.69406	-0.792702	0.005133	0	0.004413	-0.212787	0.069194	1.807154E+9
6210.24	4.2	-10.69406	-0.792754	0.004555	0	0.004594	-0.212787	0.069153	1.807155E+9
6431.22	4.4	-10.69406	-0.794557	0.004904	0	0.004275	-0.212787	0.06883	1.807156E+9
6642.54	4.6	-10.69406	-0.794531	0.0047	0	0.004319	-0.212787	0.068876	1.807157E+9
6843.76	4.8	-10.69406	-0.794648	0.004027	0	0.00426	-0.212787	0.068802	1.807158E+9
7034.46	5	-10.69406	-0.79498	0.003737	0	0.00443	-0.212787	0.068766	1.807159E+9
7214.18	5.2	-10.69406	-0.795899	0.004001	0	0.004396	-0.212787	0.069024	1.80716E+9
7382.49	5.4	-10.69406	-0.795038	0.003753	0	0.004548	-0.212787	0.068797	1.807161E+9
7538.96	5.6	-10.69406	-0.796672	0.00402	0	0.004421	-0.212787	0.06876	1.807162E+9
7683.15	5.8	-10.69406	-0.798358	0.004138	0	0.004297	-0.212787	0.069101	1.807163E+9
7814.63	6	-10.69406	-0.798963	0.004185	0	0.004352	-0.212787	0.068962	1.807164E+9
7932.95	6.2	-10.69406	-0.797523	0.004423	0	0.00417	-0.212787	0.069047	1.807165E+9
8037.67	6.4	-10.69406	-0.797143	0.004387	0	0.004608	-0.212787	0.068799	1.807166E+9
8128.37	6.6	-10.69406	-0.802176	0.004316	0	0.004316	-0.212787	0.06882	1.807167E+9
8204.61	6.8	-10.69406	-0.802907	0.004313	0	0.004345	-0.212787	0.068764	1.807168E+9
8265.94	7	-10.69406	-0.802049	0.004185	0	0.004468	-0.212787	0.068758	1.807169E+9
