24/05/2022	09:50

Si\Ta3\(Co88Tb12)50\Pt3-20220523_APEJ2

Field	Kepco	Channel A	Channel B	Agilent	0	RF out	Monitor+	Monitor-	Time
5980.04	4	6.041309	-0.556973	0.001926	0	0.002296	-0.212787	0.023511	3.362716E+9
5861.61	3.9	6.044389	-0.554529	0.001621	0	0.002016	-0.212787	0.023493	3.362717E+9
5741.05	3.8	6.049041	-0.557479	0.002418	0	0.002199	-0.212787	0.023617	3.362718E+9
5618.4	3.7	6.051732	-0.555501	0.002313	0	0.002299	-0.212787	0.023561	3.362719E+9
5493.71	3.6	6.050322	-0.556752	0.002275	0	0.002204	-0.212787	0.023492	3.36272E+9
5367.05	3.5	6.048336	-0.555111	0.002243	0	0.001995	-0.212787	0.023535	3.362721E+9
5238.46	3.4	6.050572	-0.558503	0.002346	0	0.002014	-0.212787	0.023512	3.362722E+9
5108.01	3.3	6.055711	-0.558207	0.002681	0	0.002078	-0.212787	0.023577	3.362723E+9
4975.74	3.2	6.05627	-0.558659	0.002635	0	0.0023	-0.212787	0.023565	3.362724E+9
4841.71	3.1	6.055806	-0.558155	0.00184	0	0.00224	-0.212787	0.023496	3.362725E+9
4705.98	3	6.058239	-0.559484	0.002067	0	0.002273	-0.212787	0.023534	3.362726E+9
4568.59	2.9	6.058392	-0.559932	0.001752	0	0.002181	-0.212787	0.023543	3.362727E+9
4429.62	2.8	6.060783	-0.559727	0.002105	0	0.002259	-0.212787	0.02357	3.362728E+9
4289.09	2.7	6.06011	-0.558181	0.001854	0	0.002277	-0.212787	0.023581	3.362729E+9
4147.09	2.6	6.062706	-0.556047	0.002086	0	0.002289	-0.212787	0.023538	3.36273E+9
4003.65	2.5	6.060094	-0.557512	0.001879	0	0.002195	-0.212787	0.023495	3.362731E+9
3858.83	2.4	6.060146	-0.555641	0.001914	0	0.002192	-0.212787	0.023563	3.362732E+9
3712.69	2.3	6.058648	-0.557434	0.002478	0	0.002136	-0.212787	0.023607	3.362733E+9
3565.29	2.2	6.058538	-0.55899	0.002248	0	0.002326	-0.212787	0.023543	3.362734E+9
3416.67	2.1	6.064574	-0.559185	0.002287	0	0.002172	-0.212787	0.023524	3.362735E+9
3266.89	2	6.063109	-0.559104	0.002269	0	0.002113	-0.212787	0.023541	3.362736E+9
3116	1.9	6.067596	-0.561677	0.002427	0	0.002325	-0.212787	0.023562	3.362737E+9
2964.07	1.8	6.067992	-0.562015	0.002478	0	0.002264	-0.212787	0.023594	3.362738E+9
2811.14	1.7	6.068398	-0.559854	0.00242	0	0.00227	-0.212787	0.023572	3.362739E+9
2657.27	1.6	6.069873	-0.556336	0.002183	0	0.00211	-0.212787	0.023572	3.36274E+9
2502.52	1.5	6.0696	-0.558841	0.001961	0	0.002142	-0.212787	0.023556	3.362741E+9
2346.93	1.4	6.066562	-0.560962	0.00215	0	0.002267	-0.212787	0.023521	3.362742E+9
2190.57	1.3	6.065581	-0.554965	0.002049	0	0.002146	-0.212787	0.023555	3.362743E+9
2033.48	1.2	6.065302	-0.561011	0.001731	0	0.002133	-0.212787	0.023536	3.362744E+9
1875.73	1.1	6.063999	-0.559935	0.001672	0	0.002116	-0.212787	0.023575	3.362745E+9
1717.37	1	6.066241	-0.557421	0.001872	0	0.002181	-0.212787	0.023586	3.362746E+9
1558.44	0.9	6.064168	-0.560514	0.002592	0	0.002057	-0.212787	0.023572	3.362747E+9
1399.02	0.8	6.066296	-0.558249	0.002055	0	0.002242	-0.212787	0.023574	3.362748E+9
1239.14	0.7	6.067891	-0.557645	0.002264	0	0.002074	-0.212787	0.023584	3.362749E+9
1078.87	0.6	6.070987	-0.556934	0.002206	0	0.002252	-0.212787	0.023609	3.36275E+9
918.26	0.5	6.0719	-0.559958	0.002661	0	0.00214	-0.212787	0.023549	3.362751E+9
757.37	0.4	6.077696	-0.55951	0.002684	0	0.00196	-0.212787	0.023598	3.362752E+9
596.24	0.3	6.077647	-0.563827	0.002556	0	0.002184	-0.212787	0.023602	3.362753E+9
434.94	0.2	6.078187	-0.558145	0.001993	0	0.002049	-0.212787	0.023554	3.362754E+9
273.52	0.1	6.078336	-0.56106	0.001921	0	0.002204	-0.212787	0.023624	3.362755E+9
112.03	0	6.078174	-0.562804	0.002076	0	0.002118	-0.212787	0.023571	3.362756E+9
-49.47	-0.1	6.076751	-0.564347	0.002027	0	0.002092	-0.212787	0.023544	3.362757E+9
-210.93	-0.2	6.075422	-0.558324	0.001914	0	0.002146	-0.212787	0.023558	3.362758E+9
-372.3	-0.3	6.073596	-0.560995	0.001823	0	0.00221	-0.212787	0.023529	3.362759E+9
-533.51	-0.4	6.07448	-0.560124	0.002616	0	0.001891	-0.212787	0.023601	3.36276E+9
-694.51	-0.5	6.075133	-0.558688	0.002418	0	0.002116	-0.212787	0.023632	3.362761E+9
-855.25	-0.6	6.071965	-0.560264	0.002209	0	0.00223	-0.212787	0.02363	3.362762E+9
-1015.68	-0.7	6.074464	-0.557431	0.002173	0	0.002045	-0.212787	0.023601	3.362763E+9
-1175.74	-0.8	6.078398	-0.559484	0.00236	0	0.002142	-0.212787	0.02355	3.362764E+9
-1335.37	-0.9	6.076858	-0.559036	0.002325	0	0.002018	-0.212787	0.023597	3.362765E+9
-1494.53	-1	6.075919	-0.555618	0.002819	0	0.002305	-0.212787	0.023588	3.362766E+9
-1653.15	-1.1	6.075838	-0.554698	0.001959	0	0.002168	-0.212787	0.023532	3.362767E+9
-1811.18	-1.2	6.073885	-0.555939	0.001906	0	0.002015	-0.212787	0.023528	3.362768E+9
-1968.57	-1.3	6.073583	-0.558324	0.002023	0	0.002098	-0.212787	0.023525	3.362769E+9
-2125.26	-1.4	6.070308	-0.558318	0.002096	0	0.002284	-0.212787	0.023558	3.36277E+9
-2281.19	-1.5	6.071244	-0.556449	0.002066	0	0.002083	-0.212787	0.023508	3.362771E+9
-2436.33	-1.6	6.07193	-0.560504	0.002047	0	0.002166	-0.212787	0.023524	3.362772E+9
-2590.6	-1.7	6.07179	-0.55962	0.001441	0	0.002145	-0.212787	0.023547	3.362773E+9
-2743.95	-1.8	6.068577	-0.558412	0.002679	0	0.002107	-0.212787	0.023564	3.362774E+9
-2896.33	-1.9	4.202262	-0.357292	0.001633	0	0.001141	-0.212787	0.023599	3.362775E+9
-3047.69	-2	-4.081057	0.418343	-0.000589	0	-0.00097	-0.212787	0.023633	3.362776E+9
-3197.97	-2.1	-5.286701	0.531233	-0.001213	0	-0.001193	-0.212787	0.023586	3.362777E+9
-3347.11	-2.2	-5.69601	0.57106	-0.001217	0	-0.001405	-0.212787	0.023644	3.362778E+9
-3495.06	-2.3	-5.873948	0.584324	-0.000891	0	-0.001445	-0.212787	0.023643	3.362779E+9
-3641.77	-2.4	-5.9409	0.593944	-0.000797	0	-0.001525	-0.212787	0.023574	3.36278E+9
-3787.18	-2.5	-5.986117	0.598281	-0.001047	0	-0.001313	-0.212787	0.023524	3.362781E+9
-3931.24	-2.6	-6.006565	0.600016	-0.001882	0	-0.001369	-0.212787	0.023579	3.362782E+9
-4073.89	-2.7	-6.021305	0.600666	-0.001434	0	-0.001481	-0.212787	0.023535	3.362783E+9
-4215.08	-2.8	-6.032241	0.60166	-0.001506	0	-0.00144	-0.212787	0.023605	3.362784E+9
-4354.75	-2.9	-6.041045	0.601218	-0.001418	0	-0.001249	-0.212787	0.023601	3.362785E+9
-4492.85	-3	-6.04408	0.602934	-0.001687	0	-0.001335	-0.212787	0.023581	3.362786E+9
-4629.32	-3.1	-6.046721	0.605932	-0.001668	0	-0.001402	-0.212787	0.023653	3.362787E+9
-4764.12	-3.2	-6.048225	0.604139	-0.00073	0	-0.00147	-0.212787	0.023665	3.362788E+9
-4897.18	-3.3	-6.051214	0.601215	-0.001066	0	-0.001424	-0.212787	0.023628	3.362789E+9
-5028.44	-3.4	-6.053644	0.603294	-0.001292	0	-0.001306	-0.212787	0.023629	3.36279E+9
-5157.87	-3.5	-6.051571	0.606127	-0.001258	0	-0.001407	-0.212787	0.023591	3.362791E+9
-5285.39	-3.6	-6.054489	0.602956	-0.001103	0	-0.001311	-0.212787	0.02357	3.362792E+9
-5410.96	-3.7	-6.055714	0.603382	-0.000789	0	-0.001437	-0.212787	0.02362	3.362793E+9
-5534.53	-3.8	-6.056653	0.607017	-0.000869	0	-0.001376	-0.212787	0.023614	3.362794E+9
-5656.02	-3.9	-6.059281	0.604408	-0.001705	0	-0.001435	-0.212787	0.023542	3.362795E+9
-5775.41	-4	-6.062582	0.60154	-0.001289	0	-0.00133	-0.212787	0.023588	3.362796E+9
-5656.02	-3.9	-6.062773	0.599792	-0.001553	0	-0.001333	-0.212787	0.023574	3.362797E+9
-5534.53	-3.8	-6.064836	0.603629	-0.001379	0	-0.001216	-0.212787	0.023654	3.362798E+9
-5410.96	-3.7	-6.067955	0.605484	-0.001467	0	-0.001331	-0.212787	0.023602	3.362799E+9
-5285.39	-3.6	-6.069671	0.601975	-0.00182	0	-0.001522	-0.212787	0.023582	3.3628E+9
-5157.87	-3.5	-6.070551	0.605536	-0.001924	0	-0.001302	-0.212787	0.023541	3.362801E+9
-5028.44	-3.4	-6.073131	0.607215	-0.001361	0	-0.001466	-0.212787	0.023618	3.362802E+9
-4897.18	-3.3	-6.071646	0.604574	-0.000868	0	-0.00135	-0.212787	0.023615	3.362803E+9
-4764.12	-3.2	-6.071626	0.604857	-0.001117	0	-0.00134	-0.212787	0.023686	3.362804E+9
-4629.32	-3.1	-6.074797	0.606592	-0.001387	0	-0.001218	-0.212787	0.023626	3.362805E+9
-4492.85	-3	-6.075941	0.603444	-0.00144	0	-0.001413	-0.212787	0.023615	3.362806E+9
-4354.75	-2.9	-6.075005	0.607222	-0.001442	0	-0.001585	-0.212787	0.023554	3.362807E+9
-4215.08	-2.8	-6.074005	0.601735	-0.001332	0	-0.0014	-0.212787	0.023581	3.362808E+9
-4073.89	-2.7	-6.070463	0.60511	-0.000954	0	-0.001259	-0.212787	0.023591	3.362809E+9
-3931.24	-2.6	-6.070044	0.601316	-0.00084	0	-0.001403	-0.212787	0.023672	3.36281E+9
-3787.18	-2.5	-6.073407	0.601338	-0.00134	0	-0.001358	-0.212787	0.023524	3.362811E+9
-3641.77	-2.4	-6.074274	0.603544	-0.00188	0	-0.001247	-0.212787	0.023527	3.362812E+9
-3495.06	-2.3	-6.07328	0.603755	-0.001888	0	-0.001268	-0.212787	0.02355	3.362813E+9
-3347.11	-2.2	-6.071948	0.605139	-0.001436	0	-0.001549	-0.212787	0.023539	3.362814E+9
-3197.97	-2.1	-6.074898	0.607674	-0.001457	0	-0.001262	-0.212787	0.023515	3.362815E+9
-3047.69	-2	-6.073283	0.603833	-0.001472	0	-0.001426	-0.212787	0.023574	3.362816E+9
-2896.33	-1.9	-6.072429	0.60294	-0.001595	0	-0.001314	-0.212787	0.023558	3.362817E+9
-2743.95	-1.8	-6.072442	0.606832	-0.001373	0	-0.001383	-0.212787	0.0236	3.362818E+9
-2590.6	-1.7	-6.074424	0.604941	-0.001155	0	-0.001561	-0.212787	0.0236	3.362819E+9
-2436.33	-1.6	-6.071763	0.605896	-0.001287	0	-0.001282	-0.212787	0.023602	3.36282E+9
-2281.19	-1.5	-6.073335	0.606039	-0.00105	0	-0.001429	-0.212787	0.023607	3.362821E+9
-2125.26	-1.4	-6.072851	0.608414	-0.001303	0	-0.001491	-0.212787	0.023599	3.362822E+9
-1968.57	-1.3	-6.073803	0.60626	-0.001307	0	-0.001629	-0.212787	0.023557	3.362823E+9
-1811.18	-1.2	-6.072055	0.603025	-0.001235	0	-0.001371	-0.212787	0.023593	3.362824E+9
-1653.15	-1.1	-6.075428	0.604746	-0.001109	0	-0.00136	-0.212787	0.023578	3.362825E+9
-1494.53	-1	-6.074443	0.604646	-0.001138	0	-0.00143	-0.212787	0.023602	3.362826E+9
-1335.37	-0.9	-6.074853	0.60652	-0.001211	0	-0.001401	-0.212787	0.023592	3.362827E+9
-1175.74	-0.8	-6.077146	0.602599	-0.001876	0	-0.001424	-0.212787	0.023524	3.362828E+9
-1015.68	-0.7	-6.077867	0.605689	-0.001828	0	-0.001477	-0.212787	0.023506	3.362829E+9
-855.25	-0.6	-6.079576	0.606653	-0.001803	0	-0.001402	-0.212787	0.023506	3.36283E+9
-694.51	-0.5	-6.081142	0.604035	-0.001703	0	-0.00133	-0.212787	0.023593	3.362831E+9
-533.51	-0.4	-6.081425	0.605526	-0.001566	0	-0.001389	-0.212787	0.023657	3.362832E+9
-372.3	-0.3	-6.080619	0.608336	-0.001454	0	-0.001245	-0.212787	0.023588	3.362833E+9
-210.93	-0.2	-6.081643	0.608041	-0.001513	0	-0.001364	-0.212787	0.023547	3.362834E+9
-49.47	-0.1	-6.081672	0.606712	-0.001688	0	-0.001301	-0.212787	0.023608	3.362835E+9
112.03	0	-6.083325	0.605399	-0.001818	0	-0.001416	-0.212787	0.023592	3.362836E+9
273.52	0.1	-6.079469	0.608505	-0.00176	0	-0.001486	-0.212787	0.023584	3.362837E+9
434.94	0.2	-6.08211	0.603801	-0.000906	0	-0.001421	-0.212787	0.023619	3.362838E+9
596.24	0.3	-6.077465	0.608086	-0.00114	0	-0.001424	-0.212787	0.02358	3.362839E+9
757.37	0.4	-6.077916	0.606416	-0.000919	0	-0.001337	-0.212787	0.023589	3.36284E+9
918.26	0.5	-6.079199	0.608093	-0.00072	0	-0.001593	-0.212787	0.023582	3.362841E+9
1078.87	0.6	-6.079329	0.606627	-0.001312	0	-0.00146	-0.212787	0.023593	3.362842E+9
1239.14	0.7	-6.079511	0.601563	-0.001333	0	-0.001364	-0.212787	0.023567	3.362843E+9
1399.02	0.8	-6.082556	0.607449	-0.001357	0	-0.001361	-0.212787	0.023518	3.362844E+9
1558.44	0.9	-6.081149	0.604834	-0.000861	0	-0.001265	-0.212787	0.023587	3.362845E+9
1717.37	1	-6.082484	0.603937	-0.000961	0	-0.001364	-0.212787	0.023604	3.362846E+9
1875.73	1.1	-6.081899	0.607349	-0.001019	0	-0.001423	-0.212787	0.023622	3.362847E+9
2033.48	1.2	-6.083602	0.606975	-0.000942	0	-0.001238	-0.212787	0.023677	3.362848E+9
2190.57	1.3	-6.083654	0.604802	-0.001435	0	-0.00118	-0.212787	0.023653	3.362849E+9
2346.93	1.4	-5.939022	0.591355	-0.001792	0	-0.001402	-0.212787	0.023506	3.36285E+9
2502.52	1.5	2.728295	-0.247937	0.000929	0	0.001334	-0.212787	0.023506	3.362851E+9
2657.27	1.6	5.124723	-0.469918	0.00172	0	0.002102	-0.212787	0.023522	3.362852E+9
2811.14	1.7	5.617798	-0.515992	0.001983	0	0.002125	-0.212787	0.023522	3.362853E+9
2964.07	1.8	5.816236	-0.534289	0.002016	0	0.002157	-0.212787	0.023524	3.362854E+9
3116	1.9	5.910134	-0.54591	0.001874	0	0.0022	-0.212787	0.023487	3.362855E+9
3266.89	2	5.948617	-0.548172	0.002099	0	0.002162	-0.212787	0.023572	3.362856E+9
3416.67	2.1	5.979987	-0.549504	0.002186	0	0.002184	-0.212787	0.023574	3.362857E+9
3565.29	2.2	5.99618	-0.54786	0.001799	0	0.002044	-0.212787	0.023544	3.362858E+9
3712.69	2.3	6.011391	-0.553571	0.001664	0	0.002191	-0.212787	0.02347	3.362859E+9
3858.83	2.4	6.017411	-0.547385	0.001758	0	0.00216	-0.212787	0.02349	3.36286E+9
4003.65	2.5	6.022047	-0.555478	0.001609	0	0.002088	-0.212787	0.023496	3.362861E+9
4147.09	2.6	6.025052	-0.553542	0.001985	0	0.002246	-0.212787	0.023553	3.362862E+9
4289.09	2.7	6.028031	-0.55145	0.002066	0	0.002292	-0.212787	0.023493	3.362863E+9
4429.62	2.8	6.026306	-0.550949	0.002223	0	0.002324	-0.212787	0.023533	3.362864E+9
4568.59	2.9	6.03348	-0.55158	0.002297	0	0.002036	-0.212787	0.023514	3.362865E+9
4705.98	3	6.034454	-0.555147	0.002255	0	0.002328	-0.212787	0.023519	3.362866E+9
4841.71	3.1	6.036251	-0.551843	0.002243	0	0.002384	-0.212787	0.0235	3.362867E+9
4975.74	3.2	6.037482	-0.550072	0.002398	0	0.002212	-0.212787	0.023553	3.362868E+9
5108.01	3.3	6.037485	-0.555329	0.002389	0	0.002155	-0.212787	0.023533	3.362869E+9
5238.46	3.4	6.04307	-0.55091	0.002523	0	0.002111	-0.212787	0.023526	3.36287E+9
5367.05	3.5	6.042313	-0.549591	0.002745	0	0.002268	-0.212787	0.023574	3.362871E+9
5493.71	3.6	6.044324	-0.554253	0.002041	0	0.00232	-0.212787	0.023518	3.362872E+9
5618.4	3.7	6.044246	-0.555556	0.001789	0	0.002202	-0.212787	0.023482	3.362873E+9
5741.05	3.8	6.041689	-0.550423	0.001867	0	0.002278	-0.212787	0.023514	3.362874E+9
5861.61	3.9	6.041829	-0.554659	0.001888	0	0.002453	-0.212787	0.023472	3.362875E+9
5980.04	4	6.037911	-0.555842	0.002303	0	0.002218	-0.212787	0.023538	3.362876E+9
