06/05/2022	10:35

Co88Tb12_35_20210602_CVMH3

Field	Kepco	Channel A	Channel B	Agilent	0	RF out	Monitor+	Monitor-	Time
8265.94	7	-9.414223	-1.726648	0.011166	0	0.01184	-0.212787	0.071959	1.810211E+9
8204.61	6.8	-9.45076	-1.572203	0.011389	0	0.011782	-0.212787	0.071883	1.810211E+9
8128.37	6.6	-9.463726	-1.508552	0.011866	0	0.011595	-0.212787	0.071869	1.810212E+9
8037.67	6.4	-9.465471	-1.492071	0.01209	0	0.010766	-0.212787	0.071867	1.810213E+9
7932.95	6.2	-9.472631	-1.487536	0.011259	0	0.011841	-0.212787	0.071953	1.810214E+9
7814.63	6	-9.470796	-1.483404	0.010572	0	0.01161	-0.212787	0.071912	1.810215E+9
7683.15	5.8	-9.474464	-1.484177	0.010122	0	0.011436	-0.212787	0.072003	1.810216E+9
7538.96	5.6	-9.475682	-1.489677	0.01117	0	0.011434	-0.212787	0.071875	1.810217E+9
7382.49	5.4	-9.476965	-1.487841	0.011138	0	0.011048	-0.212787	0.072102	1.810218E+9
7214.18	5.2	-9.47731	-1.482377	0.010706	0	0.010862	-0.212787	0.071873	1.810219E+9
7034.46	5	-9.476169	-1.485054	0.010886	0	0.011631	-0.212787	0.071861	1.81022E+9
6843.76	4.8	-9.479077	-1.480476	0.011488	0	0.011639	-0.212787	0.071867	1.810221E+9
6642.54	4.6	-9.477556	-1.488998	0.010984	0	0.010937	-0.212787	0.071996	1.810222E+9
6431.22	4.4	-9.477807	-1.484083	0.011216	0	0.011471	-0.212787	0.071847	1.810223E+9
6210.24	4.2	-9.478479	-1.483793	0.010822	0	0.011357	-0.212787	0.07195	1.810224E+9
5980.04	4	-9.481393	-1.483199	0.010805	0	0.010972	-0.212787	0.071924	1.810225E+9
5741.05	3.8	-9.479373	-1.486071	0.01114	0	0.010238	-0.212787	0.071958	1.810226E+9
5493.71	3.6	-9.484233	-1.486366	0.010965	0	0.011259	-0.212787	0.071906	1.810227E+9
5238.46	3.4	-9.478174	-1.488303	0.010967	0	0.010787	-0.212787	0.071923	1.810228E+9
4975.74	3.2	-9.482644	-1.485366	0.010989	0	0.011221	-0.212787	0.071804	1.810229E+9
4705.98	3	-9.480698	-1.480678	0.011492	0	0.011118	-0.212787	0.071818	1.81023E+9
4429.62	2.8	-9.484252	-1.485288	0.011347	0	0.010704	-0.212787	0.071944	1.810231E+9
4147.09	2.6	-9.480926	-1.490028	0.010577	0	0.011205	-0.212787	0.072	1.810232E+9
3858.83	2.4	-9.484155	-1.492321	0.010422	0	0.011242	-0.212787	0.071838	1.810233E+9
3565.29	2.2	-9.482007	-1.488897	0.010819	0	0.011007	-0.212787	0.071752	1.810234E+9
3266.89	2	-9.483927	-1.486249	0.01054	0	0.010756	-0.212787	0.071804	1.810235E+9
2964.07	1.8	-9.485312	-1.489904	0.011591	0	0.010632	-0.212787	0.072001	1.810236E+9
2657.27	1.6	-9.47166	-1.486438	0.011548	0	0.010543	-0.212787	0.071838	1.810237E+9
2346.93	1.4	-9.454616	-1.483943	0.010885	0	0.011271	-0.212787	0.071773	1.810238E+9
2033.48	1.2	-9.42472	-1.481142	0.011016	0	0.011134	-0.212787	0.071784	1.810239E+9
1717.37	1	-9.359723	-1.462601	0.011333	0	0.010149	-0.212787	0.07181	1.81024E+9
1399.02	0.8	-9.134665	-1.408632	0.010429	0	0.010425	-0.212787	0.072026	1.810241E+9
1078.87	0.6	-8.678691	-1.301815	0.009784	0	0.009429	-0.212787	0.071974	1.810242E+9
757.37	0.4	-8.117477	-1.195998	0.008992	0	0.008614	-0.212787	0.071817	1.810243E+9
434.94	0.2	-7.506535	-1.096907	0.008181	0	0.00804	-0.212787	0.071948	1.810244E+9
112.03	0	-6.817249	-1.000742	0.0077	0	0.006816	-0.212787	0.07191	1.810245E+9
-210.93	-0.2	-5.958028	-0.91654	0.006614	0	0.006818	-0.212787	0.072034	1.810246E+9
-533.51	-0.4	-4.925231	-0.817195	0.006256	0	0.005438	-0.212787	0.071953	1.810247E+9
-855.25	-0.6	-3.799723	-0.642585	0.005191	0	0.005371	-0.212787	0.071945	1.810248E+9
-1175.74	-0.8	-2.670428	-0.460769	0.005518	0	0.004441	-0.212787	0.071867	1.810249E+9
-1494.53	-1	-1.559104	-0.286968	0.004014	0	0.003621	-0.212787	0.071946	1.81025E+9
-1811.18	-1.2	-0.451471	-0.113849	0.00344	0	0.003151	-0.212787	0.071979	1.810251E+9
-2125.26	-1.4	0.64805	0.072681	0.002826	0	0.0027	-0.212787	0.071965	1.810252E+9
-2436.33	-1.6	1.743283	0.252313	0.002255	0	0.002103	-0.212787	0.071987	1.810253E+9
-2743.95	-1.8	2.832234	0.422089	0.001648	0	0.001337	-0.212787	0.072052	1.810254E+9
-3047.69	-2	3.935979	0.604691	0.000918	0	0.000661	-0.212787	0.072052	1.810255E+9
-3347.11	-2.2	5.032755	0.774551	8.8E-5	0	0.000413	-0.212787	0.072034	1.810256E+9
-3641.77	-2.4	6.143076	0.955555	-5E-6	0	-0.000397	-0.212787	0.07208	1.810257E+9
-3931.24	-2.6	7.264873	1.137475	-0.000554	0	-0.00086	-0.212787	0.072028	1.810258E+9
-4215.08	-2.8	8.375719	1.30806	-0.001164	0	-0.001743	-0.212787	0.072182	1.810259E+9
-4492.85	-3	9.476361	1.484246	-0.001858	0	-0.002496	-0.212787	0.072196	1.81026E+9
-4764.12	-3.2	10.545426	1.645266	-0.002977	0	-0.002969	-0.212787	0.072186	1.810261E+9
-5028.44	-3.4	10.597161	1.800942	-0.003733	0	-0.004056	-0.212787	0.072187	1.810262E+9
-5285.39	-3.6	10.597161	1.932188	-0.004603	0	-0.004203	-0.212787	0.072093	1.810263E+9
-5534.53	-3.8	10.597161	2.026393	-0.004344	0	-0.004789	-0.212787	0.07227	1.810264E+9
-5775.41	-4	10.597161	2.080557	-0.004792	0	-0.004789	-0.212787	0.072139	1.810265E+9
-6007.6	-4.2	10.597161	2.116343	-0.00494	0	-0.004695	-0.212787	0.072129	1.810266E+9
-6230.67	-4.4	10.597161	2.123857	-0.005378	0	-0.005124	-0.212787	0.072104	1.810267E+9
-6444.17	-4.6	10.597161	2.127662	-0.004764	0	-0.004706	-0.212787	0.072131	1.810268E+9
-6647.68	-4.8	10.597161	2.1326	-0.005565	0	-0.004826	-0.212787	0.072255	1.810269E+9
-6840.75	-5	10.597161	2.13233	-0.005773	0	-0.005052	-0.212787	0.072265	1.81027E+9
-7022.95	-5.2	10.597161	2.130657	-0.004704	0	-0.004819	-0.212787	0.072107	1.810271E+9
-7193.84	-5.4	10.597161	2.129591	-0.005519	0	-0.005215	-0.212787	0.072258	1.810272E+9
-7352.98	-5.6	10.597161	2.134468	-0.005301	0	-0.004812	-0.212787	0.072074	1.810273E+9
-7499.94	-5.8	10.597161	2.133113	-0.005539	0	-0.004898	-0.212787	0.072262	1.810274E+9
-7634.28	-6	10.597161	2.138029	-0.005419	0	-0.004734	-0.212787	0.072117	1.810275E+9
-7755.56	-6.2	10.597161	2.134016	-0.004939	0	-0.005126	-0.212787	0.072145	1.810276E+9
-7863.34	-6.4	10.597161	2.131801	-0.00457	0	-0.004538	-0.212787	0.07213	1.810277E+9
-7957.2	-6.6	10.597161	2.142431	-0.005278	0	-0.005153	-0.212787	0.072164	1.810278E+9
-8036.69	-6.8	10.597161	2.135664	-0.004843	0	-0.004335	-0.212787	0.072147	1.810279E+9
-8101.38	-7	10.597161	2.131615	-0.004508	0	-0.004691	-0.212787	0.072268	1.81028E+9
-8036.69	-6.8	10.597161	2.129111	-0.005374	0	-0.004827	-0.212787	0.07224	1.810281E+9
-7957.2	-6.6	10.597161	2.13452	-0.004938	0	-0.00493	-0.212787	0.072137	1.810282E+9
-7863.34	-6.4	10.597161	2.133172	-0.004479	0	-0.004849	-0.212787	0.071968	1.810283E+9
-7755.56	-6.2	10.597161	2.135855	-0.004974	0	-0.004556	-0.212787	0.072247	1.810284E+9
-7634.28	-6	10.597161	2.137151	-0.005059	0	-0.004693	-0.212787	0.072083	1.810285E+9
-7499.94	-5.8	10.597161	2.134117	-0.004768	0	-0.004879	-0.212787	0.072058	1.810286E+9
-7352.98	-5.6	10.597161	2.134764	-0.005186	0	-0.004692	-0.212787	0.072283	1.810287E+9
-7193.84	-5.4	10.597161	2.138165	-0.004717	0	-0.004591	-0.212787	0.072046	1.810288E+9
-7022.95	-5.2	10.597161	2.132044	-0.004013	0	-0.004615	-0.212787	0.072125	1.810289E+9
-6840.75	-5	10.597161	2.134198	-0.004309	0	-0.0047	-0.212787	0.072099	1.81029E+9
-6647.68	-4.8	10.597161	2.138682	-0.004345	0	-0.004821	-0.212787	0.072132	1.810291E+9
-6444.17	-4.6	10.597161	2.141336	-0.005184	0	-0.004565	-0.212787	0.072168	1.810292E+9
-6230.67	-4.4	10.597161	2.146381	-0.004706	0	-0.004447	-0.212787	0.072079	1.810293E+9
-6007.6	-4.2	10.597161	2.142691	-0.004569	0	-0.00528	-0.212787	0.072151	1.810294E+9
-5775.41	-4	10.597161	2.139214	-0.004814	0	-0.005307	-0.212787	0.072176	1.810295E+9
-5534.53	-3.8	10.597161	2.138604	-0.004587	0	-0.004936	-0.212787	0.072123	1.810296E+9
-5285.39	-3.6	10.597161	2.132428	-0.004275	0	-0.004663	-0.212787	0.0722	1.810297E+9
-5028.44	-3.4	10.597161	2.137882	-0.003933	0	-0.004809	-0.212787	0.07217	1.810298E+9
-4764.12	-3.2	10.597161	2.132528	-0.004335	0	-0.005059	-0.212787	0.072123	1.810299E+9
-4492.85	-3	10.597161	2.135897	-0.004474	0	-0.004781	-0.212787	0.072131	1.8103E+9
-4215.08	-2.8	10.597161	2.135979	-0.00451	0	-0.004947	-0.212787	0.072057	1.810301E+9
-3931.24	-2.6	10.597161	2.131135	-0.00461	0	-0.005195	-0.212787	0.072016	1.810302E+9
-3641.77	-2.4	10.597161	2.136794	-0.004989	0	-0.005076	-0.212787	0.072157	1.810303E+9
-3347.11	-2.2	10.597161	2.134656	-0.004908	0	-0.004887	-0.212787	0.072112	1.810304E+9
-3047.69	-2	10.597161	2.128887	-0.00424	0	-0.00496	-0.212787	0.072145	1.810305E+9
-2743.95	-1.8	10.597161	2.120989	-0.004859	0	-0.005137	-0.212787	0.072129	1.810306E+9
-2436.33	-1.6	10.597161	2.101642	-0.004674	0	-0.004448	-0.212787	0.072043	1.810307E+9
-2125.26	-1.4	10.597161	2.080041	-0.004895	0	-0.005062	-0.212787	0.072051	1.810308E+9
-1811.18	-1.2	10.597161	1.982807	-0.003961	0	-0.004381	-0.212787	0.07204	1.810309E+9
-1494.53	-1	10.597161	1.811199	-0.002874	0	-0.003316	-0.212787	0.072054	1.81031E+9
-1175.74	-0.8	10.347012	1.625306	-0.002852	0	-0.002626	-0.212787	0.072091	1.810311E+9
-855.25	-0.6	9.05413	1.426979	-0.002008	0	-0.001844	-0.212787	0.072132	1.810312E+9
-533.51	-0.4	7.804878	1.225079	-0.000793	0	-0.000997	-0.212787	0.072063	1.810313E+9
-210.93	-0.2	6.597023	1.025797	-0.001179	0	-0.000122	-0.212787	0.071998	1.810314E+9
112.03	0	5.437871	0.843384	0.000476	0	-0.000154	-0.212787	0.072036	1.810315E+9
434.94	0.2	4.296276	0.659742	0.001593	0	0.000298	-0.212787	0.072057	1.810316E+9
757.37	0.4	3.16587	0.479557	0.002381	0	0.00114	-0.212787	0.072044	1.810317E+9
1078.87	0.6	2.060405	0.3037	0.002547	0	0.00195	-0.212787	0.072002	1.810318E+9
1399.02	0.8	0.961497	0.117836	0.003071	0	0.002518	-0.212787	0.072112	1.810319E+9
1717.37	1	-0.132328	-0.055215	0.003802	0	0.00315	-0.212787	0.072001	1.81032E+9
2033.48	1.2	-1.226345	-0.238935	0.003726	0	0.003897	-0.212787	0.071963	1.810321E+9
2346.93	1.4	-2.322972	-0.417014	0.004549	0	0.0044	-0.212787	0.072144	1.810322E+9
2657.27	1.6	-3.421253	-0.595224	0.004728	0	0.005102	-0.212787	0.072054	1.810323E+9
2964.07	1.8	-4.526319	-0.773749	0.006023	0	0.006052	-0.212787	0.07198	1.810324E+9
3266.89	2	-5.621632	-0.948102	0.005889	0	0.006437	-0.212787	0.071877	1.810325E+9
3565.29	2.2	-6.531859	-1.093892	0.00702	0	0.006738	-0.212787	0.071938	1.810326E+9
3858.83	2.4	-7.188698	-1.206703	0.007584	0	0.008072	-0.212787	0.071916	1.810327E+9
4147.09	2.6	-7.719789	-1.300499	0.008091	0	0.008895	-0.212787	0.07186	1.810328E+9
4429.62	2.8	-8.186675	-1.385478	0.00854	0	0.00992	-0.212787	0.07185	1.810329E+9
4705.98	3	-8.586702	-1.44538	0.009427	0	0.009636	-0.212787	0.071882	1.81033E+9
4975.74	3.2	-8.927992	-1.494804	0.010117	0	0.010359	-0.212787	0.071898	1.810331E+9
5238.46	3.4	-9.185854	-1.523614	0.010683	0	0.011567	-0.212787	0.071912	1.810332E+9
5493.71	3.6	-9.338762	-1.523101	0.010788	0	0.01134	-0.212787	0.071951	1.810333E+9
5741.05	3.8	-9.414395	-1.519137	0.011642	0	0.01082	-0.212787	0.071902	1.810334E+9
5980.04	4	-9.441942	-1.509794	0.011625	0	0.011643	-0.212787	0.071872	1.810335E+9
6210.24	4.2	-9.456605	-1.507331	0.010715	0	0.011275	-0.212787	0.071971	1.810336E+9
6431.22	4.4	-9.458375	-1.50622	0.011571	0	0.011499	-0.212787	0.07189	1.810337E+9
6642.54	4.6	-9.462436	-1.495778	0.011204	0	0.011205	-0.212787	0.071944	1.810338E+9
6843.76	4.8	-9.459187	-1.499842	0.011087	0	0.012254	-0.212787	0.071824	1.810339E+9
7034.46	5	-9.45972	-1.502039	0.010878	0	0.010487	-0.212787	0.071915	1.81034E+9
7214.18	5.2	-9.459005	-1.508247	0.010896	0	0.011624	-0.212787	0.071837	1.810341E+9
7382.49	5.4	-9.460052	-1.508497	0.011161	0	0.011874	-0.212787	0.07182	1.810342E+9
7538.96	5.6	-9.455617	-1.511662	0.011113	0	0.011656	-0.212787	0.071775	1.810343E+9
7683.15	5.8	-9.459395	-1.499998	0.011428	0	0.011225	-0.212787	0.071919	1.810344E+9
7814.63	6	-9.457511	-1.503994	0.010754	0	0.011865	-0.212787	0.071952	1.810345E+9
7932.95	6.2	-9.454889	-1.501451	0.011199	0	0.011421	-0.212787	0.071899	1.810346E+9
8037.67	6.4	-9.451104	-1.502903	0.010813	0	0.011177	-0.212787	0.071841	1.810347E+9
8128.37	6.6	-9.453739	-1.508397	0.012265	0	0.011392	-0.212787	0.071844	1.810348E+9
8204.61	6.8	-9.454425	-1.51198	0.011369	0	0.011438	-0.212787	0.071984	1.810349E+9
8265.94	7	-9.457222	-1.507399	0.011646	0	0.011457	-0.212787	0.071926	1.81035E+9
