05/05/2022	17:55

Co88Tb12_20210531_CVMH1

Field	Kepco	Channel A	Channel B	Agilent	0	RF out	Monitor+	Monitor-	Time
8265.94	7	-6.745807	-1.492809	0.022495	0	0.022312	-0.212787	0.067499	1.750221E+9
8204.61	6.8	-6.744485	-1.492347	0.021591	0	0.022145	-0.212787	0.067482	1.750222E+9
8128.37	6.6	-6.745752	-1.49495	0.021903	0	0.022476	-0.212787	0.067464	1.750223E+9
8037.67	6.4	-6.743556	-1.49315	0.021605	0	0.021428	-0.212787	0.067767	1.750224E+9
7932.95	6.2	-6.744443	-1.489748	0.022261	0	0.022495	-0.212787	0.067444	1.750225E+9
7814.63	6	-6.744751	-1.493199	0.022003	0	0.021125	-0.212787	0.06786	1.750226E+9
7683.15	5.8	-6.738884	-1.493186	0.021724	0	0.021639	-0.212787	0.067248	1.750227E+9
7538.96	5.6	-6.738494	-1.492218	0.021649	0	0.021428	-0.212787	0.067257	1.750228E+9
7382.49	5.4	-6.741769	-1.491974	0.021844	0	0.022033	-0.212787	0.067935	1.750229E+9
7214.18	5.2	-6.735996	-1.4897	0.022152	0	0.02124	-0.212787	0.067806	1.75023E+9
7034.46	5	-6.736736	-1.490674	0.021016	0	0.021846	-0.212787	0.06751	1.750231E+9
6843.76	4.8	-6.733088	-1.488234	0.021455	0	0.021803	-0.212787	0.067272	1.750232E+9
6642.54	4.6	-6.732555	-1.492149	0.022075	0	0.021645	-0.212787	0.067476	1.750233E+9
6431.22	4.4	-6.730846	-1.488715	0.022295	0	0.02139	-0.212787	0.06784	1.750234E+9
6210.24	4.2	-6.726808	-1.48995	0.022049	0	0.021305	-0.212787	0.067357	1.750235E+9
5980.04	4	-6.722149	-1.487426	0.020905	0	0.021385	-0.212787	0.067714	1.750236E+9
5741.05	3.8	-6.717796	-1.489258	0.020772	0	0.021505	-0.212787	0.067196	1.750237E+9
5493.71	3.6	-6.709765	-1.485772	0.02078	0	0.022065	-0.212787	0.067649	1.750238E+9
5238.46	3.4	-6.696685	-1.483319	0.020806	0	0.020933	-0.212787	0.06739	1.750239E+9
4975.74	3.2	-6.669729	-1.478599	0.020163	0	0.020473	-0.212787	0.06745	1.75024E+9
4705.98	3	-6.609379	-1.462205	0.02059	0	0.019818	-0.212787	0.067558	1.750241E+9
4429.62	2.8	-6.469715	-1.432254	0.02006	0	0.020378	-0.212787	0.067141	1.750242E+9
4147.09	2.6	-6.203223	-1.375959	0.018923	0	0.019077	-0.212787	0.066984	1.750243E+9
3858.83	2.4	-5.843449	-1.296987	0.01851	0	0.019022	-0.212787	0.067125	1.750244E+9
3565.29	2.2	-5.447437	-1.211209	0.017935	0	0.018074	-0.212787	0.067072	1.750245E+9
3266.89	2	-5.041006	-1.11907	0.017126	0	0.01773	-0.212787	0.066957	1.750246E+9
2964.07	1.8	-4.619921	-1.030193	0.016357	0	0.016587	-0.212787	0.067417	1.750247E+9
2657.27	1.6	-4.208913	-0.939652	0.016214	0	0.016354	-0.212787	0.067239	1.750248E+9
2346.93	1.4	-3.797822	-0.854078	0.016362	0	0.014741	-0.212787	0.067002	1.750249E+9
2033.48	1.2	-3.394691	-0.763041	0.01452	0	0.014224	-0.212787	0.067154	1.75025E+9
1717.37	1	-2.993554	-0.672903	0.014139	0	0.013606	-0.212787	0.066916	1.750251E+9
1399.02	0.8	-2.594321	-0.587921	0.013817	0	0.013838	-0.212787	0.067481	1.750252E+9
1078.87	0.6	-2.201207	-0.502003	0.013293	0	0.013736	-0.212787	0.067257	1.750253E+9
757.37	0.4	-1.81213	-0.417138	0.012386	0	0.013417	-0.212787	0.066891	1.750254E+9
434.94	0.2	-1.425351	-0.32982	0.011688	0	0.012184	-0.212787	0.06725	1.750255E+9
112.03	0	-1.03735	-0.246105	0.011855	0	0.012184	-0.212787	0.066876	1.750256E+9
-210.93	-0.2	-0.655596	-0.16378	0.011883	0	0.011993	-0.212787	0.067113	1.750257E+9
-533.51	-0.4	-0.273602	-0.07975	0.01169	0	0.011661	-0.212787	0.067326	1.750258E+9
-855.25	-0.6	0.108037	0.004414	0.011369	0	0.010933	-0.212787	0.06742	1.750259E+9
-1175.74	-0.8	0.48828	0.08845	0.009934	0	0.010078	-0.212787	0.06696	1.75026E+9
-1494.53	-1	0.8666	0.172035	0.009447	0	0.00966	-0.212787	0.06698	1.750261E+9
-1811.18	-1.2	1.250741	0.257982	0.00982	0	0.009297	-0.212787	0.067436	1.750262E+9
-2125.26	-1.4	1.625241	0.344219	0.008878	0	0.009976	-0.212787	0.067112	1.750263E+9
-2436.33	-1.6	2.012599	0.42269	0.009548	0	0.008325	-0.212787	0.066905	1.750264E+9
-2743.95	-1.8	2.395552	0.507256	0.007836	0	0.008433	-0.212787	0.067228	1.750265E+9
-3047.69	-2	2.77806	0.592135	0.008128	0	0.00848	-0.212787	0.066948	1.750266E+9
-3347.11	-2.2	3.165877	0.675288	0.00766	0	0.007677	-0.212787	0.067334	1.750267E+9
-3641.77	-2.4	3.552041	0.758785	0.00759	0	0.007674	-0.212787	0.067191	1.750268E+9
-3931.24	-2.6	3.93901	0.844596	0.008009	0	0.006823	-0.212787	0.067518	1.750269E+9
-4215.08	-2.8	4.322735	0.931956	0.00567	0	0.0063	-0.212787	0.066968	1.75027E+9
-4492.85	-3	4.707687	1.01326	0.00615	0	0.006811	-0.212787	0.066932	1.750271E+9
-4764.12	-3.2	5.088999	1.097801	0.005742	0	0.006254	-0.212787	0.067295	1.750272E+9
-5028.44	-3.4	5.46557	1.177975	0.0059	0	0.006284	-0.212787	0.067001	1.750273E+9
-5285.39	-3.6	5.831113	1.257908	0.005558	0	0.005408	-0.212787	0.06766	1.750274E+9
-5534.53	-3.8	6.181357	1.335285	0.005366	0	0.005703	-0.212787	0.067018	1.750275E+9
-5775.41	-4	6.496498	1.403068	0.005448	0	0.004716	-0.212787	0.067693	1.750276E+9
-6007.6	-4.2	6.76237	1.460698	0.004191	0	0.005354	-0.212787	0.067434	1.750277E+9
-6230.67	-4.4	6.97065	1.503086	0.005476	0	0.005194	-0.212787	0.067567	1.750278E+9
-6444.17	-4.6	7.113528	1.534183	0.00504	0	0.00386	-0.212787	0.067329	1.750279E+9
-6647.68	-4.8	7.202586	1.555349	0.004315	0	0.00507	-0.212787	0.067354	1.75028E+9
-6840.75	-5	7.246682	1.564442	0.004354	0	0.00506	-0.212787	0.067664	1.750281E+9
-7022.95	-5.2	7.27317	1.572893	0.004793	0	0.005469	-0.212787	0.067207	1.750282E+9
-7193.84	-5.4	7.282247	1.574972	0.004682	0	0.005145	-0.212787	0.067342	1.750283E+9
-7352.98	-5.6	7.288973	1.571099	0.005944	0	0.004776	-0.212787	0.06761	1.750284E+9
-7499.94	-5.8	7.291978	1.574588	0.005738	0	0.005132	-0.212787	0.067772	1.750285E+9
-7634.28	-6	7.289369	1.575459	0.004968	0	0.005956	-0.212787	0.067761	1.750286E+9
-7755.56	-6.2	7.292845	1.574585	0.006809	0	0.005485	-0.212787	0.067606	1.750287E+9
-7863.34	-6.4	7.289827	1.576817	0.006263	0	0.005721	-0.212787	0.067443	1.750288E+9
-7957.2	-6.6	7.289401	1.57313	0.005912	0	0.006451	-0.212787	0.0672	1.750289E+9
-8036.69	-6.8	7.288177	1.573198	0.005798	0	0.006254	-0.212787	0.067003	1.75029E+9
-8101.38	-7	7.288063	1.575105	0.006125	0	0.006225	-0.212787	0.067015	1.750291E+9
-8036.69	-6.8	7.289548	1.576577	0.006629	0	0.005629	-0.212787	0.067282	1.750292E+9
-7957.2	-6.6	7.287423	1.576356	0.005804	0	0.005697	-0.212787	0.067627	1.750293E+9
-7863.34	-6.4	7.287189	1.575878	0.005737	0	0.006204	-0.212787	0.067096	1.750294E+9
-7755.56	-6.2	7.288537	1.575992	0.005842	0	0.006022	-0.212787	0.067129	1.750295E+9
-7634.28	-6	7.287452	1.571892	0.00649	0	0.006642	-0.212787	0.067236	1.750296E+9
-7499.94	-5.8	7.285253	1.573935	0.005923	0	0.005084	-0.212787	0.06747	1.750297E+9
-7352.98	-5.6	7.282163	1.574319	0.006047	0	0.00596	-0.212787	0.067349	1.750298E+9
-7193.84	-5.4	7.284255	1.571668	0.005469	0	0.005414	-0.212787	0.066965	1.750299E+9
-7022.95	-5.2	7.278424	1.573055	0.005105	0	0.006432	-0.212787	0.067018	1.7503E+9
-6840.75	-5	7.276075	1.572542	0.005883	0	0.005713	-0.212787	0.066851	1.750301E+9
-6647.68	-4.8	7.272563	1.5708	0.004631	0	0.005683	-0.212787	0.066838	1.750302E+9
-6444.17	-4.6	7.270909	1.572961	0.004957	0	0.005202	-0.212787	0.066828	1.750303E+9
-6230.67	-4.4	7.265646	1.573208	0.00503	0	0.005583	-0.212787	0.067045	1.750304E+9
-6007.6	-4.2	7.26086	1.569143	0.005208	0	0.004605	-0.212787	0.067406	1.750305E+9
-5775.41	-4	7.249587	1.567711	0.004336	0	0.004696	-0.212787	0.067455	1.750306E+9
-5534.53	-3.8	7.233866	1.567357	0.00442	0	0.003922	-0.212787	0.066678	1.750307E+9
-5285.39	-3.6	7.202011	1.557721	0.003628	0	0.004996	-0.212787	0.067298	1.750308E+9
-5028.44	-3.4	7.127524	1.536662	0.004942	0	0.004225	-0.212787	0.067144	1.750309E+9
-4764.12	-3.2	6.958941	1.504398	0.004357	0	0.004638	-0.212787	0.066795	1.75031E+9
-4492.85	-3	6.65792	1.438662	0.004184	0	0.00493	-0.212787	0.066748	1.750311E+9
-4215.08	-2.8	6.287545	1.357477	0.003971	0	0.004436	-0.212787	0.067174	1.750312E+9
-3931.24	-2.6	5.889309	1.270991	0.005655	0	0.00532	-0.212787	0.066621	1.750313E+9
-3641.77	-2.4	5.478913	1.182633	0.005059	0	0.005453	-0.212787	0.067057	1.750314E+9
-3347.11	-2.2	5.070152	1.092382	0.00568	0	0.00546	-0.212787	0.066618	1.750315E+9
-3047.69	-2	4.66413	1.003498	0.005253	0	0.006177	-0.212787	0.066527	1.750316E+9
-2743.95	-1.8	4.259487	0.914156	0.006592	0	0.006339	-0.212787	0.066978	1.750317E+9
-2436.33	-1.6	3.857673	0.829219	0.00663	0	0.006678	-0.212787	0.0669	1.750318E+9
-2125.26	-1.4	3.462571	0.740949	0.007965	0	0.007855	-0.212787	0.067059	1.750319E+9
-1811.18	-1.2	3.071645	0.654219	0.007286	0	0.007097	-0.212787	0.067038	1.75032E+9
-1494.53	-1	2.68016	0.56783	0.007885	0	0.00654	-0.212787	0.066941	1.750321E+9
-1175.74	-0.8	2.294426	0.484745	0.007764	0	0.008235	-0.212787	0.066667	1.750322E+9
-855.25	-0.6	1.914235	0.401157	0.008914	0	0.008831	-0.212787	0.066663	1.750323E+9
-533.51	-0.4	1.530067	0.316448	0.009657	0	0.008489	-0.212787	0.066403	1.750324E+9
-210.93	-0.2	1.154963	0.236121	0.00936	0	0.009378	-0.212787	0.066492	1.750325E+9
112.03	0	0.77475	0.153654	0.010175	0	0.010003	-0.212787	0.066264	1.750326E+9
434.94	0.2	0.400783	0.069195	0.010653	0	0.010578	-0.212787	0.066648	1.750327E+9
757.37	0.4	0.02441	-0.016051	0.012	0	0.011359	-0.212787	0.066238	1.750328E+9
1078.87	0.6	-0.355703	-0.098804	0.011973	0	0.010952	-0.212787	0.066239	1.750329E+9
1399.02	0.8	-0.733356	-0.182412	0.012455	0	0.011959	-0.212787	0.066241	1.75033E+9
1717.37	1	-1.112251	-0.264301	0.012599	0	0.012019	-0.212787	0.066153	1.750331E+9
2033.48	1.2	-1.490483	-0.347506	0.011576	0	0.01288	-0.212787	0.06663	1.750332E+9
2346.93	1.4	-1.870583	-0.42936	0.013298	0	0.013489	-0.212787	0.066141	1.750333E+9
2657.27	1.6	-2.251118	-0.51235	0.013961	0	0.013526	-0.212787	0.066421	1.750334E+9
2964.07	1.8	-2.634792	-0.596813	0.013494	0	0.015022	-0.212787	0.066144	1.750335E+9
3266.89	2	-3.014558	-0.681307	0.014405	0	0.01597	-0.212787	0.066498	1.750336E+9
3565.29	2.2	-3.396734	-0.763564	0.015959	0	0.016015	-0.212787	0.066733	1.750337E+9
3858.83	2.4	-3.781802	-0.848377	0.01698	0	0.016656	-0.212787	0.066255	1.750338E+9
4147.09	2.6	-4.163875	-0.929522	0.016597	0	0.016737	-0.212787	0.066417	1.750339E+9
4429.62	2.8	-4.540257	-1.015427	0.017266	0	0.017854	-0.212787	0.066831	1.75034E+9
4705.98	3	-4.91095	-1.093775	0.017686	0	0.018394	-0.212787	0.066253	1.750341E+9
4975.74	3.2	-5.27047	-1.172958	0.018809	0	0.019165	-0.212787	0.066328	1.750342E+9
5238.46	3.4	-5.611226	-1.248847	0.019636	0	0.019545	-0.212787	0.066652	1.750343E+9
5493.71	3.6	-5.914182	-1.31342	0.020071	0	0.020045	-0.212787	0.066262	1.750344E+9
5741.05	3.8	-6.163139	-1.368081	0.020753	0	0.021257	-0.212787	0.066713	1.750345E+9
5980.04	4	-6.348277	-1.406907	0.020943	0	0.02132	-0.212787	0.066916	1.750346E+9
6210.24	4.2	-6.473705	-1.434213	0.021068	0	0.021715	-0.212787	0.066686	1.750347E+9
6431.22	4.4	-6.546849	-1.451617	0.02132	0	0.021918	-0.212787	0.066449	1.750348E+9
6642.54	4.6	-6.590887	-1.461581	0.021732	0	0.021957	-0.212787	0.066523	1.750349E+9
6843.76	4.8	-6.609512	-1.465269	0.021636	0	0.022182	-0.212787	0.066715	1.75035E+9
7034.46	5	-6.616195	-1.464333	0.022402	0	0.021547	-0.212787	0.066226	1.750351E+9
7214.18	5.2	-6.623112	-1.470542	0.02218	0	0.02189	-0.212787	0.06626	1.750352E+9
7382.49	5.4	-6.625974	-1.471052	0.021599	0	0.02282	-0.212787	0.066445	1.750353E+9
7538.96	5.6	-6.626968	-1.471003	0.021606	0	0.023077	-0.212787	0.066744	1.750354E+9
7683.15	5.8	-6.628144	-1.473807	0.023012	0	0.023105	-0.212787	0.066652	1.750355E+9
7814.63	6	-6.625464	-1.47086	0.023133	0	0.021916	-0.212787	0.066897	1.750356E+9
7932.95	6.2	-6.626975	-1.469999	0.021735	0	0.022298	-0.212787	0.066916	1.750357E+9
8037.67	6.4	-6.628508	-1.469382	0.022083	0	0.023453	-0.212787	0.066914	1.750358E+9
8128.37	6.6	-6.626003	-1.467169	0.024348	0	0.023017	-0.212787	0.066622	1.750359E+9
8204.61	6.8	-6.623365	-1.467234	0.023014	0	0.023108	-0.212787	0.066761	1.75036E+9
8265.94	7	-6.6242	-1.471188	0.022921	0	0.023116	-0.212787	0.066862	1.750361E+9
