05/05/2022	14:30

Co88Tb12_20210514_CVMH2

Field	Kepco	Channel A	Channel B	Agilent	0	RF out	Monitor+	Monitor-	Time
8265.94	7	-0.06731	0.402284	0.004001	0	0.003735	-0.212787	0.019327	1.737935E+9
8204.61	6.8	-0.070364	0.407892	0.003991	0	0.003804	-0.212787	0.019243	1.737935E+9
8128.37	6.6	-0.073639	0.417232	0.003694	0	0.003548	-0.212787	0.019174	1.737936E+9
8037.67	6.4	-0.070059	0.421023	0.003593	0	0.003846	-0.212787	0.019282	1.737937E+9
7932.95	6.2	-0.048961	0.421108	0.00378	0	0.003633	-0.212787	0.019331	1.737938E+9
7814.63	6	-0.039803	0.432219	0.003418	0	0.00367	-0.212787	0.019322	1.737939E+9
7683.15	5.8	-0.046479	0.438573	0.003624	0	0.003495	-0.212787	0.019295	1.73794E+9
7538.96	5.6	-0.047483	0.443378	0.003202	0	0.003733	-0.212787	0.019502	1.737941E+9
7382.49	5.4	-0.029341	0.462225	0.004369	0	0.003425	-0.212787	0.01932	1.737942E+9
7214.18	5.2	-0.055231	0.462764	0.003554	0	0.003412	-0.212787	0.019295	1.737943E+9
7034.46	5	-0.052132	0.446	0.003954	0	0.003707	-0.212787	0.019384	1.737944E+9
6843.76	4.8	-0.031089	0.469541	0.003968	0	0.003733	-0.212787	0.019359	1.737945E+9
6642.54	4.6	-0.050293	0.462533	0.00338	0	0.003452	-0.212787	0.019222	1.737946E+9
6431.22	4.4	-0.045751	0.486555	0.003431	0	0.003817	-0.212787	0.019256	1.737947E+9
6210.24	4.2	-0.034351	0.461393	0.003496	0	0.003671	-0.212787	0.019387	1.737948E+9
5980.04	4	-0.04951	0.448313	0.003702	0	0.003601	-0.212787	0.019272	1.737949E+9
5741.05	3.8	-0.056495	0.447079	0.00324	0	0.003364	-0.212787	0.019247	1.73795E+9
5493.71	3.6	-0.07168	0.441387	0.003626	0	0.003481	-0.212787	0.019352	1.737951E+9
5238.46	3.4	-0.041671	0.433047	0.003655	0	0.003389	-0.212787	0.019416	1.737952E+9
4975.74	3.2	-0.04847	0.452677	0.003555	0	0.003558	-0.212787	0.019213	1.737953E+9
4705.98	3	-0.067593	0.456945	0.002986	0	0.003477	-0.212787	0.019245	1.737954E+9
4429.62	2.8	-0.053971	0.446887	0.00333	0	0.003644	-0.212787	0.019446	1.737955E+9
4147.09	2.6	-0.05618	0.45678	0.003668	0	0.003398	-0.212787	0.019348	1.737956E+9
3858.83	2.4	-0.040475	0.462004	0.002886	0	0.003465	-0.212787	0.019265	1.737957E+9
3565.29	2.2	-0.032876	0.427547	0.00324	0	0.003689	-0.212787	0.019244	1.737958E+9
3266.89	2	-0.046235	0.455428	0.003291	0	0.003738	-0.212787	0.019415	1.737959E+9
2964.07	1.8	-0.034725	0.446241	0.004031	0	0.003378	-0.212787	0.01933	1.73796E+9
2657.27	1.6	-0.046258	0.442206	0.003211	0	0.003561	-0.212787	0.019223	1.737961E+9
2346.93	1.4	-0.021184	0.440162	0.003906	0	0.003398	-0.212787	0.019239	1.737962E+9
2033.48	1.2	-0.015609	0.468573	0.004201	0	0.003512	-0.212787	0.019167	1.737963E+9
1717.37	1	-0.011704	0.46945	0.004088	0	0.003339	-0.212787	0.019245	1.737964E+9
1399.02	0.8	0.011243	0.473917	0.003441	0	0.003542	-0.212787	0.019283	1.737965E+9
1078.87	0.6	0.006324	0.460087	0.004087	0	0.003735	-0.212787	0.01913	1.737966E+9
757.37	0.4	0.010118	0.470951	0.003906	0	0.003508	-0.212787	0.019278	1.737967E+9
434.94	0.2	0.012399	0.482185	0.003455	0	0.003529	-0.212787	0.019191	1.737968E+9
112.03	0	0.041785	0.485009	0.003675	0	0.003499	-0.212787	0.019042	1.737969E+9
-210.93	-0.2	0.025427	0.507984	0.003646	0	0.003639	-0.212787	0.019124	1.73797E+9
-533.51	-0.4	0.043812	0.507133	0.003567	0	0.00355	-0.212787	0.019163	1.737971E+9
-855.25	-0.6	0.043386	0.507851	0.003661	0	0.003505	-0.212787	0.019054	1.737972E+9
-1175.74	-0.8	0.05117	0.520304	0.003652	0	0.003694	-0.212787	0.019056	1.737973E+9
-1494.53	-1	0.042597	0.52107	0.004079	0	0.003797	-0.212787	0.019083	1.737974E+9
-1811.18	-1.2	0.04313	0.516948	0.003908	0	0.003754	-0.212787	0.019116	1.737975E+9
-2125.26	-1.4	0.041255	0.515505	0.003589	0	0.003381	-0.212787	0.019119	1.737976E+9
-2436.33	-1.6	0.060572	0.535875	0.004072	0	0.003805	-0.212787	0.019084	1.737977E+9
-2743.95	-1.8	0.05272	0.55849	0.00433	0	0.003876	-0.212787	0.019188	1.737978E+9
-3047.69	-2	0.060605	0.563019	0.004364	0	0.0035	-0.212787	0.01921	1.737979E+9
-3347.11	-2.2	0.075042	0.55438	0.00422	0	0.003479	-0.212787	0.018969	1.73798E+9
-3641.77	-2.4	0.080377	0.57461	0.004107	0	0.00414	-0.212787	0.019123	1.737981E+9
-3931.24	-2.6	0.077976	0.583035	0.004038	0	0.003807	-0.212787	0.019061	1.737982E+9
-4215.08	-2.8	0.09269	0.583411	0.003202	0	0.003593	-0.212787	0.01925	1.737983E+9
-4492.85	-3	0.107579	0.600864	0.002968	0	0.00361	-0.212787	0.018981	1.737984E+9
-4764.12	-3.2	0.108054	0.599772	0.003147	0	0.003897	-0.212787	0.019028	1.737985E+9
-5028.44	-3.4	0.130386	0.610178	0.003479	0	0.003656	-0.212787	0.019072	1.737986E+9
-5285.39	-3.6	0.130512	0.598869	0.003497	0	0.00362	-0.212787	0.018868	1.737987E+9
-5534.53	-3.8	0.145155	0.617173	0.003504	0	0.003899	-0.212787	0.018914	1.737988E+9
-5775.41	-4	0.157361	0.609308	0.003865	0	0.003877	-0.212787	0.019009	1.737989E+9
-6007.6	-4.2	0.157377	0.638024	0.00382	0	0.003813	-0.212787	0.018988	1.73799E+9
-6230.67	-4.4	0.162627	0.633186	0.003837	0	0.003623	-0.212787	0.018936	1.737991E+9
-6444.17	-4.6	0.147075	0.632283	0.003742	0	0.003953	-0.212787	0.019009	1.737992E+9
-6647.68	-4.8	0.17033	0.642692	0.003372	0	0.003988	-0.212787	0.018972	1.737993E+9
-6840.75	-5	0.190921	0.644733	0.003529	0	0.003824	-0.212787	0.018982	1.737994E+9
-7022.95	-5.2	0.166922	0.645727	0.003392	0	0.003981	-0.212787	0.018867	1.737995E+9
-7193.84	-5.4	0.186519	0.654479	0.003459	0	0.003813	-0.212787	0.018747	1.737996E+9
-7352.98	-5.6	0.196158	0.663849	0.003688	0	0.003963	-0.212787	0.018871	1.737997E+9
-7499.94	-5.8	0.196681	0.677302	0.004015	0	0.00373	-0.212787	0.018855	1.737998E+9
-7634.28	-6	0.204569	0.675528	0.003197	0	0.003813	-0.212787	0.018627	1.737999E+9
-7755.56	-6.2	0.20504	0.678611	0.003658	0	0.004007	-0.212787	0.018768	1.738E+9
-7863.34	-6.4	0.212301	0.673017	0.004376	0	0.004068	-0.212787	0.018859	1.738001E+9
-7957.2	-6.6	0.205378	0.682266	0.00442	0	0.00358	-0.212787	0.018708	1.738002E+9
-8036.69	-6.8	0.231726	0.691951	0.003905	0	0.003928	-0.212787	0.01866	1.738003E+9
-8101.38	-7	0.223607	0.723016	0.004126	0	0.003991	-0.212787	0.018732	1.738004E+9
-8036.69	-6.8	0.229546	0.71339	0.004006	0	0.003807	-0.212787	0.018949	1.738005E+9
-7957.2	-6.6	0.231719	0.705388	0.003955	0	0.003738	-0.212787	0.018754	1.738006E+9
-7863.34	-6.4	0.24168	0.694517	0.004609	0	0.003916	-0.212787	0.018715	1.738007E+9
-7755.56	-6.2	0.243775	0.718971	0.003992	0	0.003941	-0.212787	0.018839	1.738008E+9
-7634.28	-6	0.237024	0.725985	0.003984	0	0.003655	-0.212787	0.018777	1.738009E+9
-7499.94	-5.8	0.233737	0.704969	0.003767	0	0.003904	-0.212787	0.018533	1.73801E+9
-7352.98	-5.6	0.235091	0.713724	0.004018	0	0.003997	-0.212787	0.018697	1.738011E+9
-7193.84	-5.4	0.240738	0.735169	0.003832	0	0.003932	-0.212787	0.018839	1.738012E+9
-7022.95	-5.2	0.221242	0.720014	0.004434	0	0.003679	-0.212787	0.018621	1.738013E+9
-6840.75	-5	0.222047	0.717298	0.004199	0	0.003916	-0.212787	0.018728	1.738014E+9
-6647.68	-4.8	0.229884	0.711801	0.004577	0	0.003942	-0.212787	0.018804	1.738015E+9
-6444.17	-4.6	0.211177	0.697941	0.004386	0	0.003806	-0.212787	0.018766	1.738016E+9
-6230.67	-4.4	0.213805	0.67621	0.004022	0	0.003678	-0.212787	0.01866	1.738017E+9
-6007.6	-4.2	0.173942	0.698487	0.003846	0	0.003824	-0.212787	0.018577	1.738018E+9
-5775.41	-4	0.201817	0.695528	0.004708	0	0.003891	-0.212787	0.018761	1.738019E+9
-5534.53	-3.8	0.191925	0.65996	0.003674	0	0.003762	-0.212787	0.018632	1.73802E+9
-5285.39	-3.6	0.19045	0.657803	0.004376	0	0.003739	-0.212787	0.018715	1.738021E+9
-5028.44	-3.4	0.193468	0.663572	0.003499	0	0.003882	-0.212787	0.018575	1.738022E+9
-4764.12	-3.2	0.173536	0.64906	0.003506	0	0.003963	-0.212787	0.018573	1.738023E+9
-4492.85	-3	0.152211	0.636575	0.00326	0	0.003774	-0.212787	0.018663	1.738024E+9
-4215.08	-2.8	0.141783	0.633547	0.003828	0	0.003686	-0.212787	0.018648	1.738025E+9
-3931.24	-2.6	0.151834	0.631351	0.00361	0	0.003909	-0.212787	0.018617	1.738026E+9
-3641.77	-2.4	0.140171	0.611972	0.003852	0	0.003929	-0.212787	0.018688	1.738027E+9
-3347.11	-2.2	0.143245	0.612118	0.003956	0	0.003742	-0.212787	0.018544	1.738028E+9
-3047.69	-2	0.132309	0.604893	0.00363	0	0.00383	-0.212787	0.01847	1.738029E+9
-2743.95	-1.8	0.129307	0.622465	0.003933	0	0.004035	-0.212787	0.018689	1.73803E+9
-2436.33	-1.6	0.129743	0.588447	0.003906	0	0.003844	-0.212787	0.018641	1.738031E+9
-2125.26	-1.4	0.105922	0.575416	0.003739	0	0.003863	-0.212787	0.018642	1.738032E+9
-1811.18	-1.2	0.088603	0.573194	0.003832	0	0.004155	-0.212787	0.018726	1.738033E+9
-1494.53	-1	0.092112	0.577963	0.003754	0	0.004188	-0.212787	0.01868	1.738034E+9
-1175.74	-0.8	0.118479	0.55118	0.0038	0	0.004036	-0.212787	0.018626	1.738035E+9
-855.25	-0.6	0.109421	0.559481	0.003289	0	0.003926	-0.212787	0.018449	1.738036E+9
-533.51	-0.4	0.085825	0.534563	0.003692	0	0.003969	-0.212787	0.018608	1.738037E+9
-210.93	-0.2	0.084584	0.542987	0.00337	0	0.00428	-0.212787	0.018558	1.738038E+9
112.03	0	0.077031	0.529868	0.003648	0	0.00361	-0.212787	0.018585	1.738039E+9
434.94	0.2	0.08409	0.532714	0.004281	0	0.004024	-0.212787	0.018452	1.73804E+9
757.37	0.4	0.090247	0.535378	0.003976	0	0.003979	-0.212787	0.018486	1.738041E+9
1078.87	0.6	0.074412	0.521022	0.004245	0	0.003922	-0.212787	0.018605	1.738042E+9
1399.02	0.8	0.084724	0.510434	0.003685	0	0.003825	-0.212787	0.018449	1.738043E+9
1717.37	1	0.078922	0.50377	0.00414	0	0.003947	-0.212787	0.018393	1.738044E+9
2033.48	1.2	0.07449	0.519423	0.004535	0	0.003968	-0.212787	0.018644	1.738045E+9
2346.93	1.4	0.071534	0.507588	0.004088	0	0.004009	-0.212787	0.018547	1.738046E+9
2657.27	1.6	0.075796	0.497133	0.003946	0	0.004188	-0.212787	0.018471	1.738047E+9
2964.07	1.8	0.074061	0.480103	0.003943	0	0.004303	-0.212787	0.018483	1.738048E+9
3266.89	2	0.077427	0.473914	0.004076	0	0.004125	-0.212787	0.018444	1.738049E+9
3565.29	2.2	0.086114	0.477325	0.004306	0	0.003941	-0.212787	0.018396	1.73805E+9
3858.83	2.4	0.075669	0.468281	0.004021	0	0.003866	-0.212787	0.01826	1.738051E+9
4147.09	2.6	0.084506	0.448281	0.004267	0	0.004424	-0.212787	0.018222	1.738052E+9
4429.62	2.8	0.058535	0.462176	0.004038	0	0.004209	-0.212787	0.018409	1.738053E+9
4705.98	3	0.064169	0.468755	0.004399	0	0.003975	-0.212787	0.018364	1.738054E+9
4975.74	3.2	0.067353	0.453726	0.004238	0	0.004298	-0.212787	0.018182	1.738055E+9
5238.46	3.4	0.074337	0.444964	0.004187	0	0.004131	-0.212787	0.018378	1.738056E+9
5493.71	3.6	0.058405	0.447852	0.004644	0	0.004244	-0.212787	0.018391	1.738057E+9
5741.05	3.8	0.071459	0.433967	0.004335	0	0.004003	-0.212787	0.018246	1.738058E+9
5980.04	4	0.066615	0.459648	0.004175	0	0.004301	-0.212787	0.018264	1.738059E+9
6210.24	4.2	0.077505	0.466032	0.004211	0	0.004392	-0.212787	0.018239	1.73806E+9
6431.22	4.4	0.072203	0.451101	0.00503	0	0.004158	-0.212787	0.01839	1.738061E+9
6642.54	4.6	0.059231	0.449941	0.004827	0	0.00406	-0.212787	0.018275	1.738062E+9
6843.76	4.8	0.065189	0.44599	0.004386	0	0.004276	-0.212787	0.018117	1.738063E+9
7034.46	5	0.086855	0.423369	0.004623	0	0.004345	-0.212787	0.01831	1.738064E+9
7214.18	5.2	0.077141	0.465061	0.00476	0	0.004335	-0.212787	0.01813	1.738065E+9
7382.49	5.4	0.070478	0.448482	0.00481	0	0.004266	-0.212787	0.018189	1.738066E+9
7538.96	5.6	0.071271	0.452836	0.004742	0	0.004169	-0.212787	0.018148	1.738067E+9
7683.15	5.8	0.076751	0.438973	0.004758	0	0.00436	-0.212787	0.018415	1.738068E+9
7814.63	6	0.053097	0.443807	0.005217	0	0.004191	-0.212787	0.018534	1.738069E+9
7932.95	6.2	0.057814	0.429041	0.004774	0	0.004262	-0.212787	0.01814	1.73807E+9
8037.67	6.4	0.077135	0.434074	0.004048	0	0.004587	-0.212787	0.018133	1.738071E+9
8128.37	6.6	0.068194	0.423389	0.00403	0	0.004433	-0.212787	0.018094	1.738072E+9
8204.61	6.8	0.066319	0.421624	0.004188	0	0.004337	-0.212787	0.018001	1.738073E+9
8265.94	7	0.080098	0.419376	0.003657	0	0.0045	-0.212787	0.018049	1.738074E+9
