19/05/2022	16:57

Si\Pt3\(Co88Tb12)75\Pt3-20220518_APEJ8

Field	Kepco	Channel A	Channel B	Agilent	0	RF out	Monitor+	Monitor-	Time
8265.94	7	3.147524	0.288745	-0.000239	0	-0.002739	-0.212787	0.038289	2.956344E+9
8204.61	6.8	3.154626	0.238288	-0.001373	0	-0.002915	-0.212787	0.03822	2.956345E+9
8128.37	6.6	3.111586	0.289129	-0.001792	0	-0.001787	-0.212787	0.038262	2.956346E+9
8037.67	6.4	3.090683	0.262937	-0.002105	0	-0.001361	-0.212787	0.038279	2.956347E+9
7932.95	6.2	3.063354	0.285545	-0.001441	0	-0.003488	-0.212787	0.038285	2.956348E+9
7814.63	6	3.097879	0.298384	-0.002164	0	-0.002306	-0.212787	0.038292	2.956349E+9
7683.15	5.8	3.042874	0.304502	-0.001526	0	-0.003033	-0.212787	0.038307	2.95635E+9
7538.96	5.6	3.018485	0.272901	-0.001465	0	-0.002032	-0.212787	0.038306	2.956351E+9
7382.49	5.4	2.998544	0.319992	-0.002196	0	-0.002173	-0.212787	0.0383	2.956352E+9
7214.18	5.2	3.00651	0.305636	-0.000562	0	-0.001964	-0.212787	0.038258	2.956353E+9
7034.46	5	2.929636	0.290431	-0.0019	0	-0.00264	-0.212787	0.038238	2.956354E+9
6843.76	4.8	2.897022	0.265572	-0.003702	0	0.00022	-0.212787	0.038249	2.956355E+9
6642.54	4.6	2.914321	0.277323	-0.00122	0	-0.001956	-0.212787	0.038267	2.956356E+9
6431.22	4.4	2.869875	0.295175	-0.000927	0	-0.004044	-0.212787	0.038247	2.956357E+9
6210.24	4.2	2.874725	0.308004	-0.002646	0	-0.003142	-0.212787	0.038262	2.956358E+9
5980.04	4	2.859111	0.278395	-0.003195	0	-0.000494	-0.212787	0.03825	2.956359E+9
5741.05	3.8	2.83624	0.295194	-0.002699	0	-0.002889	-0.212787	0.03821	2.95636E+9
5493.71	3.6	2.86685	0.285087	-0.002108	0	-0.003037	-0.212787	0.038241	2.956361E+9
5238.46	3.4	2.857139	0.295392	-0.000661	0	-0.000186	-0.212787	0.038259	2.956362E+9
4975.74	3.2	2.847006	0.307579	-0.00064	0	-0.002897	-0.212787	0.038246	2.956363E+9
4705.98	3	2.845011	0.294314	-0.002838	0	-0.001998	-0.212787	0.038239	2.956364E+9
4429.62	2.8	2.850089	0.273375	-0.000976	0	-0.001564	-0.212787	0.038273	2.956365E+9
4147.09	2.6	2.821295	0.318023	0.001169	0	-0.001294	-0.212787	0.038279	2.956366E+9
3858.83	2.4	2.785198	0.306269	-0.002937	0	-0.002038	-0.212787	0.038242	2.956367E+9
3565.29	2.2	2.745429	0.296835	-0.002253	0	-0.00068	-0.212787	0.038299	2.956368E+9
3266.89	2	2.730371	0.302264	-0.000605	0	-0.001118	-0.212787	0.038278	2.956369E+9
2964.07	1.8	2.677763	0.294255	-0.001034	0	-0.003054	-0.212787	0.03824	2.95637E+9
2657.27	1.6	2.653146	0.297234	-0.001521	0	-0.000332	-0.212787	0.038195	2.956371E+9
2346.93	1.4	2.588622	0.321756	-0.001569	0	0.00016	-0.212787	0.038195	2.956372E+9
2033.48	1.2	2.539354	0.309684	-0.001558	0	-0.002691	-0.212787	0.038199	2.956373E+9
1717.37	1	2.533428	0.320947	-0.002352	0	-0.002317	-0.212787	0.038272	2.956374E+9
1399.02	0.8	2.503961	0.31111	-0.001239	0	0.000703	-0.212787	0.038243	2.956375E+9
1078.87	0.6	2.446269	0.307887	-0.000132	0	-0.001731	-0.212787	0.038257	2.956376E+9
757.37	0.4	2.395025	0.303904	-0.001915	0	-0.001348	-0.212787	0.038246	2.956377E+9
434.94	0.2	2.351807	0.302663	-0.003011	0	-0.003609	-0.212787	0.038256	2.956378E+9
112.03	0	2.280369	0.318319	-0.001267	0	-0.002413	-0.212787	0.038252	2.956379E+9
-210.93	-0.2	2.236935	0.324813	-0.000984	0	-0.001855	-0.212787	0.038265	2.95638E+9
-533.51	-0.4	2.160156	0.314391	-0.002028	0	-0.003549	-0.212787	0.038237	2.956381E+9
-855.25	-0.6	2.158535	0.338088	-0.003627	0	-0.001205	-0.212787	0.038184	2.956382E+9
-1175.74	-0.8	2.124004	0.33493	-0.003037	0	-0.004575	-0.212787	0.03822	2.956383E+9
-1494.53	-1	2.05879	0.312692	-0.003269	0	-0.003646	-0.212787	0.038271	2.956384E+9
-1811.18	-1.2	2.037826	0.322374	-0.004814	0	-0.003079	-0.212787	0.038167	2.956385E+9
-2125.26	-1.4	2.013281	0.329921	-0.001539	0	-0.002428	-0.212787	0.038305	2.956386E+9
-2436.33	-1.6	1.97219	0.311409	-0.00114	0	-0.002403	-0.212787	0.038285	2.956387E+9
-2743.95	-1.8	1.952785	0.329846	-0.001052	0	-0.003225	-0.212787	0.038285	2.956388E+9
-3047.69	-2	1.93862	0.301204	-0.002117	0	-0.00081	-0.212787	0.038251	2.956389E+9
-3347.11	-2.2	1.892266	0.369549	-0.001735	0	-0.003102	-0.212787	0.038267	2.95639E+9
-3641.77	-2.4	1.875135	0.331594	-0.000306	0	-0.002715	-0.212787	0.038284	2.956391E+9
-3931.24	-2.6	1.815367	0.337227	-0.001485	0	-0.001681	-0.212787	0.038272	2.956392E+9
-4215.08	-2.8	1.774939	0.323605	-0.001846	0	-0.001582	-0.212787	0.038289	2.956393E+9
-4492.85	-3	1.765764	0.329368	-0.002788	0	-0.002889	-0.212787	0.038251	2.956394E+9
-4764.12	-3.2	1.732211	0.301445	-0.003961	0	-0.003279	-0.212787	0.038234	2.956395E+9
-5028.44	-3.4	1.739472	0.360979	-0.001351	0	-0.002401	-0.212787	0.038266	2.956396E+9
-5285.39	-3.6	1.667053	0.334287	-0.002966	0	-0.002668	-0.212787	0.03826	2.956397E+9
-5534.53	-3.8	1.620062	0.326951	-0.00171	0	-0.001381	-0.212787	0.038305	2.956398E+9
-5775.41	-4	1.537331	0.349628	-0.001824	0	-0.000828	-0.212787	0.038263	2.956399E+9
-6007.6	-4.2	1.53776	0.373029	-0.002984	0	-0.004489	-0.212787	0.03825	2.9564E+9
-6230.67	-4.4	1.474158	0.344297	-0.003305	0	-0.002524	-0.212787	0.038289	2.956401E+9
-6444.17	-4.6	1.472969	0.325275	-0.002373	0	-0.003527	-0.212787	0.038324	2.956402E+9
-6647.68	-4.8	1.427782	0.341048	-0.002861	0	-0.001204	-0.212787	0.038251	2.956403E+9
-6840.75	-5	1.396684	0.355664	-0.002267	0	-0.00408	-0.212787	0.038287	2.956404E+9
-7022.95	-5.2	1.389355	0.334056	-0.0012	0	-0.004029	-0.212787	0.038294	2.956405E+9
-7193.84	-5.4	1.345691	0.368919	-0.003373	0	-0.004566	-0.212787	0.038279	2.956406E+9
-7352.98	-5.6	1.309626	0.365456	-0.003684	0	-0.002143	-0.212787	0.038264	2.956407E+9
-7499.94	-5.8	1.269731	0.358949	-0.003479	0	-0.002248	-0.212787	0.038167	2.956408E+9
-7634.28	-6	1.273223	0.334976	-0.002822	0	-0.003478	-0.212787	0.038255	2.956409E+9
-7755.56	-6.2	1.236213	0.345869	-0.00293	0	-0.003218	-0.212787	0.038197	2.95641E+9
-7863.34	-6.4	1.220164	0.356756	-0.004609	0	-0.0033	-0.212787	0.038224	2.956411E+9
-7957.2	-6.6	1.220238	0.358984	-0.002398	0	-0.003307	-0.212787	0.038201	2.956412E+9
-8036.69	-6.8	1.211827	0.358049	-0.003725	0	-0.004255	-0.212787	0.038251	2.956413E+9
-8101.38	-7	1.202614	0.357233	-0.003581	0	-0.002626	-0.212787	0.038208	2.956414E+9
-8036.69	-6.8	1.231463	0.360092	-0.002851	0	-0.00287	-0.212787	0.038266	2.956415E+9
-7957.2	-6.6	1.223679	0.328761	-0.004187	0	-0.001917	-0.212787	0.038279	2.956416E+9
-7863.34	-6.4	1.212912	0.34327	-0.003812	0	-0.002187	-0.212787	0.038302	2.956417E+9
-7755.56	-6.2	1.233812	0.351018	-0.002346	0	-0.003986	-0.212787	0.038297	2.956418E+9
-7634.28	-6	1.264143	0.340206	-0.003366	0	-0.002887	-0.212787	0.038287	2.956419E+9
-7499.94	-5.8	1.266758	0.384312	-0.00408	0	-0.00225	-0.212787	0.038272	2.95642E+9
-7352.98	-5.6	1.286738	0.313868	-0.002213	0	-0.00229	-0.212787	0.038314	2.956421E+9
-7193.84	-5.4	1.334437	0.370635	-0.003505	0	-0.004362	-0.212787	0.038253	2.956422E+9
-7022.95	-5.2	1.371174	0.348546	-0.002885	0	-0.002931	-0.212787	0.038289	2.956423E+9
-6840.75	-5	1.376269	0.335434	-0.001695	0	-0.002329	-0.212787	0.038256	2.956424E+9
-6647.68	-4.8	1.424754	0.340632	-0.002847	0	-0.002014	-0.212787	0.03822	2.956425E+9
-6444.17	-4.6	1.428084	0.315951	-0.003411	0	-0.002613	-0.212787	0.038241	2.956426E+9
-6230.67	-4.4	1.458863	0.360745	-0.003456	0	-0.001821	-0.212787	0.038267	2.956427E+9
-6007.6	-4.2	1.489272	0.331233	-0.001733	0	-0.003537	-0.212787	0.038199	2.956428E+9
-5775.41	-4	1.508846	0.364358	-0.002415	0	-0.003273	-0.212787	0.038305	2.956429E+9
-5534.53	-3.8	1.530879	0.325778	-0.00174	0	-0.002887	-0.212787	0.038339	2.95643E+9
-5285.39	-3.6	1.549852	0.354888	-0.001414	0	-0.001136	-0.212787	0.038337	2.956431E+9
-5028.44	-3.4	1.555882	0.346444	-0.002873	0	-0.004191	-0.212787	0.038309	2.956432E+9
-4764.12	-3.2	1.607967	0.349524	-0.002251	0	-0.00282	-0.212787	0.038303	2.956433E+9
-4492.85	-3	1.686299	0.361369	-0.001727	0	-0.004554	-0.212787	0.03835	2.956434E+9
-4215.08	-2.8	1.715164	0.329765	-0.002858	0	-0.004353	-0.212787	0.038281	2.956435E+9
-3931.24	-2.6	1.747201	0.314011	-0.002819	0	-0.002701	-0.212787	0.038288	2.956436E+9
-3641.77	-2.4	1.821874	0.297913	-0.001207	0	-0.002961	-0.212787	0.038277	2.956437E+9
-3347.11	-2.2	1.798152	0.319053	-0.004868	0	-0.004902	-0.212787	0.038239	2.956438E+9
-3047.69	-2	1.872491	0.331516	-0.001893	0	-0.003464	-0.212787	0.038272	2.956439E+9
-2743.95	-1.8	1.931606	0.329739	-0.003624	0	-0.00354	-0.212787	0.038329	2.95644E+9
-2436.33	-1.6	1.905596	0.329372	-0.00454	0	-0.004281	-0.212787	0.038286	2.956441E+9
-2125.26	-1.4	1.980049	0.30547	-0.004036	0	-0.003421	-0.212787	0.038251	2.956442E+9
-1811.18	-1.2	2.015906	0.342825	-0.004022	0	-0.002386	-0.212787	0.038273	2.956443E+9
-1494.53	-1	2.088754	0.29919	-0.004283	0	-0.003589	-0.212787	0.038223	2.956444E+9
-1175.74	-0.8	2.127425	0.347386	-0.003118	0	-0.002475	-0.212787	0.038299	2.956445E+9
-855.25	-0.6	2.160384	0.322302	-0.002566	0	-0.002832	-0.212787	0.038318	2.956446E+9
-533.51	-0.4	2.190507	0.334726	-0.002655	0	-0.003962	-0.212787	0.038333	2.956447E+9
-210.93	-0.2	2.242117	0.317267	-0.004161	0	-0.003486	-0.212787	0.038273	2.956448E+9
112.03	0	2.290424	0.32136	-0.001776	0	-0.001394	-0.212787	0.038343	2.956449E+9
434.94	0.2	2.342271	0.306932	-0.000881	0	-0.00255	-0.212787	0.038338	2.95645E+9
757.37	0.4	2.409492	0.315363	-0.004014	0	-0.002924	-0.212787	0.038306	2.956451E+9
1078.87	0.6	2.425067	0.315636	-0.003906	0	-0.001607	-0.212787	0.038298	2.956452E+9
1399.02	0.8	2.500797	0.303904	-0.001747	0	-0.00314	-0.212787	0.038292	2.956453E+9
1717.37	1	2.578547	0.298602	-0.003294	0	-0.00403	-0.212787	0.03825	2.956454E+9
2033.48	1.2	2.615616	0.343637	-0.00349	0	-0.001997	-0.212787	0.03829	2.956455E+9
2346.93	1.4	2.646548	0.309908	-0.001787	0	-0.002443	-0.212787	0.038306	2.956456E+9
2657.27	1.6	2.688217	0.335268	-0.003439	0	-0.003578	-0.212787	0.038288	2.956457E+9
2964.07	1.8	2.72795	0.333143	-0.003464	0	-0.001896	-0.212787	0.038262	2.956458E+9
3266.89	2	2.785428	0.315999	-0.002657	0	-0.002932	-0.212787	0.038233	2.956459E+9
3565.29	2.2	2.813784	0.312939	-0.003865	0	-0.004046	-0.212787	0.0382	2.95646E+9
3858.83	2.4	2.901183	0.315145	-0.004048	0	-0.00116	-0.212787	0.038293	2.956461E+9
4147.09	2.6	2.924282	0.302592	-0.004068	0	-0.00301	-0.212787	0.038265	2.956462E+9
4429.62	2.8	2.997176	0.284116	-0.002377	0	-0.003517	-0.212787	0.038249	2.956463E+9
4705.98	3	3.018586	0.311311	-0.004626	0	-0.002393	-0.212787	0.038279	2.956464E+9
4975.74	3.2	3.058582	0.315626	-0.004159	0	-0.002806	-0.212787	0.038273	2.956465E+9
5238.46	3.4	3.110101	0.314749	-0.002045	0	-0.004082	-0.212787	0.038274	2.956466E+9
5493.71	3.6	3.130822	0.286354	-0.005559	0	-0.003729	-0.212787	0.038282	2.956467E+9
5741.05	3.8	3.181747	0.303423	-0.003429	0	-0.003037	-0.212787	0.038311	2.956468E+9
5980.04	4	3.246759	0.294707	-0.004423	0	-0.003474	-0.212787	0.038263	2.956469E+9
6210.24	4.2	3.27287	0.330535	-0.003844	0	-0.004431	-0.212787	0.03827	2.95647E+9
6431.22	4.4	3.27289	0.295119	-0.00369	0	-0.003265	-0.212787	0.038248	2.956471E+9
6642.54	4.6	3.316011	0.278278	-0.003533	0	-0.003178	-0.212787	0.038258	2.956472E+9
6843.76	4.8	3.355065	0.286832	-0.005579	0	-0.003122	-0.212787	0.038278	2.956473E+9
7034.46	5	3.372576	0.276731	-0.003911	0	-0.001168	-0.212787	0.038248	2.956474E+9
7214.18	5.2	3.462484	0.324346	-0.002435	0	-0.003102	-0.212787	0.038276	2.956475E+9
7382.49	5.4	3.484592	0.281107	-0.004434	0	-0.004354	-0.212787	0.038187	2.956476E+9
7538.96	5.6	3.525423	0.274217	-0.004755	0	-0.001528	-0.212787	0.038284	2.956477E+9
7683.15	5.8	3.523909	0.30226	-0.00125	0	-0.003432	-0.212787	0.038306	2.956478E+9
7814.63	6	3.568064	0.277024	-0.00359	0	-0.004497	-0.212787	0.038222	2.956479E+9
7932.95	6.2	3.58806	0.269025	-0.003368	0	-0.00147	-0.212787	0.038335	2.95648E+9
8037.67	6.4	3.58616	0.301874	-0.003641	0	-0.002876	-0.212787	0.038297	2.956481E+9
8128.37	6.6	3.575143	0.296685	-0.003533	0	-0.00367	-0.212787	0.03836	2.956482E+9
8204.61	6.8	3.628131	0.279431	-0.004067	0	-0.002758	-0.212787	0.038277	2.956483E+9
8265.94	7	3.635496	0.308186	-0.002386	0	-0.003464	-0.212787	0.038317	2.956484E+9
