05/05/2022	14:06

Co88Tb12_20210514_CVMH1

Field	Kepco	Channel A	Channel B	Agilent	0	RF out	Monitor+	Monitor-	Time
8265.94	7	-0.118674	-0.111286	-0.003879	0	-0.005758	-0.212787	0.04889	1.736364E+9
8237.17	6.9	-0.113726	-0.113219	-0.005238	0	-0.005825	-0.212787	0.048727	1.736365E+9
8204.61	6.8	-0.109278	-0.107858	-0.004721	0	-0.004203	-0.212787	0.048799	1.736366E+9
8168.33	6.7	-0.101195	-0.110896	-0.004354	0	-0.005144	-0.212787	0.048863	1.736367E+9
8128.37	6.6	-0.096319	-0.111656	-0.005569	0	-0.005487	-0.212787	0.048668	1.736368E+9
8084.8	6.5	-0.08217	-0.10563	-0.005026	0	-0.00516	-0.212787	0.04886	1.736369E+9
8037.67	6.4	-0.083892	-0.107797	-0.004609	0	-0.004364	-0.212787	0.048979	1.73637E+9
7987.04	6.3	-0.076654	-0.099243	-0.005224	0	-0.005589	-0.212787	0.048893	1.736371E+9
7932.95	6.2	-0.076719	-0.10485	-0.005461	0	-0.004882	-0.212787	0.048793	1.736372E+9
7875.46	6.1	-0.074578	-0.107121	-0.00551	0	-0.004352	-0.212787	0.048672	1.736373E+9
7814.63	6	-0.072437	-0.099727	-0.004792	0	-0.004502	-0.212787	0.048908	1.736374E+9
7750.51	5.9	-0.065796	-0.1014	-0.005871	0	-0.005097	-0.212787	0.048619	1.736375E+9
7683.15	5.8	-0.067554	-0.102284	-0.006926	0	-0.00459	-0.212787	0.048629	1.736376E+9
7612.62	5.7	-0.064916	-0.094113	-0.005683	0	-0.004175	-0.212787	0.048684	1.736377E+9
7538.96	5.6	-0.061079	-0.097917	-0.004783	0	-0.006248	-0.212787	0.048919	1.736378E+9
7462.23	5.5	-0.051082	-0.100688	-0.006133	0	-0.006146	-0.212787	0.048708	1.736379E+9
7382.49	5.4	-0.057853	-0.101068	-0.005604	0	-0.004667	-0.212787	0.048961	1.73638E+9
7299.79	5.3	-0.042044	-0.097894	-0.005028	0	-0.005963	-0.212787	0.048658	1.736381E+9
7214.18	5.2	-0.0385	-0.09577	-0.00519	0	-0.005629	-0.212787	0.04875	1.736382E+9
7125.71	5.1	-0.028299	-0.094867	-0.005815	0	-0.00464	-0.212787	0.048687	1.736383E+9
7034.46	5	-0.025196	-0.094779	-0.00455	0	-0.00505	-0.212787	0.048899	1.736384E+9
6940.45	4.9	-0.016187	-0.089262	-0.004942	0	-0.006187	-0.212787	0.048942	1.736385E+9
6843.76	4.8	-0.002815	-0.090968	-0.005366	0	-0.005843	-0.212787	0.048982	1.736386E+9
6744.44	4.7	0.006015	-0.090266	-0.005198	0	-0.00412	-0.212787	0.048773	1.736387E+9
6642.54	4.6	0.001379	-0.090315	-0.004818	0	-0.004245	-0.212787	0.04862	1.736388E+9
6538.11	4.5	0.007896	-0.085936	-0.005677	0	-0.005403	-0.212787	0.048611	1.736389E+9
6431.22	4.4	0.010105	-0.088184	-0.005292	0	-0.004432	-0.212787	0.048711	1.73639E+9
6321.91	4.3	0.021077	-0.081745	-0.00488	0	-0.005071	-0.212787	0.048716	1.736391E+9
6210.24	4.2	0.033266	-0.084029	-0.00401	0	-0.006155	-0.212787	0.04885	1.736392E+9
6096.26	4.1	0.037574	-0.085497	-0.005895	0	-0.005471	-0.212787	0.048846	1.736393E+9
5980.04	4	0.050881	-0.080929	-0.006325	0	-0.005101	-0.212787	0.048623	1.736394E+9
5861.61	3.9	0.054737	-0.082729	-0.004823	0	-0.005398	-0.212787	0.048779	1.736395E+9
5741.05	3.8	0.065137	-0.086312	-0.004733	0	-0.005989	-0.212787	0.04891	1.736396E+9
5618.4	3.7	0.074412	-0.07666	-0.005549	0	-0.00595	-0.212787	0.048946	1.736397E+9
5493.71	3.6	0.081173	-0.073142	-0.004961	0	-0.005065	-0.212787	0.048962	1.736398E+9
5367.05	3.5	0.08731	-0.078824	-0.005528	0	-0.005186	-0.212787	0.048642	1.736399E+9
5238.46	3.4	0.100779	-0.070985	-0.005454	0	-0.006629	-0.212787	0.048636	1.7364E+9
5108.01	3.3	0.119216	-0.067167	-0.006361	0	-0.005444	-0.212787	0.048709	1.736401E+9
4975.74	3.2	0.124606	-0.070617	-0.006255	0	-0.005668	-0.212787	0.048988	1.736402E+9
4841.71	3.1	0.138654	-0.0727	-0.006092	0	-0.006767	-0.212787	0.048949	1.736403E+9
4705.98	3	0.147861	-0.060283	-0.007306	0	-0.006779	-0.212787	0.048954	1.736404E+9
4568.59	2.9	0.160034	-0.061176	-0.007076	0	-0.006065	-0.212787	0.04879	1.736405E+9
4429.62	2.8	0.176161	-0.058912	-0.005813	0	-0.006095	-0.212787	0.048649	1.736406E+9
4289.09	2.7	0.183007	-0.059393	-0.005299	0	-0.00661	-0.212787	0.049005	1.736407E+9
4147.09	2.6	0.191661	-0.061264	-0.007437	0	-0.006371	-0.212787	0.048989	1.736408E+9
4003.65	2.5	0.199507	-0.053743	-0.006623	0	-0.006207	-0.212787	0.048908	1.736409E+9
3858.83	2.4	0.213464	-0.053532	-0.005886	0	-0.006434	-0.212787	0.048972	1.73641E+9
3712.69	2.3	0.223825	-0.047168	-0.00663	0	-0.007248	-0.212787	0.048662	1.736411E+9
3565.29	2.2	0.236427	-0.055952	-0.007847	0	-0.006362	-0.212787	0.048902	1.736412E+9
3416.67	2.1	0.248938	-0.051453	-0.007233	0	-0.006853	-0.212787	0.049013	1.736413E+9
3266.89	2	0.258421	-0.044981	-0.006808	0	-0.006898	-0.212787	0.049086	1.736414E+9
3116	1.9	0.26933	-0.041235	-0.007522	0	-0.007606	-0.212787	0.049098	1.736415E+9
2964.07	1.8	0.277725	-0.047574	-0.008018	0	-0.007307	-0.212787	0.048925	1.736416E+9
2811.14	1.7	0.287303	-0.040205	-0.007444	0	-0.006846	-0.212787	0.048967	1.736417E+9
2657.27	1.6	0.294492	-0.042028	-0.007573	0	-0.007718	-0.212787	0.048724	1.736418E+9
2502.52	1.5	0.304651	-0.03761	-0.00729	0	-0.007045	-0.212787	0.0491	1.736419E+9
2346.93	1.4	0.30648	-0.040059	-0.007246	0	-0.007053	-0.212787	0.048838	1.73642E+9
2190.57	1.3	0.324381	-0.0344	-0.007276	0	-0.006782	-0.212787	0.048921	1.736421E+9
2033.48	1.2	0.338822	-0.033487	-0.007338	0	-0.007502	-0.212787	0.049127	1.736422E+9
1875.73	1.1	0.335846	-0.02735	-0.007159	0	-0.00735	-0.212787	0.048852	1.736423E+9
1717.37	1	0.34095	-0.032129	-0.008629	0	-0.007177	-0.212787	0.048831	1.736424E+9
1558.44	0.9	0.345775	-0.032571	-0.008107	0	-0.006427	-0.212787	0.048757	1.736425E+9
1399.02	0.8	0.346636	-0.033662	-0.00748	0	-0.007929	-0.212787	0.049108	1.736426E+9
1239.14	0.7	0.351821	-0.025544	-0.007734	0	-0.007533	-0.212787	0.049045	1.736427E+9
1078.87	0.6	0.346139	-0.027772	-0.008697	0	-0.006347	-0.212787	0.049038	1.736428E+9
918.26	0.5	0.357058	-0.030927	-0.007283	0	-0.007244	-0.212787	0.049073	1.736429E+9
757.37	0.4	0.360807	-0.029653	-0.007219	0	-0.007527	-0.212787	0.048897	1.73643E+9
596.24	0.3	0.360947	-0.032707	-0.007701	0	-0.007512	-0.212787	0.049101	1.736431E+9
434.94	0.2	0.373289	-0.026892	-0.007329	0	-0.007634	-0.212787	0.048879	1.736432E+9
273.52	0.1	0.378156	-0.02875	-0.008302	0	-0.007631	-0.212787	0.048839	1.736433E+9
112.03	0	0.384842	-0.023029	-0.007309	0	-0.008267	-0.212787	0.049026	1.736434E+9
-49.47	-0.1	0.391329	-0.025043	-0.008132	0	-0.00746	-0.212787	0.049075	1.736435E+9
-210.93	-0.2	0.408629	-0.019358	-0.007807	0	-0.007282	-0.212787	0.0491	1.736436E+9
-372.3	-0.3	0.403197	-0.023796	-0.007322	0	-0.008929	-0.212787	0.048878	1.736437E+9
-533.51	-0.4	0.412603	-0.024202	-0.008217	0	-0.009005	-0.212787	0.048936	1.736438E+9
-694.51	-0.5	0.408863	-0.017249	-0.007814	0	-0.007461	-0.212787	0.048937	1.736439E+9
-855.25	-0.6	0.41333	-0.022698	-0.007618	0	-0.007007	-0.212787	0.048818	1.73644E+9
-1015.68	-0.7	0.417781	-0.017769	-0.007339	0	-0.00922	-0.212787	0.049011	1.736441E+9
-1175.74	-0.8	0.417398	-0.018195	-0.00839	0	-0.00864	-0.212787	0.048792	1.736442E+9
-1335.37	-0.9	0.420997	-0.017678	-0.007524	0	-0.007779	-0.212787	0.048903	1.736443E+9
-1494.53	-1	0.41962	-0.018971	-0.007406	0	-0.008208	-0.212787	0.048775	1.736444E+9
-1653.15	-1.1	0.425208	-0.014121	-0.00819	0	-0.007932	-0.212787	0.048968	1.736445E+9
-1811.18	-1.2	0.422937	-0.010105	-0.009071	0	-0.007761	-0.212787	0.048955	1.736446E+9
-1968.57	-1.3	0.424006	-0.015482	-0.006784	0	-0.009088	-0.212787	0.048948	1.736447E+9
-2125.26	-1.4	0.421192	-0.013958	-0.008355	0	-0.008254	-0.212787	0.049037	1.736448E+9
-2281.19	-1.5	0.422489	-0.01697	-0.00815	0	-0.007631	-0.212787	0.049079	1.736449E+9
-2436.33	-1.6	0.420338	-0.017785	-0.008417	0	-0.00744	-0.212787	0.04883	1.73645E+9
-2590.6	-1.7	0.428021	-0.017837	-0.007671	0	-0.008721	-0.212787	0.049118	1.736451E+9
-2743.95	-1.8	0.421075	-0.016847	-0.008325	0	-0.008885	-0.212787	0.049144	1.736452E+9
-2896.33	-1.9	0.420556	-0.009504	-0.008455	0	-0.007883	-0.212787	0.049176	1.736453E+9
-3047.69	-2	0.428187	-0.015388	-0.008033	0	-0.007142	-0.212787	0.049167	1.736454E+9
-3197.97	-2.1	0.434831	-0.014283	-0.007646	0	-0.009438	-0.212787	0.04904	1.736455E+9
-3347.11	-2.2	0.433811	-0.01516	-0.007903	0	-0.008838	-0.212787	0.049211	1.736456E+9
-3495.06	-2.3	0.427804	-0.013828	-0.009276	0	-0.007948	-0.212787	0.048944	1.736457E+9
-3641.77	-2.4	0.425497	-0.00941	-0.008735	0	-0.007881	-0.212787	0.048898	1.736458E+9
-3787.18	-2.5	0.427222	-0.013439	-0.007896	0	-0.008427	-0.212787	0.049006	1.736459E+9
-3931.24	-2.6	0.428112	-0.013487	-0.009437	0	-0.007969	-0.212787	0.049152	1.73646E+9
-4073.89	-2.7	0.424805	-0.016551	-0.007912	0	-0.007914	-0.212787	0.048918	1.736461E+9
-4215.08	-2.8	0.419308	-0.019563	-0.007718	0	-0.008698	-0.212787	0.048815	1.736462E+9
-4354.75	-2.9	0.412752	-0.018341	-0.007802	0	-0.008879	-0.212787	0.048838	1.736463E+9
-4492.85	-3	0.418882	-0.01558	-0.008776	0	-0.008013	-0.212787	0.048959	1.736464E+9
-4629.32	-3.1	0.417862	-0.023055	-0.007667	0	-0.008221	-0.212787	0.048806	1.736465E+9
-4764.12	-3.2	0.411397	-0.019124	-0.007626	0	-0.007552	-0.212787	0.048821	1.736466E+9
-4897.18	-3.3	0.406803	-0.021281	-0.008432	0	-0.00825	-0.212787	0.04889	1.736467E+9
-5028.44	-3.4	0.408626	-0.021216	-0.007758	0	-0.007344	-0.212787	0.049085	1.736468E+9
-5157.87	-3.5	0.396008	-0.02324	-0.007807	0	-0.007843	-0.212787	0.049168	1.736469E+9
-5285.39	-3.6	0.388857	-0.022568	-0.007309	0	-0.00849	-0.212787	0.048808	1.73647E+9
-5410.96	-3.7	0.39119	-0.02314	-0.008439	0	-0.00796	-0.212787	0.048897	1.736471E+9
-5534.53	-3.8	0.387908	-0.022389	-0.008523	0	-0.007445	-0.212787	0.049106	1.736472E+9
-5656.02	-3.9	0.384835	-0.019085	-0.008068	0	-0.007738	-0.212787	0.049023	1.736473E+9
-5775.41	-4	0.382824	-0.027655	-0.007648	0	-0.009399	-0.212787	0.049116	1.736474E+9
-5892.62	-4.1	0.381771	-0.019732	-0.008954	0	-0.008821	-0.212787	0.049114	1.736475E+9
-6007.6	-4.2	0.374481	-0.021996	-0.008984	0	-0.008468	-0.212787	0.049111	1.736476E+9
-6120.3	-4.3	0.380309	-0.021674	-0.007861	0	-0.008088	-0.212787	0.048822	1.736477E+9
-6230.67	-4.4	0.379871	-0.023328	-0.007954	0	-0.008526	-0.212787	0.04888	1.736478E+9
-6338.64	-4.5	0.377015	-0.020043	-0.009204	0	-0.00753	-0.212787	0.048857	1.736479E+9
-6444.17	-4.6	0.378721	-0.022516	-0.00906	0	-0.00749	-0.212787	0.048991	1.73648E+9
-6547.2	-4.7	0.367607	-0.021671	-0.008786	0	-0.009576	-0.212787	0.048783	1.736481E+9
-6647.68	-4.8	0.361223	-0.024023	-0.008406	0	-0.00943	-0.212787	0.048879	1.736482E+9
-6745.55	-4.9	0.354504	-0.028945	-0.008828	0	-0.008317	-0.212787	0.049082	1.736483E+9
-6840.75	-5	0.352945	-0.026902	-0.006819	0	-0.008044	-0.212787	0.048851	1.736484E+9
-6933.24	-5.1	0.353244	-0.025924	-0.008447	0	-0.008675	-0.212787	0.049084	1.736485E+9
-7022.95	-5.2	0.347984	-0.032736	-0.009422	0	-0.009089	-0.212787	0.049055	1.736486E+9
-7109.83	-5.3	0.339001	-0.031216	-0.009005	0	-0.008456	-0.212787	0.048999	1.736487E+9
-7193.84	-5.4	0.330132	-0.033071	-0.007446	0	-0.007569	-0.212787	0.049046	1.736488E+9
-7274.9	-5.5	0.324277	-0.033841	-0.009858	0	-0.009281	-0.212787	0.048903	1.736489E+9
-7352.98	-5.6	0.326948	-0.032645	-0.009353	0	-0.009	-0.212787	0.049069	1.73649E+9
-7428.01	-5.7	0.320064	-0.032561	-0.0089	0	-0.009188	-0.212787	0.048939	1.736491E+9
-7499.94	-5.8	0.322146	-0.036833	-0.008875	0	-0.009178	-0.212787	0.049048	1.736492E+9
-7568.71	-5.9	0.316935	-0.033786	-0.007471	0	-0.009893	-0.212787	0.048771	1.736493E+9
-7634.28	-6	0.320385	-0.032002	-0.009012	0	-0.008301	-0.212787	0.048787	1.736494E+9
-7696.58	-6.1	0.30882	-0.035495	-0.007774	0	-0.009013	-0.212787	0.048814	1.736495E+9
-7755.56	-6.2	0.312218	-0.034669	-0.008006	0	-0.008682	-0.212787	0.048811	1.736496E+9
-7811.16	-6.3	0.297449	-0.037717	-0.008596	0	-0.008636	-0.212787	0.048767	1.736497E+9
-7863.34	-6.4	0.296793	-0.034605	-0.00809	0	-0.007858	-0.212787	0.048985	1.736498E+9
-7912.04	-6.5	0.297212	-0.039429	-0.008751	0	-0.008327	-0.212787	0.048783	1.736499E+9
-7957.2	-6.6	0.296234	-0.036901	-0.008694	0	-0.009142	-0.212787	0.04885	1.7365E+9
-7998.77	-6.7	0.292228	-0.043419	-0.009311	0	-0.009199	-0.212787	0.048743	1.736501E+9
-8036.69	-6.8	0.302319	-0.033721	-0.008483	0	-0.00837	-0.212787	0.048954	1.736502E+9
-8070.91	-6.9	0.298284	-0.037931	-0.008669	0	-0.009565	-0.212787	0.049013	1.736503E+9
-8101.38	-7	0.303144	-0.036317	-0.009952	0	-0.009641	-0.212787	0.049091	1.736504E+9
-8070.91	-6.9	0.311903	-0.0335	-0.009882	0	-0.009535	-0.212787	0.048876	1.736505E+9
-8036.69	-6.8	0.306822	-0.039695	-0.008898	0	-0.008744	-0.212787	0.049037	1.736506E+9
-7998.77	-6.7	0.311925	-0.030891	-0.008998	0	-0.009234	-0.212787	0.049095	1.736507E+9
-7957.2	-6.6	0.320899	-0.03349	-0.009769	0	-0.008473	-0.212787	0.049115	1.736508E+9
-7912.04	-6.5	0.32237	-0.029949	-0.009146	0	-0.00876	-0.212787	0.048754	1.736509E+9
-7863.34	-6.4	0.330619	-0.03094	-0.009738	0	-0.00999	-0.212787	0.048825	1.73651E+9
-7811.16	-6.3	0.331857	-0.035985	-0.009565	0	-0.010129	-0.212787	0.04882	1.736511E+9
-7755.56	-6.2	0.337913	-0.032142	-0.010174	0	-0.009252	-0.212787	0.048771	1.736512E+9
-7696.58	-6.1	0.337016	-0.031863	-0.008948	0	-0.009198	-0.212787	0.048828	1.736513E+9
-7634.28	-6	0.342201	-0.032681	-0.010192	0	-0.009542	-0.212787	0.048824	1.736514E+9
-7568.71	-5.9	0.345771	-0.028685	-0.010319	0	-0.010536	-0.212787	0.049101	1.736515E+9
-7499.94	-5.8	0.344963	-0.031775	-0.009344	0	-0.008601	-0.212787	0.049088	1.736516E+9
-7428.01	-5.7	0.356853	-0.026128	-0.009195	0	-0.010789	-0.212787	0.04905	1.736517E+9
-7352.98	-5.6	0.352831	-0.029078	-0.010037	0	-0.010049	-0.212787	0.048925	1.736518E+9
-7274.9	-5.5	0.353318	-0.033078	-0.010311	0	-0.010169	-0.212787	0.049032	1.736519E+9
-7193.84	-5.4	0.357691	-0.023533	-0.008517	0	-0.009125	-0.212787	0.048765	1.73652E+9
-7109.83	-5.3	0.36608	-0.025358	-0.009258	0	-0.009768	-0.212787	0.049164	1.736521E+9
-7022.95	-5.2	0.367012	-0.022704	-0.010634	0	-0.010026	-0.212787	0.048857	1.736522E+9
-6933.24	-5.1	0.377987	-0.020485	-0.009516	0	-0.009863	-0.212787	0.048949	1.736523E+9
-6840.75	-5	0.373948	-0.027019	-0.00843	0	-0.009991	-0.212787	0.049171	1.736524E+9
-6745.55	-4.9	0.368799	-0.028731	-0.008308	0	-0.011398	-0.212787	0.049122	1.736525E+9
-6647.68	-4.8	0.365531	-0.023497	-0.009899	0	-0.008449	-0.212787	0.048874	1.736526E+9
-6547.2	-4.7	0.367347	-0.024865	-0.009024	0	-0.008552	-0.212787	0.048907	1.736527E+9
-6444.17	-4.6	0.363344	-0.025976	-0.008563	0	-0.009813	-0.212787	0.048846	1.736528E+9
-6338.64	-4.5	0.366411	-0.026265	-0.008663	0	-0.010849	-0.212787	0.048884	1.736529E+9
-6230.67	-4.4	0.37015	-0.019842	-0.009928	0	-0.009394	-0.212787	0.049183	1.73653E+9
-6120.3	-4.3	0.379127	-0.026076	-0.009177	0	-0.009227	-0.212787	0.049171	1.736531E+9
-6007.6	-4.2	0.385423	-0.021645	-0.009107	0	-0.010023	-0.212787	0.048934	1.736532E+9
-5892.62	-4.1	0.392447	-0.018549	-0.010059	0	-0.010727	-0.212787	0.04899	1.736533E+9
-5775.41	-4	0.404266	-0.015498	-0.010097	0	-0.009821	-0.212787	0.048847	1.736534E+9
-5656.02	-3.9	0.407229	-0.023266	-0.008682	0	-0.00959	-0.212787	0.049009	1.736535E+9
-5534.53	-3.8	0.408207	-0.015826	-0.009456	0	-0.010323	-0.212787	0.048861	1.736536E+9
-5410.96	-3.7	0.417635	-0.016359	-0.009755	0	-0.010686	-0.212787	0.04888	1.736537E+9
-5285.39	-3.6	0.418619	-0.015937	-0.010483	0	-0.009749	-0.212787	0.049212	1.736538E+9
-5157.87	-3.5	0.432238	-0.006571	-0.009686	0	-0.010058	-0.212787	0.048929	1.736539E+9
-5028.44	-3.4	0.441241	-0.013663	-0.010158	0	-0.010578	-0.212787	0.049023	1.73654E+9
-4897.18	-3.3	0.436536	-0.015005	-0.010675	0	-0.010418	-0.212787	0.049063	1.736541E+9
-4764.12	-3.2	0.431956	-0.009592	-0.010247	0	-0.010795	-0.212787	0.04885	1.736542E+9
-4629.32	-3.1	0.439876	-0.014053	-0.009853	0	-0.010052	-0.212787	0.048923	1.736543E+9
-4492.85	-3	0.439369	-0.009394	-0.008778	0	-0.011091	-0.212787	0.049015	1.736544E+9
-4354.75	-2.9	0.446767	-0.01429	-0.010292	0	-0.010947	-0.212787	0.049115	1.736545E+9
-4215.08	-2.8	0.448577	-0.003829	-0.009945	0	-0.009689	-0.212787	0.049152	1.736546E+9
-4073.89	-2.7	0.448135	-0.009634	-0.010037	0	-0.009496	-0.212787	0.049145	1.736547E+9
-3931.24	-2.6	0.442959	-0.005827	-0.008488	0	-0.010029	-0.212787	0.049206	1.736548E+9
-3787.18	-2.5	0.448229	-0.005375	-0.010101	0	-0.010004	-0.212787	0.049169	1.736549E+9
-3641.77	-2.4	0.446942	-0.013708	-0.010599	0	-0.009325	-0.212787	0.049117	1.73655E+9
-3495.06	-2.3	0.444337	-0.007877	-0.009201	0	-0.009486	-0.212787	0.04921	1.736551E+9
-3347.11	-2.2	0.446933	-0.013887	-0.010162	0	-0.00971	-0.212787	0.049192	1.736552E+9
-3197.97	-2.1	0.444798	-0.010021	-0.010578	0	-0.009633	-0.212787	0.049147	1.736553E+9
-3047.69	-2	0.450042	-0.007828	-0.010837	0	-0.00847	-0.212787	0.049082	1.736554E+9
-2896.33	-1.9	0.452108	-0.008767	-0.011415	0	-0.009567	-0.212787	0.049218	1.736555E+9
-2743.95	-1.8	0.458836	-0.007503	-0.010312	0	-0.010137	-0.212787	0.048935	1.736556E+9
-2590.6	-1.7	0.462546	-0.003894	-0.009631	0	-0.010357	-0.212787	0.048908	1.736557E+9
-2436.33	-1.6	0.465561	-0.0034	-0.009287	0	-0.009669	-0.212787	0.048929	1.736558E+9
-2281.19	-1.5	0.470867	-0.001165	-0.008295	0	-0.010203	-0.212787	0.04921	1.736559E+9
-2125.26	-1.4	0.478193	-0.006051	-0.009628	0	-0.010018	-0.212787	0.048941	1.73656E+9
-1968.57	-1.3	0.475555	-0.00379	-0.012454	0	-0.009912	-0.212787	0.049044	1.736561E+9
-1811.18	-1.2	0.474632	-0.004316	-0.011126	0	-0.008814	-0.212787	0.048908	1.736562E+9
-1653.15	-1.1	0.476396	-0.003825	-0.008448	0	-0.011119	-0.212787	0.049215	1.736563E+9
-1494.53	-1	0.476942	-0.006528	-0.008818	0	-0.011749	-0.212787	0.048882	1.736564E+9
-1335.37	-0.9	0.471477	-0.001613	-0.010397	0	-0.010304	-0.212787	0.049222	1.736565E+9
-1175.74	-0.8	0.471669	-0.00519	-0.010871	0	-0.009951	-0.212787	0.048964	1.736566E+9
-1015.68	-0.7	0.47702	-0.004742	-0.009937	0	-0.009467	-0.212787	0.049194	1.736567E+9
-855.25	-0.6	0.476208	-0.003965	-0.011594	0	-0.011761	-0.212787	0.048976	1.736568E+9
-694.51	-0.5	0.465249	-0.008894	-0.01226	0	-0.009888	-0.212787	0.049122	1.736569E+9
-533.51	-0.4	0.465009	-0.004495	-0.01066	0	-0.010023	-0.212787	0.048896	1.73657E+9
-372.3	-0.3	0.465379	-0.005424	-0.010032	0	-0.010526	-0.212787	0.048986	1.736571E+9
-210.93	-0.2	0.464577	-0.003949	-0.010121	0	-0.010035	-0.212787	0.049053	1.736572E+9
-49.47	-0.1	0.456835	-0.010726	-0.011123	0	-0.009102	-0.212787	0.048899	1.736573E+9
112.03	0	0.457293	-0.00264	-0.010335	0	-0.00938	-0.212787	0.048931	1.736574E+9
273.52	0.1	0.460269	-0.012841	-0.009708	0	-0.010528	-0.212787	0.049031	1.736575E+9
434.94	0.2	0.451871	-0.013526	-0.010329	0	-0.010491	-0.212787	0.048928	1.736576E+9
596.24	0.3	0.448931	-0.008338	-0.011154	0	-0.009367	-0.212787	0.048866	1.736577E+9
757.37	0.4	0.449093	-0.00583	-0.009818	0	-0.009008	-0.212787	0.049018	1.736578E+9
918.26	0.5	0.448606	-0.006171	-0.009051	0	-0.011837	-0.212787	0.0492	1.736579E+9
1078.87	0.6	0.446881	-0.008328	-0.010372	0	-0.009887	-0.212787	0.04919	1.73658E+9
1239.14	0.7	0.434763	-0.009628	-0.010511	0	-0.009989	-0.212787	0.048875	1.736581E+9
1399.02	0.8	0.43947	-0.006333	-0.010078	0	-0.009267	-0.212787	0.048831	1.736582E+9
1558.44	0.9	0.435594	-0.012945	-0.010044	0	-0.01157	-0.212787	0.049112	1.736583E+9
1717.37	1	0.433099	-0.008435	-0.011752	0	-0.010611	-0.212787	0.048912	1.736584E+9
1875.73	1.1	0.425478	-0.015151	-0.010757	0	-0.009266	-0.212787	0.048843	1.736585E+9
2033.48	1.2	0.411586	-0.014706	-0.010211	0	-0.010349	-0.212787	0.048835	1.736586E+9
2190.57	1.3	0.412105	-0.016116	-0.010094	0	-0.010248	-0.212787	0.048979	1.736587E+9
2346.93	1.4	0.409721	-0.025804	-0.010612	0	-0.01077	-0.212787	0.049196	1.736588E+9
2502.52	1.5	0.400046	-0.015602	-0.009452	0	-0.010327	-0.212787	0.049074	1.736589E+9
2657.27	1.6	0.397496	-0.020024	-0.010211	0	-0.010299	-0.212787	0.049145	1.73659E+9
2811.14	1.7	0.390186	-0.024468	-0.009484	0	-0.010595	-0.212787	0.04917	1.736591E+9
2964.07	1.8	0.383285	-0.017899	-0.011201	0	-0.009764	-0.212787	0.048829	1.736592E+9
3116	1.9	0.37813	-0.023156	-0.010878	0	-0.009643	-0.212787	0.048837	1.736593E+9
3266.89	2	0.379364	-0.017003	-0.010446	0	-0.010121	-0.212787	0.048891	1.736594E+9
3416.67	2.1	0.381229	-0.025583	-0.009655	0	-0.011885	-0.212787	0.048818	1.736595E+9
3565.29	2.2	0.369865	-0.029049	-0.010603	0	-0.009869	-0.212787	0.048822	1.736596E+9
3712.69	2.3	0.365037	-0.028679	-0.010321	0	-0.009395	-0.212787	0.048853	1.736597E+9
3858.83	2.4	0.360706	-0.035069	-0.009601	0	-0.011653	-0.212787	0.048999	1.736598E+9
4003.65	2.5	0.355989	-0.026804	-0.010522	0	-0.01039	-0.212787	0.048849	1.736599E+9
4147.09	2.6	0.352126	-0.026021	-0.010869	0	-0.010875	-0.212787	0.048774	1.7366E+9
4289.09	2.7	0.353176	-0.026232	-0.010584	0	-0.009798	-0.212787	0.048875	1.736601E+9
4429.62	2.8	0.342724	-0.031073	-0.01019	0	-0.01191	-0.212787	0.049155	1.736602E+9
4568.59	2.9	0.341262	-0.031382	-0.011387	0	-0.010922	-0.212787	0.048863	1.736603E+9
4705.98	3	0.32867	-0.032048	-0.010955	0	-0.00941	-0.212787	0.048832	1.736604E+9
4841.71	3.1	0.324154	-0.033744	-0.009827	0	-0.010338	-0.212787	0.048886	1.736605E+9
4975.74	3.2	0.311614	-0.037762	-0.010435	0	-0.01095	-0.212787	0.049097	1.736606E+9
5108.01	3.3	0.307868	-0.034614	-0.011034	0	-0.01215	-0.212787	0.048938	1.736607E+9
5238.46	3.4	0.298605	-0.037061	-0.010864	0	-0.010752	-0.212787	0.048821	1.736608E+9
5367.05	3.5	0.294129	-0.037931	-0.010388	0	-0.010517	-0.212787	0.048776	1.736609E+9
5493.71	3.6	0.285769	-0.037298	-0.009483	0	-0.011881	-0.212787	0.048987	1.73661E+9
5618.4	3.7	0.280968	-0.043029	-0.010973	0	-0.011106	-0.212787	0.049039	1.736611E+9
5741.05	3.8	0.286029	-0.043415	-0.011564	0	-0.011087	-0.212787	0.049055	1.736612E+9
5861.61	3.9	0.2792	-0.045228	-0.009906	0	-0.011785	-0.212787	0.048694	1.736613E+9
5980.04	4	0.274477	-0.04169	-0.010779	0	-0.010834	-0.212787	0.048756	1.736614E+9
6096.26	4.1	0.270169	-0.043009	-0.011016	0	-0.011703	-0.212787	0.049035	1.736615E+9
6210.24	4.2	0.265403	-0.043425	-0.012122	0	-0.010323	-0.212787	0.04893	1.736616E+9
6321.91	4.3	0.267664	-0.040374	-0.010345	0	-0.010806	-0.212787	0.049009	1.736617E+9
6431.22	4.4	0.260978	-0.039371	-0.012229	0	-0.011789	-0.212787	0.048948	1.736618E+9
6538.11	4.5	0.257901	-0.043981	-0.011176	0	-0.01083	-0.212787	0.049055	1.736619E+9
6642.54	4.6	0.250215	-0.039578	-0.010184	0	-0.010209	-0.212787	0.048828	1.73662E+9
6744.44	4.7	0.241264	-0.047905	-0.012048	0	-0.011296	-0.212787	0.049047	1.736621E+9
6843.76	4.8	0.236436	-0.048029	-0.011642	0	-0.011945	-0.212787	0.04873	1.736622E+9
6940.45	4.9	0.236771	-0.047493	-0.011076	0	-0.011085	-0.212787	0.048868	1.736623E+9
7034.46	5	0.232437	-0.047002	-0.010052	0	-0.010353	-0.212787	0.048905	1.736624E+9
7125.71	5.1	0.22693	-0.051804	-0.010529	0	-0.011027	-0.212787	0.048683	1.736625E+9
7214.18	5.2	0.223799	-0.052372	-0.011156	0	-0.011359	-0.212787	0.049007	1.736626E+9
7299.79	5.3	0.218922	-0.049698	-0.011932	0	-0.011518	-0.212787	0.049	1.736627E+9
7382.49	5.4	0.216892	-0.053987	-0.010505	0	-0.010372	-0.212787	0.048661	1.736628E+9
7462.23	5.5	0.209335	-0.055692	-0.010898	0	-0.011547	-0.212787	0.048668	1.736629E+9
7538.96	5.6	0.21067	-0.054032	-0.011377	0	-0.011293	-0.212787	0.048763	1.73663E+9
7612.62	5.7	0.201967	-0.059159	-0.011178	0	-0.010512	-0.212787	0.049009	1.736631E+9
7683.15	5.8	0.196346	-0.055241	-0.010802	0	-0.011168	-0.212787	0.048854	1.736632E+9
7750.51	5.9	0.190125	-0.056199	-0.010105	0	-0.012152	-0.212787	0.049006	1.736633E+9
7814.63	6	0.182497	-0.057775	-0.011665	0	-0.011174	-0.212787	0.048609	1.736634E+9
7875.46	6.1	0.178582	-0.058334	-0.010589	0	-0.00977	-0.212787	0.048773	1.736635E+9
7932.95	6.2	0.171574	-0.060127	-0.011032	0	-0.011614	-0.212787	0.048863	1.736636E+9
7987.04	6.3	0.172851	-0.058763	-0.010138	0	-0.011343	-0.212787	0.048591	1.736637E+9
8037.67	6.4	0.159781	-0.060582	-0.012331	0	-0.009995	-0.212787	0.048835	1.736638E+9
8084.8	6.5	0.159115	-0.062297	-0.010833	0	-0.010624	-0.212787	0.04887	1.736639E+9
8128.37	6.6	0.167331	-0.066319	-0.010613	0	-0.011044	-0.212787	0.048913	1.73664E+9
8168.33	6.7	0.152335	-0.065468	-0.010639	0	-0.011168	-0.212787	0.049001	1.736641E+9
8204.61	6.8	0.153819	-0.05834	-0.012061	0	-0.009927	-0.212787	0.048641	1.736642E+9
8237.17	6.9	0.155467	-0.064094	-0.010644	0	-0.010206	-0.212787	0.048664	1.736643E+9
8265.94	7	0.156285	-0.057859	-0.00986	0	-0.011673	-0.212787	0.048678	1.736644E+9
