19/05/2022	17:06

Si\Pt3\(Co88Tb12)75\Pt3-20220518_APEJ8

Field	Kepco	Channel A	Channel B	Agilent	0	RF out	Monitor+	Monitor-	Time
8265.94	7	3.648215	-0.092449	0.001694	0	0.003276	-0.212787	0.061421	2.95689E+9
8204.61	6.8	3.646977	-0.091481	0.002764	0	0.003154	-0.212787	0.061296	2.956891E+9
8128.37	6.6	3.652468	-0.0919	0.002514	0	0.003873	-0.212787	0.061418	2.956892E+9
8037.67	6.4	3.650379	-0.086845	0.00313	0	0.002669	-0.212787	0.061368	2.956893E+9
7932.95	6.2	3.651669	-0.088385	0.002329	0	0.003364	-0.212787	0.061575	2.956894E+9
7814.63	6	3.657536	-0.087466	0.003271	0	0.002535	-0.212787	0.061554	2.956895E+9
7683.15	5.8	3.655168	-0.092492	0.003633	0	0.003279	-0.212787	0.061351	2.956896E+9
7538.96	5.6	3.657075	-0.091179	0.002779	0	0.001939	-0.212787	0.061503	2.956897E+9
7382.49	5.4	3.656805	-0.093733	0.002192	0	0.001751	-0.212787	0.061352	2.956898E+9
7214.18	5.2	3.657676	-0.092014	0.001921	0	0.002095	-0.212787	0.061334	2.956899E+9
7034.46	5	3.658559	-0.08806	0.002289	0	0.002615	-0.212787	0.061455	2.9569E+9
6843.76	4.8	3.659121	-0.089149	0.002604	0	0.00229	-0.212787	0.061473	2.956901E+9
6642.54	4.6	3.661659	-0.090786	0.002822	0	0.002554	-0.212787	0.061589	2.956902E+9
6431.22	4.4	3.662322	-0.088457	0.002536	0	0.00151	-0.212787	0.061466	2.956903E+9
6210.24	4.2	3.666834	-0.092566	0.002095	0	0.002856	-0.212787	0.061678	2.956904E+9
5980.04	4	3.666435	-0.09475	0.00299	0	0.0029	-0.212787	0.061701	2.956905E+9
5741.05	3.8	3.665424	-0.090396	0.002328	0	0.001815	-0.212787	0.061349	2.956906E+9
5493.71	3.6	3.667916	-0.089945	0.003209	0	0.002687	-0.212787	0.061418	2.956907E+9
5238.46	3.4	3.663124	-0.093076	0.002351	0	0.002419	-0.212787	0.061656	2.956908E+9
4975.74	3.2	3.667864	-0.091748	0.002192	0	0.001996	-0.212787	0.061476	2.956909E+9
4705.98	3	3.665154	-0.09357	0.000365	0	0.001785	-0.212787	0.061536	2.95691E+9
4429.62	2.8	3.670063	-0.092073	0.002157	0	0.001854	-0.212787	0.061336	2.956911E+9
4147.09	2.6	3.667552	-0.089084	0.001911	0	0.001842	-0.212787	0.061616	2.956912E+9
3858.83	2.4	3.670707	-0.091192	0.001442	0	0.002406	-0.212787	0.061632	2.956913E+9
3565.29	2.2	3.671259	-0.093431	0.001772	0	0.001955	-0.212787	0.061473	2.956914E+9
3266.89	2	3.674631	-0.093742	0.002407	0	0.002076	-0.212787	0.061465	2.956915E+9
2964.07	1.8	3.672006	-0.097488	0.001807	0	0.000975	-0.212787	0.061387	2.956916E+9
2657.27	1.6	3.667887	-0.092583	0.000825	0	0.002987	-0.212787	0.0616	2.956917E+9
2346.93	1.4	3.669423	-0.091325	0.001125	0	0.00143	-0.212787	0.061474	2.956918E+9
2033.48	1.2	3.668088	-0.08895	0.002279	0	0.001644	-0.212787	0.061693	2.956919E+9
1717.37	1	3.670392	-0.088902	0.000866	0	0.001382	-0.212787	0.0615	2.95692E+9
1399.02	0.8	3.669599	-0.094922	0.000941	0	0.002116	-0.212787	0.061503	2.956921E+9
1078.87	0.6	3.673965	-0.094516	0.001749	0	0.001994	-0.212787	0.061474	2.956922E+9
757.37	0.4	3.672835	-0.093635	0.002267	0	0.001516	-0.212787	0.061665	2.956923E+9
434.94	0.2	3.671873	-0.092349	0.002817	0	0.001467	-0.212787	0.061698	2.956924E+9
112.03	0	3.67316	-0.091459	0.001468	0	0.001845	-0.212787	0.061586	2.956925E+9
-210.93	-0.2	3.674092	-0.091735	0.002303	0	0.001211	-0.212787	0.061704	2.956926E+9
-533.51	-0.4	3.671473	-0.090676	0.001385	0	0.000815	-0.212787	0.061471	2.956927E+9
-855.25	-0.6	3.67391	-0.088986	0.001628	0	0.001262	-0.212787	0.061383	2.956928E+9
-1175.74	-0.8	3.669118	-0.090266	0.000929	0	0.00093	-0.212787	0.061657	2.956929E+9
-1494.53	-1	3.666207	-0.091546	0.001612	0	0.000768	-0.212787	0.061536	2.95693E+9
-1811.18	-1.2	3.658215	-0.087066	0.002254	0	0.00145	-0.212787	0.061708	2.956931E+9
-2125.26	-1.4	3.645818	-0.088866	0.001915	0	0.002148	-0.212787	0.061747	2.956932E+9
-2436.33	-1.6	3.630746	-0.086667	0.001987	0	0.001993	-0.212787	0.061728	2.956933E+9
-2743.95	-1.8	3.603973	-0.09167	0.001996	0	0.001005	-0.212787	0.061653	2.956934E+9
-3047.69	-2	3.557963	-0.087329	0.000706	0	0.001484	-0.212787	0.061515	2.956935E+9
-3347.11	-2.2	3.473783	-0.081189	0.00031	0	0.000769	-0.212787	0.061414	2.956936E+9
-3641.77	-2.4	3.301284	-0.083424	0.000447	0	0.000236	-0.212787	0.061505	2.956937E+9
-3931.24	-2.6	3.021263	-0.071046	0.000298	0	-0.000422	-0.212787	0.061432	2.956938E+9
-4215.08	-2.8	2.623303	-0.061612	-0.000456	0	-0.00077	-0.212787	0.061747	2.956939E+9
-4492.85	-3	2.144903	-0.050234	-7E-6	0	-0.001634	-0.212787	0.061422	2.95694E+9
-4764.12	-3.2	1.609049	-0.034143	-0.000851	0	-0.001312	-0.212787	0.06165	2.956941E+9
-5028.44	-3.4	1.029069	-0.020375	-0.003173	0	-0.002029	-0.212787	0.061708	2.956942E+9
-5285.39	-3.6	0.43718	-0.001691	-0.003092	0	-0.003153	-0.212787	0.061531	2.956943E+9
-5534.53	-3.8	-0.151522	0.017633	-0.003363	0	-0.002532	-0.212787	0.06158	2.956944E+9
-5775.41	-4	-0.694523	0.029462	-0.003793	0	-0.004109	-0.212787	0.061606	2.956945E+9
-6007.6	-4.2	-1.207918	0.048669	-0.005274	0	-0.004023	-0.212787	0.061673	2.956946E+9
-6230.67	-4.4	-1.653358	0.055017	-0.005769	0	-0.005073	-0.212787	0.06162	2.956947E+9
-6444.17	-4.6	-2.057986	0.068665	-0.005988	0	-0.005882	-0.212787	0.061579	2.956948E+9
-6647.68	-4.8	-2.422392	0.078636	-0.006149	0	-0.006583	-0.212787	0.061713	2.956949E+9
-6840.75	-5	-2.737451	0.086488	-0.006297	0	-0.006425	-0.212787	0.061556	2.95695E+9
-7022.95	-5.2	-3.010129	0.093551	-0.006215	0	-0.007141	-0.212787	0.061707	2.956951E+9
-7193.84	-5.4	-3.242403	0.102537	-0.006853	0	-0.007513	-0.212787	0.061501	2.956952E+9
-7352.98	-5.6	-3.428033	0.106624	-0.007339	0	-0.007005	-0.212787	0.06155	2.956953E+9
-7499.94	-5.8	-3.584125	0.108814	-0.007514	0	-0.006862	-0.212787	0.061707	2.956954E+9
-7634.28	-6	-3.697911	0.115243	-0.007029	0	-0.007144	-0.212787	0.061727	2.956955E+9
-7755.56	-6.2	-3.783277	0.115367	-0.008045	0	-0.007393	-0.212787	0.061671	2.956956E+9
-7863.34	-6.4	-3.836649	0.117358	-0.00729	0	-0.007245	-0.212787	0.061548	2.956957E+9
-7957.2	-6.6	-3.885611	0.123469	-0.006476	0	-0.007599	-0.212787	0.061671	2.956958E+9
-8036.69	-6.8	-3.914207	0.120227	-0.006659	0	-0.007763	-0.212787	0.061512	2.956959E+9
-8101.38	-7	-3.940529	0.117352	-0.007746	0	-0.007582	-0.212787	0.061716	2.95696E+9
-8036.69	-6.8	-3.938726	0.118161	-0.0079	0	-0.007619	-0.212787	0.061646	2.956961E+9
-7957.2	-6.6	-3.945214	0.119015	-0.007607	0	-0.007726	-0.212787	0.06157	2.956962E+9
-7863.34	-6.4	-3.947056	0.119525	-0.007853	0	-0.007898	-0.212787	0.061557	2.956963E+9
-7755.56	-6.2	-3.94704	0.123524	-0.007468	0	-0.007613	-0.212787	0.061833	2.956964E+9
-7634.28	-6	-3.948768	0.121692	-0.00828	0	-0.007943	-0.212787	0.061597	2.956965E+9
-7499.94	-5.8	-3.950467	0.11984	-0.008065	0	-0.008343	-0.212787	0.061778	2.956966E+9
-7352.98	-5.6	-3.951712	0.11958	-0.008314	0	-0.007904	-0.212787	0.061769	2.956967E+9
-7193.84	-5.4	-3.957283	0.121091	-0.00774	0	-0.008134	-0.212787	0.061572	2.956968E+9
-7022.95	-5.2	-3.956894	0.120357	-0.007682	0	-0.007458	-0.212787	0.061589	2.956969E+9
-6840.75	-5	-3.959486	0.122826	-0.007905	0	-0.00719	-0.212787	0.061515	2.95697E+9
-6647.68	-4.8	-3.968251	0.12217	-0.008326	0	-0.008603	-0.212787	0.061737	2.956971E+9
-6444.17	-4.6	-3.964743	0.123287	-0.008462	0	-0.008371	-0.212787	0.06154	2.956972E+9
-6230.67	-4.4	-3.961825	0.12153	-0.007689	0	-0.008409	-0.212787	0.061658	2.956973E+9
-6007.6	-4.2	-3.966289	0.120198	-0.007767	0	-0.008145	-0.212787	0.061795	2.956974E+9
-5775.41	-4	-3.964177	0.119597	-0.0072	0	-0.008767	-0.212787	0.061776	2.956975E+9
-5534.53	-3.8	-3.968479	0.124509	-0.008486	0	-0.008157	-0.212787	0.061796	2.956976E+9
-5285.39	-3.6	-3.969847	0.119181	-0.008554	0	-0.00865	-0.212787	0.061731	2.956977E+9
-5028.44	-3.4	-3.969336	0.122361	-0.008341	0	-0.008039	-0.212787	0.061691	2.956978E+9
-4764.12	-3.2	-3.969749	0.120103	-0.007919	0	-0.008447	-0.212787	0.061697	2.956979E+9
-4492.85	-3	-3.970785	0.123482	-0.00833	0	-0.008435	-0.212787	0.061866	2.95698E+9
-4215.08	-2.8	-3.969678	0.119421	-0.009138	0	-0.008356	-0.212787	0.061485	2.956981E+9
-3931.24	-2.6	-3.971354	0.120409	-0.008543	0	-0.008966	-0.212787	0.061852	2.956982E+9
-3641.77	-2.4	-3.972351	0.120321	-0.00908	0	-0.008618	-0.212787	0.06157	2.956983E+9
-3347.11	-2.2	-3.971062	0.119496	-0.009042	0	-0.007878	-0.212787	0.061509	2.956984E+9
-3047.69	-2	-3.974947	0.124824	-0.009922	0	-0.008195	-0.212787	0.061596	2.956985E+9
-2743.95	-1.8	-3.975896	0.121903	-0.008872	0	-0.008523	-0.212787	0.061808	2.956986E+9
-2436.33	-1.6	-3.976185	0.122241	-0.008708	0	-0.008433	-0.212787	0.061688	2.956987E+9
-2125.26	-1.4	-3.976058	0.120945	-0.008199	0	-0.009666	-0.212787	0.061676	2.956988E+9
-1811.18	-1.2	-3.97701	0.119278	-0.008856	0	-0.007742	-0.212787	0.061813	2.956989E+9
-1494.53	-1	-3.973787	0.120532	-0.008575	0	-0.008789	-0.212787	0.061583	2.95699E+9
-1175.74	-0.8	-3.976061	0.117803	-0.008743	0	-0.008401	-0.212787	0.061682	2.956991E+9
-855.25	-0.6	-3.979642	0.120366	-0.009478	0	-0.00919	-0.212787	0.061816	2.956992E+9
-533.51	-0.4	-3.978872	0.120155	-0.009347	0	-0.008313	-0.212787	0.061865	2.956993E+9
-210.93	-0.2	-3.979759	0.11971	-0.008677	0	-0.008841	-0.212787	0.061927	2.956994E+9
112.03	0	-3.977153	0.123716	-0.007714	0	-0.008978	-0.212787	0.061733	2.956995E+9
434.94	0.2	-3.979206	0.119291	-0.0091	0	-0.008911	-0.212787	0.061714	2.956996E+9
757.37	0.4	-3.971523	0.124145	-0.008312	0	-0.008459	-0.212787	0.061621	2.956997E+9
1078.87	0.6	-3.967946	0.11921	-0.008579	0	-0.009202	-0.212787	0.061681	2.956998E+9
1399.02	0.8	-3.967286	0.116913	-0.008719	0	-0.009689	-0.212787	0.061701	2.956999E+9
1717.37	1	-3.959366	0.123982	-0.009303	0	-0.008825	-0.212787	0.06156	2.957E+9
2033.48	1.2	-3.929295	0.116468	-0.008248	0	-0.008554	-0.212787	0.061762	2.957001E+9
2346.93	1.4	-3.901573	0.116215	-0.008271	0	-0.009591	-0.212787	0.061826	2.957002E+9
2657.27	1.6	-3.846886	0.120392	-0.009011	0	-0.009682	-0.212787	0.061701	2.957003E+9
2964.07	1.8	-3.739389	0.115458	-0.008016	0	-0.008755	-0.212787	0.061725	2.957004E+9
3266.89	2	-3.537329	0.108648	-0.00797	0	-0.007923	-0.212787	0.061663	2.957005E+9
3565.29	2.2	-3.224976	0.101634	-0.007835	0	-0.008409	-0.212787	0.061665	2.957006E+9
3858.83	2.4	-2.808044	0.092378	-0.008155	0	-0.00764	-0.212787	0.06159	2.957007E+9
4147.09	2.6	-2.317017	0.074903	-0.007337	0	-0.006255	-0.212787	0.061804	2.957008E+9
4429.62	2.8	-1.772427	0.062239	-0.006169	0	-0.00565	-0.212787	0.061553	2.957009E+9
4705.98	3	-1.188091	0.04324	-0.005773	0	-0.005312	-0.212787	0.061627	2.95701E+9
4975.74	3.2	-0.600474	0.032997	-0.004396	0	-0.003773	-0.212787	0.061739	2.957011E+9
5238.46	3.4	-0.025664	0.015151	-0.002738	0	-0.003533	-0.212787	0.061501	2.957012E+9
5493.71	3.6	0.519381	-0.004638	-0.002249	0	-0.002688	-0.212787	0.061659	2.957013E+9
5741.05	3.8	1.013861	-0.02081	-0.002453	0	-0.001849	-0.212787	0.061621	2.957014E+9
5980.04	4	1.453187	-0.029738	-0.002074	0	-0.000728	-0.212787	0.061521	2.957015E+9
6210.24	4.2	1.851023	-0.042574	-0.000723	0	-0.000804	-0.212787	0.061469	2.957016E+9
6431.22	4.4	2.199109	-0.054039	-0.000338	0	-3.9E-5	-0.212787	0.061663	2.957017E+9
6642.54	4.6	2.51055	-0.058636	0.000177	0	-0.000288	-0.212787	0.061394	2.957018E+9
6843.76	4.8	2.771829	-0.068314	0.000339	0	0.000495	-0.212787	0.061678	2.957019E+9
7034.46	5	2.990704	-0.072667	0.000892	0	0.00176	-0.212787	0.061515	2.95702E+9
7214.18	5.2	3.172264	-0.078947	0.001109	0	-0.000152	-0.212787	0.061397	2.957021E+9
7382.49	5.4	3.318805	-0.078908	0.001224	0	0.000595	-0.212787	0.061695	2.957022E+9
7538.96	5.6	3.424226	-0.082719	0.001159	0	0.000393	-0.212787	0.061554	2.957023E+9
7683.15	5.8	3.495878	-0.089493	0.000524	0	0.000791	-0.212787	0.061463	2.957024E+9
7814.63	6	3.552765	-0.082411	0.00068	0	0.00102	-0.212787	0.061647	2.957025E+9
7932.95	6.2	3.592566	-0.089058	0.000721	0	0.00187	-0.212787	0.06137	2.957026E+9
8037.67	6.4	3.617809	-0.08988	0.002579	0	0.000576	-0.212787	0.061623	2.957027E+9
8128.37	6.6	3.637143	-0.088268	0.001463	0	0.001356	-0.212787	0.061661	2.957028E+9
8204.61	6.8	3.638072	-0.089626	0.001646	0	0.001308	-0.212787	0.061637	2.957029E+9
8265.94	7	3.644079	-0.087316	0.000858	0	0.002037	-0.212787	0.061609	2.95703E+9
