20/05/2022	15:16

Co/Pt x6

Field	Kepco	Channel A	Channel B	Agilent	0	RF out	Monitor+	Monitor-	Time
8342.16	7.4	4.281221	-0.208155	0.003056	0	0.002123	-0.212787	0.064378	3.036689E+9
8311.94	7.2	4.29611	-0.208581	0.00198	0	0.002401	-0.212787	0.064637	3.036689E+9
8265.94	7	4.298966	-0.208025	0.00197	0	0.00279	-0.212787	0.064555	3.03669E+9
8204.61	6.8	4.302537	-0.208172	0.001811	0	0.001838	-0.212787	0.064348	3.036691E+9
8128.37	6.6	4.304938	-0.206066	0.002545	0	0.002445	-0.212787	0.06463	3.036692E+9
8037.67	6.4	4.305971	-0.20658	0.002125	0	0.002221	-0.212787	0.064601	3.036693E+9
7932.95	6.2	4.304278	-0.203461	0.002044	0	0.002288	-0.212787	0.064509	3.036694E+9
7814.63	6	4.307371	-0.206131	0.002392	0	0.002339	-0.212787	0.064587	3.036695E+9
7683.15	5.8	4.306003	-0.204894	0.001785	0	0.002244	-0.212787	0.06449	3.036696E+9
7538.96	5.6	4.30868	-0.208399	0.002216	0	0.00217	-0.212787	0.064426	3.036697E+9
7382.49	5.4	4.309515	-0.203604	0.002466	0	0.002287	-0.212787	0.064419	3.036698E+9
7214.18	5.2	4.3051	-0.204582	0.002147	0	0.002453	-0.212787	0.064476	3.036699E+9
7034.46	5	4.306559	-0.202252	0.002183	0	0.003048	-0.212787	0.064418	3.0367E+9
6843.76	4.8	4.303966	-0.206248	0.003064	0	0.002711	-0.212787	0.064557	3.036701E+9
6642.54	4.6	4.307745	-0.205469	0.002996	0	0.00284	-0.212787	0.064579	3.036702E+9
6431.22	4.4	4.306039	-0.204962	0.003241	0	0.00286	-0.212787	0.064611	3.036703E+9
6210.24	4.2	4.307683	-0.20644	0.002996	0	0.002934	-0.212787	0.064608	3.036704E+9
5980.04	4	4.303976	-0.204484	0.003511	0	0.003026	-0.212787	0.064651	3.036705E+9
5741.05	3.8	4.30255	-0.205413	0.0031	0	0.00295	-0.212787	0.064497	3.036706E+9
5493.71	3.6	4.30382	-0.204494	0.002366	0	0.003394	-0.212787	0.06453	3.036707E+9
5238.46	3.4	4.303904	-0.20631	0.003616	0	0.003589	-0.212787	0.064426	3.036708E+9
4975.74	3.2	4.303791	-0.207207	0.003452	0	0.002776	-0.212787	0.064549	3.036709E+9
4705.98	3	4.300282	-0.204475	0.002756	0	0.002625	-0.212787	0.064557	3.03671E+9
4429.62	2.8	4.299434	-0.205755	0.002578	0	0.00324	-0.212787	0.064536	3.036711E+9
4147.09	2.6	4.299275	-0.206356	0.002428	0	0.003454	-0.212787	0.064578	3.036712E+9
3858.83	2.4	4.300591	-0.204991	0.003728	0	0.003095	-0.212787	0.064523	3.036713E+9
3565.29	2.2	4.296695	-0.206703	0.003179	0	0.003019	-0.212787	0.064537	3.036714E+9
3266.89	2	4.295035	-0.206245	0.003118	0	0.003466	-0.212787	0.064522	3.036715E+9
2964.07	1.8	4.295461	-0.204991	0.003243	0	0.003695	-0.212787	0.064568	3.036716E+9
2657.27	1.6	4.295399	-0.205238	0.002881	0	0.00352	-0.212787	0.064513	3.036717E+9
2346.93	1.4	4.290906	-0.20617	0.003423	0	0.002876	-0.212787	0.064617	3.036718E+9
2033.48	1.2	4.292339	-0.201895	0.00261	0	0.002643	-0.212787	0.064547	3.036719E+9
1717.37	1	4.290721	-0.203204	0.003022	0	0.003181	-0.212787	0.064499	3.03672E+9
1399.02	0.8	4.292793	-0.206713	0.002595	0	0.002571	-0.212787	0.064475	3.036721E+9
1078.87	0.6	4.290204	-0.201375	0.0027	0	0.002474	-0.212787	0.06458	3.036722E+9
757.37	0.4	4.28804	-0.205839	0.001599	0	0.00223	-0.212787	0.064428	3.036723E+9
434.94	0.2	4.287024	-0.206177	0.002872	0	0.003186	-0.212787	0.064401	3.036724E+9
112.03	0	4.283144	-0.206154	0.003693	0	0.002519	-0.212787	0.064498	3.036725E+9
-210.93	-0.2	4.281241	-0.203451	0.004108	0	0.003129	-0.212787	0.064528	3.036726E+9
-533.51	-0.4	4.274275	-0.207545	0.003366	0	0.003517	-0.212787	0.06466	3.036727E+9
-855.25	-0.6	4.268112	-0.204016	0.002874	0	0.003009	-0.212787	0.064601	3.036728E+9
-1175.74	-0.8	4.255594	-0.20004	0.003036	0	0.002934	-0.212787	0.064567	3.036729E+9
-1494.53	-1	4.221618	-0.201797	0.00286	0	0.002636	-0.212787	0.064715	3.03673E+9
-1811.18	-1.2	4.098992	-0.195144	0.002818	0	0.003	-0.212787	0.064528	3.036731E+9
-2125.26	-1.4	3.796777	-0.1785	0.002045	0	0.002078	-0.212787	0.064593	3.036732E+9
-2436.33	-1.6	3.304764	-0.151392	0.001625	0	0.001766	-0.212787	0.064449	3.036733E+9
-2743.95	-1.8	2.727404	-0.121974	0.00121	0	0.001361	-0.212787	0.064639	3.036734E+9
-3047.69	-2	2.136606	-0.089308	0.000746	0	0.0005	-0.212787	0.064523	3.036735E+9
-3347.11	-2.2	1.561515	-0.062362	0.000208	0	-0.000187	-0.212787	0.0645	3.036736E+9
-3641.77	-2.4	1.006782	-0.033065	-0.001037	0	-0.000953	-0.212787	0.064621	3.036737E+9
-3931.24	-2.6	0.485434	-0.000703	-0.002028	0	-0.001464	-0.212787	0.064523	3.036738E+9
-4215.08	-2.8	-0.020836	0.027698	-0.002059	0	-0.002057	-0.212787	0.064706	3.036739E+9
-4492.85	-3	-0.496525	0.051554	-0.002514	0	-0.003152	-0.212787	0.064662	3.03674E+9
-4764.12	-3.2	-0.941315	0.072794	-0.003412	0	-0.003306	-0.212787	0.06469	3.036741E+9
-5028.44	-3.4	-1.327922	0.094805	-0.00387	0	-0.003713	-0.212787	0.064644	3.036742E+9
-5285.39	-3.6	-1.639635	0.110558	-0.004591	0	-0.004649	-0.212787	0.064696	3.036743E+9
-5534.53	-3.8	-1.856613	0.124931	-0.003892	0	-0.004732	-0.212787	0.064718	3.036744E+9
-5775.41	-4	-1.99456	0.129356	-0.004604	0	-0.004629	-0.212787	0.064579	3.036745E+9
-6007.6	-4.2	-2.083892	0.136009	-0.004335	0	-0.00474	-0.212787	0.064625	3.036746E+9
-6230.67	-4.4	-2.160938	0.138576	-0.004697	0	-0.004881	-0.212787	0.064767	3.036747E+9
-6444.17	-4.6	-2.23555	0.143316	-0.004754	0	-0.005165	-0.212787	0.064648	3.036748E+9
-6647.68	-4.8	-2.312108	0.148592	-0.004756	0	-0.004784	-0.212787	0.064655	3.036749E+9
-6840.75	-5	-2.396261	0.15136	-0.005165	0	-0.005548	-0.212787	0.06475	3.03675E+9
-7022.95	-5.2	-2.489518	0.155674	-0.00515	0	-0.005275	-0.212787	0.06455	3.036751E+9
-7193.84	-5.4	-2.585345	0.16188	-0.005385	0	-0.005434	-0.212787	0.064608	3.036752E+9
-7352.98	-5.6	-2.689047	0.166217	-0.004848	0	-0.005103	-0.212787	0.06481	3.036753E+9
-7499.94	-5.8	-2.784409	0.173049	-0.005526	0	-0.00549	-0.212787	0.06464	3.036754E+9
-7634.28	-6	-2.883036	0.179368	-0.004946	0	-0.006298	-0.212787	0.064581	3.036755E+9
-7755.56	-6.2	-2.981771	0.181077	-0.005355	0	-0.005259	-0.212787	0.064804	3.036756E+9
-7863.34	-6.4	-3.068952	0.187116	-0.005154	0	-0.005227	-0.212787	0.064675	3.036757E+9
-7957.2	-6.6	-3.153363	0.191483	-0.00552	0	-0.005927	-0.212787	0.064626	3.036758E+9
-8036.69	-6.8	-3.228521	0.196317	-0.005868	0	-0.00624	-0.212787	0.064829	3.036759E+9
-8101.38	-7	-3.289436	0.19812	-0.005622	0	-0.00613	-0.212787	0.06472	3.03676E+9
-8150.82	-7.2	-3.327707	0.20105	-0.006003	0	-0.006302	-0.212787	0.064793	3.036761E+9
-8184.58	-7.4	-3.336826	0.204471	-0.005755	0	-0.006428	-0.212787	0.064798	3.036762E+9
-8150.82	-7.2	-3.343343	0.200989	-0.00584	0	-0.006229	-0.212787	0.064693	3.036763E+9
-8101.38	-7	-3.348171	0.201434	-0.006039	0	-0.005755	-0.212787	0.064585	3.036764E+9
-8036.69	-6.8	-3.345205	0.201083	-0.006093	0	-0.005716	-0.212787	0.064687	3.036765E+9
-7957.2	-6.6	-3.346946	0.199234	-0.006342	0	-0.006257	-0.212787	0.064737	3.036766E+9
-7863.34	-6.4	-3.346127	0.202304	-0.006245	0	-0.006051	-0.212787	0.064685	3.036767E+9
-7755.56	-6.2	-3.347037	0.202214	-0.005375	0	-0.005585	-0.212787	0.064578	3.036768E+9
-7634.28	-6	-3.348291	0.204186	-0.006217	0	-0.006167	-0.212787	0.064674	3.036769E+9
-7499.94	-5.8	-3.344786	0.204585	-0.005581	0	-0.005843	-0.212787	0.064747	3.03677E+9
-7352.98	-5.6	-3.344747	0.203864	-0.005717	0	-0.005957	-0.212787	0.064755	3.036771E+9
-7193.84	-5.4	-3.345578	0.201466	-0.005692	0	-0.005284	-0.212787	0.064693	3.036772E+9
-7022.95	-5.2	-3.344412	0.202197	-0.005933	0	-0.00557	-0.212787	0.064705	3.036773E+9
-6840.75	-5	-3.346082	0.199523	-0.00601	0	-0.006166	-0.212787	0.064723	3.036774E+9
-6647.68	-4.8	-3.342076	0.201528	-0.005774	0	-0.005854	-0.212787	0.064801	3.036775E+9
-6444.17	-4.6	-3.341608	0.203013	-0.005765	0	-0.005921	-0.212787	0.064625	3.036776E+9
-6230.67	-4.4	-3.340744	0.202236	-0.005848	0	-0.005778	-0.212787	0.064642	3.036777E+9
-6007.6	-4.2	-3.339523	0.203893	-0.005803	0	-0.006155	-0.212787	0.064662	3.036778E+9
-5775.41	-4	-3.337814	0.203744	-0.005481	0	-0.00636	-0.212787	0.064726	3.036779E+9
-5534.53	-3.8	-3.334191	0.20439	-0.006694	0	-0.005875	-0.212787	0.064776	3.03678E+9
-5285.39	-3.6	-3.332411	0.202893	-0.00633	0	-0.006105	-0.212787	0.064784	3.036781E+9
-5028.44	-3.4	-3.335998	0.20249	-0.006242	0	-0.005974	-0.212787	0.064838	3.036782E+9
-4764.12	-3.2	-3.330998	0.201687	-0.005883	0	-0.006074	-0.212787	0.064578	3.036783E+9
-4492.85	-3	-3.331472	0.201629	-0.005886	0	-0.006267	-0.212787	0.064619	3.036784E+9
-4215.08	-2.8	-3.328941	0.203201	-0.006115	0	-0.005711	-0.212787	0.064604	3.036785E+9
-3931.24	-2.6	-3.328421	0.198783	-0.00656	0	-0.006196	-0.212787	0.064737	3.036786E+9
-3641.77	-2.4	-3.324432	0.201418	-0.006284	0	-0.006001	-0.212787	0.064693	3.036787E+9
-3347.11	-2.2	-3.327765	0.19711	-0.005354	0	-0.006326	-0.212787	0.064801	3.036788E+9
-3047.69	-2	-3.325803	0.198734	-0.006048	0	-0.005971	-0.212787	0.064632	3.036789E+9
-2743.95	-1.8	-3.324045	0.202948	-0.006016	0	-0.006573	-0.212787	0.064485	3.03679E+9
-2436.33	-1.6	-3.324974	0.201083	-0.006257	0	-0.005899	-0.212787	0.06484	3.036791E+9
-2125.26	-1.4	-3.322271	0.200703	-0.005792	0	-0.006578	-0.212787	0.064566	3.036792E+9
-1811.18	-1.2	-3.322817	0.204221	-0.005705	0	-0.006249	-0.212787	0.064655	3.036793E+9
-1494.53	-1	-3.320936	0.203224	-0.006329	0	-0.006617	-0.212787	0.064604	3.036794E+9
-1175.74	-0.8	-3.320468	0.200209	-0.00612	0	-0.005999	-0.212787	0.064609	3.036795E+9
-855.25	-0.6	-3.319185	0.201457	-0.005745	0	-0.006337	-0.212787	0.06466	3.036796E+9
-533.51	-0.4	-3.315615	0.200368	-0.006111	0	-0.006341	-0.212787	0.06469	3.036797E+9
-210.93	-0.2	-3.310348	0.200261	-0.005826	0	-0.006042	-0.212787	0.064745	3.036798E+9
112.03	0	-3.305521	0.201086	-0.0056	0	-0.00652	-0.212787	0.064759	3.036799E+9
434.94	0.2	-3.299559	0.197629	-0.006328	0	-0.006656	-0.212787	0.064783	3.0368E+9
757.37	0.4	-3.281021	0.198019	-0.006572	0	-0.006122	-0.212787	0.064648	3.036801E+9
1078.87	0.6	-3.228163	0.193929	-0.00599	0	-0.005856	-0.212787	0.064603	3.036802E+9
1399.02	0.8	-3.064605	0.184806	-0.005618	0	-0.005907	-0.212787	0.064643	3.036803E+9
1717.37	1	-2.714066	0.170359	-0.004511	0	-0.005292	-0.212787	0.064812	3.036804E+9
2033.48	1.2	-2.20055	0.140512	-0.004547	0	-0.004382	-0.212787	0.064778	3.036805E+9
2346.93	1.4	-1.618966	0.109337	-0.004036	0	-0.00364	-0.212787	0.064605	3.036806E+9
2657.27	1.6	-1.036044	0.079685	-0.002859	0	-0.003649	-0.212787	0.064739	3.036807E+9
2964.07	1.8	-0.463573	0.050784	-0.00202	0	-0.002823	-0.212787	0.064696	3.036808E+9
3266.89	2	0.076462	0.019485	-0.002007	0	-0.001793	-0.212787	0.06466	3.036809E+9
3565.29	2.2	0.597625	-0.007558	-0.000773	0	-0.000909	-0.212787	0.064679	3.03681E+9
3858.83	2.4	1.094815	-0.035833	-0.000246	0	-0.00087	-0.212787	0.064549	3.036811E+9
4147.09	2.6	1.561847	-0.060043	-0.000318	0	-6.7E-5	-0.212787	0.064604	3.036812E+9
4429.62	2.8	1.995997	-0.086189	0.000663	0	0.000335	-0.212787	0.064558	3.036813E+9
4705.98	3	2.367147	-0.103421	0.001366	0	0.000843	-0.212787	0.064486	3.036814E+9
4975.74	3.2	2.655463	-0.11637	0.001271	0	0.00092	-0.212787	0.064593	3.036815E+9
5238.46	3.4	2.848026	-0.128404	0.001505	0	0.001432	-0.212787	0.06465	3.036816E+9
5493.71	3.6	2.96974	-0.136094	0.002448	0	0.001933	-0.212787	0.064582	3.036817E+9
5741.05	3.8	3.054696	-0.141899	0.002516	0	0.001871	-0.212787	0.064705	3.036818E+9
5980.04	4	3.127288	-0.144911	0.002019	0	0.001699	-0.212787	0.064612	3.036819E+9
6210.24	4.2	3.204252	-0.146071	0.002131	0	0.002322	-0.212787	0.064683	3.03682E+9
6431.22	4.4	3.28171	-0.153556	0.002707	0	0.002192	-0.212787	0.06465	3.036821E+9
6642.54	4.6	3.364487	-0.152773	0.00289	0	0.002344	-0.212787	0.064662	3.036822E+9
6843.76	4.8	3.45957	-0.160216	0.002601	0	0.002635	-0.212787	0.064492	3.036823E+9
7034.46	5	3.55951	-0.165482	0.003384	0	0.002519	-0.212787	0.06451	3.036824E+9
7214.18	5.2	3.658465	-0.168783	0.002799	0	0.002606	-0.212787	0.064543	3.036825E+9
7382.49	5.4	3.756553	-0.178127	0.002875	0	0.003102	-0.212787	0.064572	3.036826E+9
7538.96	5.6	3.854437	-0.181122	0.003363	0	0.002859	-0.212787	0.064632	3.036827E+9
7683.15	5.8	3.945443	-0.185703	0.003653	0	0.003186	-0.212787	0.064401	3.036828E+9
7814.63	6	4.038203	-0.18993	0.003816	0	0.002949	-0.212787	0.064599	3.036829E+9
7932.95	6.2	4.116636	-0.195589	0.003173	0	0.003195	-0.212787	0.064527	3.03683E+9
8037.67	6.4	4.186983	-0.197655	0.004207	0	0.003831	-0.212787	0.064589	3.036831E+9
8128.37	6.6	4.250484	-0.199871	0.003332	0	0.003376	-0.212787	0.064515	3.036832E+9
8204.61	6.8	4.267869	-0.205209	0.003511	0	0.003229	-0.212787	0.064415	3.036833E+9
8265.94	7	4.274139	-0.203055	0.003187	0	0.003725	-0.212787	0.064425	3.036834E+9
8311.94	7.2	4.278492	-0.203146	0.003083	0	0.003484	-0.212787	0.064592	3.036835E+9
8342.16	7.4	4.276861	-0.205066	0.003211	0	0.003111	-0.212787	0.064565	3.036836E+9
