16/05/2022	13:38

Si\Ta3\(Co88Tb12)100\Pt3-20220511_APEJ5

Field	Kepco	Channel A	Channel B	Agilent	0	RF out	Monitor+	Monitor-	Time
8265.94	7	-0.708276	-3.784109	0.00258	0	0.001302	-0.212787	0.033033	2.685203E+9
8186.93	6.75	-0.650275	-3.819384	0.00203	0	0.001543	-0.212787	0.033036	2.685203E+9
8084.8	6.5	-0.676876	-3.868259	0.002245	0	0.001854	-0.212787	0.033104	2.685204E+9
7960.42	6.25	-0.597375	-3.796639	0.002618	0	0.001773	-0.212787	0.033225	2.685205E+9
7814.63	6	-0.604766	-3.776084	0.001484	0	0.001852	-0.212787	0.03303	2.685206E+9
7648.28	5.75	-0.585224	-3.735763	0.002656	0	0.001722	-0.212787	0.033155	2.685207E+9
7462.23	5.5	-0.486405	-3.757761	0.002532	0	0.001861	-0.212787	0.033006	2.685208E+9
7257.34	5.25	-0.496948	-3.69797	0.002116	0	0.002141	-0.212787	0.033035	2.685209E+9
7034.46	5	-0.415562	-3.692957	0.002343	0	0.001676	-0.212787	0.033223	2.68521E+9
6794.43	4.75	-0.438619	-3.669306	0.002471	0	0.001812	-0.212787	0.033128	2.685211E+9
6538.11	4.5	-0.439265	-3.679926	0.00249	0	0.002095	-0.212787	0.033075	2.685212E+9
6266.37	4.25	-0.412479	-3.683097	0.002686	0	0.001656	-0.212787	0.03305	2.685213E+9
5980.04	4	-0.427414	-3.690374	0.002071	0	0.001514	-0.212787	0.033145	2.685214E+9
5679.98	3.75	-0.416888	-3.675959	0.001821	0	0.001359	-0.212787	0.03316	2.685215E+9
5367.05	3.5	-0.458186	-3.712232	0.001834	0	0.001482	-0.212787	0.033234	2.685216E+9
5042.1	3.25	-0.431182	-3.705221	0.00196	0	0.001682	-0.212787	0.033223	2.685217E+9
4705.98	3	-0.416927	-3.697996	0.002005	0	0.001602	-0.212787	0.033248	2.685218E+9
4359.54	2.75	-0.403005	-3.673136	0.001674	0	0.00176	-0.212787	0.033086	2.685219E+9
4003.65	2.5	-0.372126	-3.701683	0.001681	0	0.001397	-0.212787	0.033159	2.68522E+9
3639.15	2.25	-0.340011	-3.69245	0.001888	0	0.001557	-0.212787	0.033208	2.685221E+9
3266.89	2	-0.328192	-3.676317	0.001649	0	0.001865	-0.212787	0.033087	2.685222E+9
2887.73	1.75	-0.375066	-3.653984	0.001645	0	0.001622	-0.212787	0.033146	2.685223E+9
2502.52	1.5	-0.386066	-3.630158	0.001527	0	0.001914	-0.212787	0.03325	2.685224E+9
2112.11	1.25	-0.387782	-3.626727	0.001621	0	0.001819	-0.212787	0.033323	2.685225E+9
1717.37	1	-0.397924	-3.648708	0.001518	0	0.001585	-0.212787	0.033177	2.685226E+9
1319.13	0.75	-0.368039	-3.622909	0.00138	0	0.001615	-0.212787	0.033311	2.685227E+9
918.26	0.5	-0.379052	-3.631184	0.001734	0	0.001856	-0.212787	0.033322	2.685228E+9
515.61	0.25	-0.377207	-3.665881	0.001273	0	0.002437	-0.212787	0.033326	2.685229E+9
112.03	0	-0.411598	-3.697229	0.001579	0	0.001636	-0.212787	0.033214	2.68523E+9
-291.63	-0.25	-0.463466	-3.710374	0.000716	0	0.001693	-0.212787	0.033245	2.685231E+9
-694.51	-0.5	-0.468222	-3.713538	0.000873	0	0.002088	-0.212787	0.033211	2.685232E+9
-1095.76	-0.75	-0.457741	-3.738863	0.001278	0	0.001848	-0.212787	0.033189	2.685233E+9
-1494.53	-1	-0.435708	-3.70963	0.000953	0	0.002013	-0.212787	0.033162	2.685234E+9
-1889.96	-1.25	-0.461659	-3.729565	0.001567	0	0.001261	-0.212787	0.033335	2.685235E+9
-2281.19	-1.5	-0.461253	-3.681219	0.001158	0	0.00165	-0.212787	0.033281	2.685236E+9
-2667.39	-1.75	-0.432131	-3.68861	0.001099	0	0.001773	-0.212787	0.033299	2.685237E+9
-3047.69	-2	-0.374699	-3.65298	0.001833	0	0.000921	-0.212787	0.033219	2.685238E+9
-3421.24	-2.25	-0.361837	-3.620369	0.001114	0	0.00151	-0.212787	0.033297	2.685239E+9
-3787.18	-2.5	-0.324852	-3.552267	0.001949	0	0.001689	-0.212787	0.033339	2.68524E+9
-4144.67	-2.75	-0.310346	-3.5583	0.00144	0	0.001967	-0.212787	0.033182	2.685241E+9
-4492.85	-3	-0.327139	-3.555844	0.000927	0	0.001587	-0.212787	0.033301	2.685242E+9
-4830.87	-3.25	-0.280006	-3.525195	0.001157	0	0.001539	-0.212787	0.033302	2.685243E+9
-5157.87	-3.5	-0.292358	-3.529074	0.001069	0	0.001905	-0.212787	0.033296	2.685244E+9
-5473	-3.75	-0.285789	-3.490654	0.001945	0	0.001021	-0.212787	0.033272	2.685245E+9
-5775.41	-4	-0.306805	-3.504068	0.001339	0	0.001608	-0.212787	0.033143	2.685246E+9
-6064.24	-4.25	-0.330099	-3.4895	0.000906	0	0.0016	-0.212787	0.033249	2.685247E+9
-6338.64	-4.5	-0.328523	-3.448962	0.001661	0	0.001638	-0.212787	0.033131	2.685248E+9
-6597.76	-4.75	-0.35606	-3.479949	0.001542	0	0.001575	-0.212787	0.033079	2.685249E+9
-6840.75	-5	-0.339296	-3.449098	0.001325	0	0.001689	-0.212787	0.033079	2.68525E+9
-7066.75	-5.25	-0.328904	-3.460206	0.000927	0	0.002158	-0.212787	0.033236	2.685251E+9
-7274.9	-5.5	-0.329004	-3.455918	0.00177	0	0.001767	-0.212787	0.033218	2.685252E+9
-7464.36	-5.75	-0.325957	-3.45095	0.001861	0	0.001586	-0.212787	0.033242	2.685253E+9
-7634.28	-6	-0.338682	-3.440141	0.001317	0	0.001899	-0.212787	0.033293	2.685254E+9
-7783.79	-6.25	-0.310584	-3.465037	0.001649	0	0.001815	-0.212787	0.033242	2.685255E+9
-7912.04	-6.5	-0.298076	-3.445671	0.001481	0	0.001629	-0.212787	0.033044	2.685256E+9
-8018.19	-6.75	-0.289567	-3.407566	0.001507	0	0.001237	-0.212787	0.033232	2.685257E+9
-8101.38	-7	-0.246381	-3.435817	0.000337	0	0.001926	-0.212787	0.033255	2.685258E+9
-8018.19	-6.75	-0.308966	-3.423352	0.001404	0	0.001507	-0.212787	0.033253	2.685259E+9
-7912.04	-6.5	-0.311971	-3.386331	0.001366	0	0.002151	-0.212787	0.033242	2.68526E+9
-7783.79	-6.25	-0.283154	-3.43406	0.001144	0	0.001497	-0.212787	0.033055	2.685261E+9
-7634.28	-6	-0.310402	-3.405093	0.001195	0	0.001524	-0.212787	0.033171	2.685262E+9
-7464.36	-5.75	-0.336483	-3.429901	0.001811	0	0.001366	-0.212787	0.033207	2.685263E+9
-7274.9	-5.5	-0.33431	-3.405152	0.001596	0	0.001681	-0.212787	0.033075	2.685264E+9
-7066.75	-5.25	-0.304037	-3.456015	0.001475	0	0.001144	-0.212787	0.033252	2.685265E+9
-6840.75	-5	-0.339202	-3.441724	0.001432	0	0.001199	-0.212787	0.033203	2.685266E+9
-6597.76	-4.75	-0.346327	-3.470852	0.001502	0	0.001812	-0.212787	0.033091	2.685267E+9
-6338.64	-4.5	-0.346242	-3.511583	0.000937	0	0.001258	-0.212787	0.033176	2.685268E+9
-6064.24	-4.25	-0.373425	-3.509078	0.000765	0	0.001325	-0.212787	0.033146	2.685269E+9
-5775.41	-4	-0.390478	-3.507109	0.001992	0	0.0014	-0.212787	0.033233	2.68527E+9
-5473	-3.75	-0.375875	-3.525946	0.00099	0	0.001312	-0.212787	0.033249	2.685271E+9
-5157.87	-3.5	-0.435363	-3.51156	0.001894	0	0.001606	-0.212787	0.033103	2.685272E+9
-4830.87	-3.25	-0.361937	-3.545166	0.000215	0	0.000865	-0.212787	0.033155	2.685273E+9
-4492.85	-3	-0.482591	-3.549087	0.001031	0	0.001183	-0.212787	0.033116	2.685274E+9
-4144.67	-2.75	-0.489732	-3.599635	0.001033	0	0.001417	-0.212787	0.033209	2.685275E+9
-3787.18	-2.5	-0.508439	-3.580435	0.00098	0	0.001156	-0.212787	0.033182	2.685276E+9
-3421.24	-2.25	-0.489365	-3.586838	0.000417	0	0.001318	-0.212787	0.033201	2.685277E+9
-3047.69	-2	-0.488621	-3.617159	0.000647	0	0.001174	-0.212787	0.033321	2.685278E+9
-2667.39	-1.75	-0.481418	-3.601578	0.000563	0	0.001667	-0.212787	0.03311	2.685279E+9
-2281.19	-1.5	-0.449538	-3.589944	0.001061	0	0.001169	-0.212787	0.033342	2.68528E+9
-1889.96	-1.25	-0.455529	-3.63033	0.000209	0	0.001573	-0.212787	0.033358	2.685281E+9
-1494.53	-1	-0.458638	-3.641207	0.001577	0	0.001584	-0.212787	0.033175	2.685282E+9
-1095.76	-0.75	-0.463443	-3.633039	0.001391	0	0.00165	-0.212787	0.033273	2.685283E+9
-694.51	-0.5	-0.450431	-3.634287	0.001255	0	0.001093	-0.212787	0.033352	2.685284E+9
-291.63	-0.25	-0.47354	-3.597491	0.001327	0	0.001635	-0.212787	0.033319	2.685285E+9
112.03	0	-0.464879	-3.619261	0.001897	0	0.001194	-0.212787	0.033234	2.685286E+9
515.61	0.25	-0.410686	-3.618182	0.001865	0	0.001452	-0.212787	0.033289	2.685288E+9
918.26	0.5	-0.44792	-3.617653	0.001103	0	0.001934	-0.212787	0.033295	2.685288E+9
1319.13	0.75	-0.424831	-3.573878	0.001075	0	0.001066	-0.212787	0.033331	2.685289E+9
1717.37	1	-0.441478	-3.590993	0.000702	0	0.001748	-0.212787	0.033321	2.68529E+9
2112.11	1.25	-0.403018	-3.600681	0.001465	0	0.001923	-0.212787	0.033348	2.685291E+9
2502.52	1.5	-0.40346	-3.593258	0.00183	0	0.00184	-0.212787	0.033157	2.685292E+9
2887.73	1.75	-0.431439	-3.58152	0.001515	0	0.001312	-0.212787	0.033184	2.685293E+9
3266.89	2	-0.376469	-3.555026	0.001421	0	0.001195	-0.212787	0.033066	2.685294E+9
3639.15	2.25	-0.393428	-3.601899	0.001778	0	0.001944	-0.212787	0.033302	2.685295E+9
4003.65	2.5	-0.355784	-3.615158	0.002022	0	0.001381	-0.212787	0.033173	2.685296E+9
4359.54	2.75	-0.33033	-3.597981	0.001283	0	0.001333	-0.212787	0.033194	2.685297E+9
4705.98	3	-0.380511	-3.602897	0.001268	0	0.001469	-0.212787	0.033183	2.685298E+9
5042.1	3.25	-0.38309	-3.628309	0.001412	0	0.002083	-0.212787	0.033051	2.685299E+9
5367.05	3.5	-0.363175	-3.612494	0.001269	0	0.001505	-0.212787	0.033094	2.6853E+9
5679.98	3.75	-0.336399	-3.626896	0.002154	0	0.001946	-0.212787	0.033188	2.685301E+9
5980.04	4	-0.369224	-3.622052	0.001662	0	0.001838	-0.212787	0.033094	2.685302E+9
6266.37	4.25	-0.391342	-3.649186	0.001446	0	0.002246	-0.212787	0.033191	2.685303E+9
6538.11	4.5	-0.3899	-3.613511	0.001717	0	0.001943	-0.212787	0.033249	2.685304E+9
6794.43	4.75	-0.399883	-3.633975	0.002298	0	0.001866	-0.212787	0.033129	2.685305E+9
7034.46	5	-0.364432	-3.633056	0.001969	0	0.001906	-0.212787	0.033066	2.685306E+9
7257.34	5.25	-0.315233	-3.629881	0.001541	0	0.002414	-0.212787	0.03307	2.685307E+9
7462.23	5.5	-0.377512	-3.628251	0.002657	0	0.002458	-0.212787	0.033228	2.685308E+9
7648.28	5.75	-0.350531	-3.62033	0.00239	0	0.001921	-0.212787	0.033066	2.685309E+9
7814.63	6	-0.370056	-3.633069	0.002231	0	0.002714	-0.212787	0.033014	2.68531E+9
7960.42	6.25	-0.389088	-3.622935	0.002098	0	0.002364	-0.212787	0.033052	2.685311E+9
8084.8	6.5	-0.375335	-3.646109	0.00209	0	0.002655	-0.212787	0.033211	2.685312E+9
8186.93	6.75	-0.29995	-3.65966	0.002221	0	0.002375	-0.212787	0.033271	2.685313E+9
8265.94	7	-0.343465	-3.642311	0.002418	0	0.002584	-0.212787	0.033105	2.685314E+9
