20/05/2022	14:59

CoTb

Field	Kepco	Channel A	Channel B	Agilent	0	RF out	Monitor+	Monitor-	Time
8342.16	7.4	6.190281	-0.317315	0.003329	0	0.004012	-0.212787	0.058957	3.035649E+9
8311.94	7.2	6.199053	-0.319508	0.004109	0	0.004088	-0.212787	0.059033	3.03565E+9
8265.94	7	6.203972	-0.320424	0.004913	0	0.003945	-0.212787	0.059003	3.035651E+9
8204.61	6.8	6.20534	-0.316142	0.003774	0	0.003843	-0.212787	0.058834	3.035652E+9
8128.37	6.6	6.206747	-0.317903	0.00368	0	0.004135	-0.212787	0.058838	3.035653E+9
8037.67	6.4	6.21365	-0.320476	0.00375	0	0.004327	-0.212787	0.058894	3.035654E+9
7932.95	6.2	6.214911	-0.318618	0.00446	0	0.003979	-0.212787	0.058998	3.035655E+9
7814.63	6	6.217045	-0.316893	0.003853	0	0.003846	-0.212787	0.058925	3.035656E+9
7683.15	5.8	6.220743	-0.319618	0.005004	0	0.004203	-0.212787	0.058855	3.035657E+9
7538.96	5.6	6.222458	-0.32046	0.004129	0	0.003752	-0.212787	0.058909	3.035658E+9
7382.49	5.4	6.226707	-0.319157	0.004148	0	0.003894	-0.212787	0.058873	3.035659E+9
7214.18	5.2	6.229742	-0.320496	0.004242	0	0.00455	-0.212787	0.058856	3.03566E+9
7034.46	5	6.230431	-0.322179	0.004988	0	0.003629	-0.212787	0.058956	3.035661E+9
6843.76	4.8	6.235574	-0.320096	0.004588	0	0.003928	-0.212787	0.058816	3.035662E+9
6642.54	4.6	6.240385	-0.320889	0.003816	0	0.004476	-0.212787	0.058885	3.035663E+9
6431.22	4.4	6.242224	-0.320937	0.00425	0	0.003663	-0.212787	0.058881	3.035664E+9
6210.24	4.2	6.247068	-0.32172	0.004308	0	0.004277	-0.212787	0.058957	3.035665E+9
5980.04	4	6.247487	-0.321311	0.00435	0	0.003853	-0.212787	0.058949	3.035666E+9
5741.05	3.8	6.247961	-0.321389	0.004492	0	0.004576	-0.212787	0.058856	3.035667E+9
5493.71	3.6	6.246418	-0.319553	0.004573	0	0.004001	-0.212787	0.058848	3.035668E+9
5238.46	3.4	6.24341	-0.320808	0.004504	0	0.003911	-0.212787	0.058928	3.035669E+9
4975.74	3.2	6.242669	-0.319979	0.004444	0	0.004262	-0.212787	0.058923	3.03567E+9
4705.98	3	6.241308	-0.321214	0.004415	0	0.004386	-0.212787	0.058851	3.035671E+9
4429.62	2.8	6.241629	-0.319586	0.004562	0	0.00354	-0.212787	0.058956	3.035672E+9
4147.09	2.6	6.2412	-0.320765	0.004373	0	0.003706	-0.212787	0.058892	3.035673E+9
3858.83	2.4	6.239066	-0.320034	0.004343	0	0.004015	-0.212787	0.05891	3.035674E+9
3565.29	2.2	6.23992	-0.319924	0.004765	0	0.004302	-0.212787	0.058963	3.035675E+9
3266.89	2	6.236041	-0.319947	0.004531	0	0.003697	-0.212787	0.058822	3.035676E+9
2964.07	1.8	6.229781	-0.320067	0.003688	0	0.00357	-0.212787	0.05891	3.035677E+9
2657.27	1.6	6.227227	-0.320382	0.004127	0	0.004255	-0.212787	0.058898	3.035678E+9
2346.93	1.4	6.221097	-0.316422	0.004098	0	0.004243	-0.212787	0.059017	3.035679E+9
2033.48	1.2	6.212757	-0.317874	0.004881	0	0.003296	-0.212787	0.05905	3.03568E+9
1717.37	1	6.204658	-0.317286	0.003829	0	0.003701	-0.212787	0.058902	3.035681E+9
1399.02	0.8	6.197624	-0.318244	0.004038	0	0.003917	-0.212787	0.058946	3.035682E+9
1078.87	0.6	6.187712	-0.317396	0.003678	0	0.003801	-0.212787	0.058903	3.035683E+9
757.37	0.4	6.174674	-0.317364	0.003976	0	0.003529	-0.212787	0.058952	3.035684E+9
434.94	0.2	6.155116	-0.314235	0.003389	0	0.004042	-0.212787	0.058845	3.035685E+9
112.03	0	6.127511	-0.312952	0.004236	0	0.003762	-0.212787	0.058886	3.035686E+9
-210.93	-0.2	6.081432	-0.306779	0.003112	0	0.003499	-0.212787	0.058863	3.035687E+9
-533.51	-0.4	5.987171	-0.303878	0.00267	0	0.002951	-0.212787	0.058892	3.035688E+9
-855.25	-0.6	5.816363	-0.297631	0.002805	0	0.003248	-0.212787	0.05895	3.035689E+9
-1175.74	-0.8	5.542516	-0.278833	0.002335	0	0.003206	-0.212787	0.058857	3.03569E+9
-1494.53	-1	5.189794	-0.260861	0.002331	0	0.002428	-0.212787	0.058953	3.035691E+9
-1811.18	-1.2	4.789645	-0.239763	0.001288	0	0.001817	-0.212787	0.059014	3.035692E+9
-2125.26	-1.4	4.377688	-0.215254	0.000606	0	0.001711	-0.212787	0.059032	3.035693E+9
-2436.33	-1.6	3.976765	-0.19504	0.00086	0	0.001196	-0.212787	0.058846	3.035694E+9
-2743.95	-1.8	3.590786	-0.173793	7.9E-5	0	0.00073	-0.212787	0.058935	3.035695E+9
-3047.69	-2	3.219401	-0.153228	-0.000473	0	-0.00014	-0.212787	0.05898	3.035696E+9
-3347.11	-2.2	2.855768	-0.135233	-0.000754	0	2E-5	-0.212787	0.059001	3.035697E+9
-3641.77	-2.4	2.501057	-0.115555	-0.000657	0	-0.000496	-0.212787	0.058902	3.035698E+9
-3931.24	-2.6	2.156326	-0.094529	-0.001811	0	-0.001163	-0.212787	0.059106	3.035699E+9
-4215.08	-2.8	1.814198	-0.077154	-0.001893	0	-0.001447	-0.212787	0.059083	3.0357E+9
-4492.85	-3	1.488671	-0.057817	-0.00205	0	-0.001646	-0.212787	0.059132	3.035701E+9
-4764.12	-3.2	1.190268	-0.042031	-0.00262	0	-0.002085	-0.212787	0.059056	3.035702E+9
-5028.44	-3.4	0.935936	-0.028087	-0.001927	0	-0.002949	-0.212787	0.058983	3.035703E+9
-5285.39	-3.6	0.729292	-0.017613	-0.003029	0	-0.002748	-0.212787	0.059068	3.035704E+9
-5534.53	-3.8	0.567775	-0.004862	-0.002306	0	-0.00278	-0.212787	0.059129	3.035705E+9
-5775.41	-4	0.421979	0.002234	-0.002433	0	-0.003128	-0.212787	0.059044	3.035706E+9
-6007.6	-4.2	0.268638	0.01173	-0.00279	0	-0.003476	-0.212787	0.059135	3.035707E+9
-6230.67	-4.4	0.114697	0.019667	-0.002804	0	-0.00364	-0.212787	0.059058	3.035708E+9
-6444.17	-4.6	-0.041287	0.026148	-0.003253	0	-0.002894	-0.212787	0.059169	3.035709E+9
-6647.68	-4.8	-0.19183	0.034335	-0.00343	0	-0.003847	-0.212787	0.059197	3.03571E+9
-6840.75	-5	-0.335044	0.042941	-0.00273	0	-0.00397	-0.212787	0.059068	3.035711E+9
-7022.95	-5.2	-0.476662	0.050647	-0.003568	0	-0.00377	-0.212787	0.059205	3.035712E+9
-7193.84	-5.4	-0.602413	0.058474	-0.003804	0	-0.00409	-0.212787	0.059276	3.035713E+9
-7352.98	-5.6	-0.72489	0.064243	-0.003298	0	-0.003874	-0.212787	0.059131	3.035714E+9
-7499.94	-5.8	-0.838741	0.072161	-0.005045	0	-0.004507	-0.212787	0.059212	3.035715E+9
-7634.28	-6	-0.93767	0.075592	-0.004002	0	-0.004236	-0.212787	0.059151	3.035716E+9
-7755.56	-6.2	-1.027636	0.080465	-0.004283	0	-0.004732	-0.212787	0.059198	3.035717E+9
-7863.34	-6.4	-1.10486	0.08487	-0.004384	0	-0.004536	-0.212787	0.059195	3.035718E+9
-7957.2	-6.6	-1.16212	0.088249	-0.004362	0	-0.00512	-0.212787	0.059118	3.035719E+9
-8036.69	-6.8	-1.216362	0.09013	-0.004524	0	-0.004688	-0.212787	0.059254	3.03572E+9
-8101.38	-7	-1.265035	0.095318	-0.004397	0	-0.004522	-0.212787	0.059132	3.035721E+9
-8150.82	-7.2	-1.298313	0.097901	-0.004275	0	-0.005092	-0.212787	0.059102	3.035722E+9
-8184.58	-7.4	-1.313598	0.095419	-0.00451	0	-0.004899	-0.212787	0.059212	3.035723E+9
-8150.82	-7.2	-1.31494	0.097937	-0.004049	0	-0.004563	-0.212787	0.059162	3.035724E+9
-8101.38	-7	-1.314895	0.095825	-0.004251	0	-0.004377	-0.212787	0.059282	3.035725E+9
-8036.69	-6.8	-1.314885	0.097966	-0.004841	0	-0.005117	-0.212787	0.059259	3.035726E+9
-7957.2	-6.6	-1.31137	0.09795	-0.004356	0	-0.004741	-0.212787	0.059166	3.035727E+9
-7863.34	-6.4	-1.313605	0.097901	-0.004732	0	-0.004928	-0.212787	0.059113	3.035728E+9
-7755.56	-6.2	-1.307897	0.094555	-0.004609	0	-0.00483	-0.212787	0.059054	3.035729E+9
-7634.28	-6	-1.310233	0.096553	-0.004599	0	-0.0051	-0.212787	0.059315	3.03573E+9
-7499.94	-5.8	-1.310333	0.097102	-0.00584	0	-0.004943	-0.212787	0.059083	3.035731E+9
-7352.98	-5.6	-1.306864	0.099246	-0.004631	0	-0.004887	-0.212787	0.059167	3.035732E+9
-7193.84	-5.4	-1.302871	0.09655	-0.005259	0	-0.004903	-0.212787	0.059159	3.035733E+9
-7022.95	-5.2	-1.304245	0.094922	-0.005479	0	-0.005142	-0.212787	0.059218	3.035734E+9
-6840.75	-5	-1.3002	0.09563	-0.0055	0	-0.004846	-0.212787	0.059074	3.035735E+9
-6647.68	-4.8	-1.299135	0.093912	-0.004574	0	-0.004943	-0.212787	0.059211	3.035736E+9
-6444.17	-4.6	-1.297462	0.095205	-0.005091	0	-0.005312	-0.212787	0.059113	3.035737E+9
-6230.67	-4.4	-1.296539	0.095802	-0.005772	0	-0.005207	-0.212787	0.059162	3.035738E+9
-6007.6	-4.2	-1.294242	0.097579	-0.005069	0	-0.005004	-0.212787	0.059202	3.035739E+9
-5775.41	-4	-1.295935	0.096472	-0.00487	0	-0.005095	-0.212787	0.059272	3.03574E+9
-5534.53	-3.8	-1.294655	0.095205	-0.005477	0	-0.005499	-0.212787	0.059269	3.035741E+9
-5285.39	-3.6	-1.292835	0.094795	-0.00567	0	-0.004627	-0.212787	0.059076	3.035742E+9
-5028.44	-3.4	-1.294843	0.094876	-0.005414	0	-0.004934	-0.212787	0.059078	3.035743E+9
-4764.12	-3.2	-1.291088	0.096355	-0.005584	0	-0.005324	-0.212787	0.059111	3.035744E+9
-4492.85	-3	-1.29062	0.093856	-0.005784	0	-0.005181	-0.212787	0.059187	3.035745E+9
-4215.08	-2.8	-1.286071	0.093996	-0.005379	0	-0.005141	-0.212787	0.059228	3.035746E+9
-3931.24	-2.6	-1.289096	0.093414	-0.005189	0	-0.005192	-0.212787	0.059234	3.035747E+9
-3641.77	-2.4	-1.287507	0.095744	-0.005933	0	-0.005112	-0.212787	0.059258	3.035748E+9
-3347.11	-2.2	-1.281517	0.094285	-0.006274	0	-0.005274	-0.212787	0.059095	3.035749E+9
-3047.69	-2	-1.279496	0.09563	-0.006197	0	-0.005315	-0.212787	0.059222	3.03575E+9
-2743.95	-1.8	-1.275227	0.09411	-0.005461	0	-0.005138	-0.212787	0.059114	3.035751E+9
-2436.33	-1.6	-1.266475	0.092411	-0.005506	0	-0.005487	-0.212787	0.05922	3.035752E+9
-2125.26	-1.4	-1.261218	0.091959	-0.006023	0	-0.005481	-0.212787	0.059275	3.035753E+9
-1811.18	-1.2	-1.255552	0.095351	-0.005265	0	-0.005044	-0.212787	0.059101	3.035754E+9
-1494.53	-1	-1.245975	0.091758	-0.004857	0	-0.005574	-0.212787	0.059219	3.035755E+9
-1175.74	-0.8	-1.231826	0.092917	-0.00514	0	-0.005261	-0.212787	0.05918	3.035756E+9
-855.25	-0.6	-1.213048	0.091962	-0.00606	0	-0.004855	-0.212787	0.059272	3.035757E+9
-533.51	-0.4	-1.178588	0.09063	-0.005335	0	-0.005392	-0.212787	0.059214	3.035758E+9
-210.93	-0.2	-1.128381	0.086901	-0.00497	0	-0.005486	-0.212787	0.059086	3.035759E+9
112.03	0	-1.018185	0.082222	-0.005528	0	-0.00538	-0.212787	0.059201	3.03576E+9
434.94	0.2	-0.820736	0.071254	-0.005291	0	-0.004599	-0.212787	0.05914	3.035761E+9
757.37	0.4	-0.527756	0.057181	-0.004155	0	-0.004859	-0.212787	0.059165	3.035762E+9
1078.87	0.6	-0.161061	0.034296	-0.004112	0	-0.004187	-0.212787	0.059177	3.035763E+9
1399.02	0.8	0.24259	0.015531	-0.003605	0	-0.00334	-0.212787	0.059151	3.035764E+9
1717.37	1	0.650824	-0.008572	-0.003234	0	-0.002789	-0.212787	0.059234	3.035765E+9
2033.48	1.2	1.046379	-0.03607	-0.002927	0	-0.002723	-0.212787	0.059293	3.035766E+9
2346.93	1.4	1.428652	-0.05449	-0.002271	0	-0.002487	-0.212787	0.059188	3.035767E+9
2657.27	1.6	1.798935	-0.075809	-0.002635	0	-0.001587	-0.212787	0.059177	3.035768E+9
2964.07	1.8	2.161349	-0.095481	-0.001569	0	-0.000713	-0.212787	0.059227	3.035769E+9
3266.89	2	2.517843	-0.115197	-0.000604	0	-0.000752	-0.212787	0.059127	3.03577E+9
3565.29	2.2	2.868958	-0.131942	-0.000535	0	-0.000562	-0.212787	0.059202	3.035771E+9
3858.83	2.4	3.211013	-0.154193	-0.0001	0	-0.000246	-0.212787	0.059175	3.035772E+9
4147.09	2.6	3.534578	-0.169063	0.000461	0	0.000977	-0.212787	0.059113	3.035773E+9
4429.62	2.8	3.825451	-0.182724	0.000662	0	0.00102	-0.212787	0.059061	3.035774E+9
4705.98	3	4.070688	-0.198321	0.000463	0	0.001463	-0.212787	0.059037	3.035775E+9
4975.74	3.2	4.265692	-0.208529	0.001461	0	0.001656	-0.212787	0.059103	3.035776E+9
5238.46	3.4	4.422961	-0.215972	0.002163	0	0.001402	-0.212787	0.059136	3.035777E+9
5493.71	3.6	4.574327	-0.22731	0.001649	0	0.001983	-0.212787	0.059147	3.035778E+9
5741.05	3.8	4.726495	-0.233548	0.001813	0	0.002938	-0.212787	0.059156	3.035779E+9
5980.04	4	4.882351	-0.24319	0.002564	0	0.002618	-0.212787	0.059113	3.03578E+9
6210.24	4.2	5.036667	-0.251475	0.002499	0	0.002419	-0.212787	0.059056	3.035781E+9
6431.22	4.4	5.185677	-0.259314	0.002017	0	0.00283	-0.212787	0.059066	3.035782E+9
6642.54	4.6	5.329285	-0.269337	0.002463	0	0.003101	-0.212787	0.059169	3.035783E+9
6843.76	4.8	5.468088	-0.272914	0.003377	0	0.003588	-0.212787	0.059121	3.035784E+9
7034.46	5	5.595248	-0.282017	0.00326	0	0.003461	-0.212787	0.059009	3.035785E+9
7214.18	5.2	5.716611	-0.289424	0.002867	0	0.003033	-0.212787	0.059022	3.035786E+9
7382.49	5.4	5.826295	-0.295753	0.002997	0	0.003469	-0.212787	0.059084	3.035787E+9
7538.96	5.6	5.926177	-0.303992	0.004396	0	0.003834	-0.212787	0.059187	3.035788E+9
7683.15	5.8	6.014552	-0.309677	0.003917	0	0.003812	-0.212787	0.059218	3.035789E+9
7814.63	6	6.093827	-0.312344	0.0036	0	0.004395	-0.212787	0.059033	3.03579E+9
7932.95	6.2	6.161659	-0.3188	0.004142	0	0.004353	-0.212787	0.059053	3.035791E+9
8037.67	6.4	6.216626	-0.319703	0.004862	0	0.003582	-0.212787	0.059106	3.035792E+9
8128.37	6.6	6.262269	-0.319836	0.003802	0	0.004243	-0.212787	0.05913	3.035793E+9
8204.61	6.8	6.295212	-0.323286	0.004535	0	0.004206	-0.212787	0.059246	3.035794E+9
8265.94	7	6.30516	-0.322442	0.004323	0	0.004392	-0.212787	0.059156	3.035795E+9
8311.94	7.2	6.304153	-0.323738	0.004207	0	0.004108	-0.212787	0.059026	3.035796E+9
8342.16	7.4	6.308448	-0.321951	0.003812	0	0.004167	-0.212787	0.059184	3.035797E+9
