16/05/2022	10:20

Si\Ta3\(Co88Tb12)63\Pt3-20220511_APEJ2 

Field	Kepco	Channel A	Channel B	Agilent	0	RF out	Monitor+	Monitor-	Time
8265.94	7	-7.875978	-1.421887	0.006097	0	0.005835	-0.212787	0.055381	2.673332E+9
8186.93	6.75	-7.883252	-1.418437	0.005995	0	0.005612	-0.212787	0.055294	2.673332E+9
8084.8	6.5	-7.888577	-1.418437	0.006215	0	0.005794	-0.212787	0.055193	2.673333E+9
7960.42	6.25	-7.889746	-1.418674	0.005715	0	0.00615	-0.212787	0.055145	2.673334E+9
7814.63	6	-7.891526	-1.415448	0.006595	0	0.006029	-0.212787	0.0553	2.673335E+9
7648.28	5.75	-7.895237	-1.419253	0.006222	0	0.005631	-0.212787	0.055229	2.673336E+9
7462.23	5.5	-7.897612	-1.422196	0.006036	0	0.005668	-0.212787	0.055232	2.673337E+9
7257.34	5.25	-7.90421	-1.418934	0.006035	0	0.005812	-0.212787	0.055216	2.673338E+9
7034.46	5	-7.904941	-1.423168	0.006019	0	0.006187	-0.212787	0.055354	2.673339E+9
6794.43	4.75	-7.90472	-1.42129	0.006065	0	0.006224	-0.212787	0.055303	2.67334E+9
6538.11	4.5	-7.907283	-1.421923	0.005707	0	0.005937	-0.212787	0.055356	2.673341E+9
6266.37	4.25	-7.909083	-1.424074	0.005905	0	0.005725	-0.212787	0.055136	2.673342E+9
5980.04	4	-7.91345	-1.426273	0.005931	0	0.005706	-0.212787	0.055336	2.673343E+9
5679.98	3.75	-7.914619	-1.426494	0.005678	0	0.005933	-0.212787	0.055431	2.673344E+9
5367.05	3.5	-7.917914	-1.422862	0.005771	0	0.006163	-0.212787	0.055363	2.673345E+9
5042.1	3.25	-7.920854	-1.423616	0.005774	0	0.005906	-0.212787	0.055425	2.673346E+9
4705.98	3	-7.922202	-1.42575	0.005803	0	0.005909	-0.212787	0.055196	2.673347E+9
4359.54	2.75	-7.924684	-1.425302	0.005818	0	0.005513	-0.212787	0.055357	2.673348E+9
4003.65	2.5	-7.923625	-1.426442	0.005915	0	0.00606	-0.212787	0.0553	2.673349E+9
3639.15	2.25	-7.925204	-1.426303	0.005907	0	0.005933	-0.212787	0.055208	2.67335E+9
3266.89	2	-7.928966	-1.425981	0.005965	0	0.005496	-0.212787	0.055341	2.673351E+9
2887.73	1.75	-7.930815	-1.426787	0.005876	0	0.006046	-0.212787	0.055493	2.673352E+9
2502.52	1.5	-7.932585	-1.425497	0.005764	0	0.006026	-0.212787	0.055299	2.673353E+9
2112.11	1.25	-7.927397	-1.430214	0.006254	0	0.00563	-0.212787	0.055432	2.673354E+9
1717.37	1	-7.931133	-1.427131	0.005937	0	0.005505	-0.212787	0.055407	2.673355E+9
1319.13	0.75	-7.933684	-1.431611	0.005994	0	0.006048	-0.212787	0.055246	2.673356E+9
918.26	0.5	-7.930662	-1.429399	0.006055	0	0.00581	-0.212787	0.055348	2.673357E+9
515.61	0.25	-7.935571	-1.42806	0.005932	0	0.005583	-0.212787	0.05543	2.673358E+9
112.03	0	-7.933615	-1.425763	0.006248	0	0.005862	-0.212787	0.055563	2.673359E+9
-291.63	-0.25	-7.93228	-1.422385	0.006041	0	0.005355	-0.212787	0.055281	2.67336E+9
-694.51	-0.5	-7.92752	-1.427687	0.006148	0	0.00591	-0.212787	0.055484	2.673361E+9
-1095.76	-0.75	-7.922524	-1.43074	0.006396	0	0.005652	-0.212787	0.055409	2.673362E+9
-1494.53	-1	-7.911367	-1.423187	0.006264	0	0.005713	-0.212787	0.055513	2.673363E+9
-1889.96	-1.25	-7.889457	-1.416888	0.006351	0	0.006057	-0.212787	0.055364	2.673364E+9
-2281.19	-1.5	-7.84498	-1.412037	0.006096	0	0.005711	-0.212787	0.055466	2.673365E+9
-2667.39	-1.75	-7.767427	-1.401495	0.006282	0	0.005769	-0.212787	0.055415	2.673366E+9
-3047.69	-2	-7.631141	-1.383643	0.005966	0	0.005697	-0.212787	0.055555	2.673367E+9
-3421.24	-2.25	-7.415405	-1.343513	0.005846	0	0.005629	-0.212787	0.05548	2.673368E+9
-3787.18	-2.5	-7.049378	-1.281305	0.005902	0	0.005262	-0.212787	0.05532	2.673369E+9
-4144.67	-2.75	-6.294684	-1.146412	0.005142	0	0.004858	-0.212787	0.055372	2.67337E+9
-4492.85	-3	-4.953509	-0.905998	0.004452	0	0.003722	-0.212787	0.055407	2.673371E+9
-4830.87	-3.25	-3.281915	-0.605133	0.003477	0	0.00248	-0.212787	0.055587	2.673372E+9
-5157.87	-3.5	-1.554666	-0.2874	0.001822	0	0.001854	-0.212787	0.055496	2.673373E+9
-5473	-3.75	0.101751	0.021938	0.001397	0	0.000937	-0.212787	0.055364	2.673374E+9
-5775.41	-4	1.604244	0.293726	-0.000287	0	-0.000376	-0.212787	0.05565	2.673375E+9
-6064.24	-4.25	2.887161	0.532142	-0.000423	0	-0.000447	-0.212787	0.055479	2.673376E+9
-6338.64	-4.5	3.927617	0.724455	-0.001179	0	-0.001304	-0.212787	0.055614	2.673377E+9
-6597.76	-4.75	4.733467	0.868344	-0.002215	0	-0.00173	-0.212787	0.055651	2.673378E+9
-6840.75	-5	5.329412	0.981039	-0.002422	0	-0.002574	-0.212787	0.055508	2.673379E+9
-7066.75	-5.25	5.752449	1.054134	-0.003208	0	-0.002366	-0.212787	0.055632	2.67338E+9
-7274.9	-5.5	6.044006	1.104604	-0.002341	0	-0.002643	-0.212787	0.055516	2.673381E+9
-7464.36	-5.75	6.234722	1.135305	-0.003233	0	-0.002659	-0.212787	0.055625	2.673382E+9
-7634.28	-6	6.360982	1.163388	-0.002988	0	-0.002619	-0.212787	0.055663	2.673383E+9
-7783.79	-6.25	6.455793	1.178468	-0.003269	0	-0.00253	-0.212787	0.055575	2.673384E+9
-7912.04	-6.5	6.52308	1.193013	-0.00294	0	-0.002505	-0.212787	0.055618	2.673385E+9
-8018.19	-6.75	6.575461	1.200859	-0.003223	0	-0.002701	-0.212787	0.055435	2.673386E+9
-8101.38	-7	6.61831	1.210128	-0.003097	0	-0.002661	-0.212787	0.055443	2.673387E+9
-8018.19	-6.75	6.631779	1.215001	-0.003209	0	-0.00285	-0.212787	0.055414	2.673388E+9
-7912.04	-6.5	6.629616	1.209374	-0.002823	0	-0.002977	-0.212787	0.055534	2.673389E+9
-7783.79	-6.25	6.632299	1.212155	-0.003858	0	-0.002853	-0.212787	0.055473	2.67339E+9
-7634.28	-6	6.638108	1.218373	-0.003264	0	-0.002591	-0.212787	0.055609	2.673391E+9
-7464.36	-5.75	6.642497	1.21621	-0.00322	0	-0.002482	-0.212787	0.055391	2.673392E+9
-7274.9	-5.5	6.643267	1.21442	-0.002828	0	-0.003008	-0.212787	0.055522	2.673393E+9
-7066.75	-5.25	6.63931	1.216207	-0.003506	0	-0.002896	-0.212787	0.055654	2.673394E+9
-6840.75	-5	6.649067	1.211428	-0.003279	0	-0.002736	-0.212787	0.055596	2.673395E+9
-6597.76	-4.75	6.648612	1.215362	-0.00352	0	-0.002963	-0.212787	0.055648	2.673396E+9
-6338.64	-4.5	6.65392	1.213559	-0.003516	0	-0.003249	-0.212787	0.055688	2.673397E+9
-6064.24	-4.25	6.655535	1.216635	-0.003107	0	-0.003022	-0.212787	0.055542	2.673398E+9
-5775.41	-4	6.651662	1.217139	-0.003174	0	-0.002835	-0.212787	0.055628	2.673399E+9
-5473	-3.75	6.660418	1.219722	-0.003095	0	-0.003073	-0.212787	0.055548	2.6734E+9
-5157.87	-3.5	6.658696	1.215641	-0.003602	0	-0.003081	-0.212787	0.055643	2.673401E+9
-4830.87	-3.25	6.658245	1.218711	-0.003197	0	-0.003231	-0.212787	0.055548	2.673402E+9
-4492.85	-3	6.659528	1.220683	-0.003098	0	-0.002979	-0.212787	0.055574	2.673403E+9
-4144.67	-2.75	6.659047	1.218978	-0.003114	0	-0.0032	-0.212787	0.055569	2.673404E+9
-3787.18	-2.5	6.65958	1.216938	-0.003506	0	-0.003256	-0.212787	0.055618	2.673405E+9
-3421.24	-2.25	6.658696	1.218425	-0.003459	0	-0.00309	-0.212787	0.055733	2.673406E+9
-3047.69	-2	6.658251	1.217857	-0.002701	0	-0.003026	-0.212787	0.05561	2.673407E+9
-2667.39	-1.75	6.662176	1.224163	-0.003431	0	-0.003292	-0.212787	0.055518	2.673408E+9
-2281.19	-1.5	6.66676	1.224998	-0.003624	0	-0.003037	-0.212787	0.055568	2.673409E+9
-1889.96	-1.25	6.664157	1.218786	-0.003885	0	-0.003241	-0.212787	0.055756	2.67341E+9
-1494.53	-1	6.661324	1.226554	-0.003425	0	-0.00364	-0.212787	0.055746	2.673411E+9
-1095.76	-0.75	6.667445	1.222266	-0.002948	0	-0.003386	-0.212787	0.055728	2.673412E+9
-694.51	-0.5	6.666575	1.221431	-0.003446	0	-0.003001	-0.212787	0.055721	2.673413E+9
-291.63	-0.25	6.659209	1.221934	-0.003014	0	-0.003195	-0.212787	0.055639	2.673414E+9
112.03	0	6.652107	1.224998	-0.002679	0	-0.003073	-0.212787	0.055767	2.673415E+9
515.61	0.25	6.6493	1.218435	-0.002692	0	-0.003024	-0.212787	0.05553	2.673416E+9
918.26	0.5	6.634703	1.215875	-0.002846	0	-0.003036	-0.212787	0.055741	2.673417E+9
1319.13	0.75	6.614746	1.212236	-0.002748	0	-0.002853	-0.212787	0.055888	2.673418E+9
1717.37	1	6.569148	1.20888	-0.002872	0	-0.002818	-0.212787	0.055802	2.673419E+9
2112.11	1.25	6.483525	1.191519	-0.003109	0	-0.002848	-0.212787	0.055859	2.67342E+9
2502.52	1.5	6.331138	1.157748	-0.002905	0	-0.002396	-0.212787	0.055698	2.673421E+9
2887.73	1.75	6.102176	1.121325	-0.002433	0	-0.002514	-0.212787	0.055652	2.673422E+9
3266.89	2	5.742784	1.051564	-0.002275	0	-0.002675	-0.212787	0.055801	2.673423E+9
3639.15	2.25	5.065935	0.933099	-0.001925	0	-0.002123	-0.212787	0.055712	2.673424E+9
4003.65	2.5	3.813268	0.699082	-0.000687	0	-0.001432	-0.212787	0.055736	2.673425E+9
4359.54	2.75	2.169763	0.39849	-0.000277	0	-0.000182	-0.212787	0.055581	2.673426E+9
4705.98	3	0.434074	0.069266	0.001078	0	0.000603	-0.212787	0.055555	2.673427E+9
5042.1	3.25	-1.256036	-0.239266	0.001716	0	0.001457	-0.212787	0.055626	2.673428E+9
5367.05	3.5	-2.797063	-0.527996	0.002267	0	0.002475	-0.212787	0.055653	2.673429E+9
5679.98	3.75	-4.129415	-0.768827	0.003443	0	0.003403	-0.212787	0.055562	2.67343E+9
5980.04	4	-5.220036	-0.968888	0.004052	0	0.004012	-0.212787	0.055599	2.673431E+9
6266.37	4.25	-6.070613	-1.125035	0.004724	0	0.004172	-0.212787	0.055552	2.673432E+9
6538.11	4.5	-6.711233	-1.240397	0.004958	0	0.004872	-0.212787	0.055618	2.673433E+9
6794.43	4.75	-7.162529	-1.321389	0.004726	0	0.005375	-0.212787	0.055633	2.673434E+9
7034.46	5	-7.44573	-1.371226	0.005455	0	0.005221	-0.212787	0.055461	2.673435E+9
7257.34	5.25	-7.608991	-1.394312	0.005446	0	0.005454	-0.212787	0.055515	2.673436E+9
7462.23	5.5	-7.722976	-1.413103	0.005397	0	0.005283	-0.212787	0.055448	2.673437E+9
7648.28	5.75	-7.793213	-1.422856	0.005258	0	0.005347	-0.212787	0.055577	2.673438E+9
7814.63	6	-7.841956	-1.427216	0.005781	0	0.005599	-0.212787	0.055488	2.673439E+9
7960.42	6.25	-7.884866	-1.436107	0.005995	0	0.00544	-0.212787	0.05561	2.67344E+9
8084.8	6.5	-7.913732	-1.442115	0.005589	0	0.00542	-0.212787	0.05552	2.673441E+9
8186.93	6.75	-7.92291	-1.443489	0.005762	0	0.005621	-0.212787	0.055573	2.673442E+9
8265.94	7	-7.927845	-1.441257	0.005764	0	0.005746	-0.212787	0.055598	2.673443E+9
