06/05/2022	10:09

Co88Tb12_35_20210602_CVMH2

Field	Kepco	Channel A	Channel B	Agilent	0	RF out	Monitor+	Monitor-	Time
8265.94	7	-4.985409	-1.039955	0.000732	0	0.001214	-0.212787	0.037492	1.808636E+9
8204.61	6.8	-4.967697	-1.032883	0.000963	0	0.001395	-0.212787	0.03743	1.808636E+9
8128.37	6.6	-4.993089	-1.055644	0.00128	0	0.002109	-0.212787	0.037517	1.808637E+9
8037.67	6.4	-5.021981	-1.032902	0.001409	0	0.001309	-0.212787	0.037535	1.808638E+9
7932.95	6.2	-5.030149	-1.068785	0.001147	0	0.001245	-0.212787	0.037536	1.808639E+9
7814.63	6	-5.035938	-1.047899	0.001928	0	0.002216	-0.212787	0.037465	1.80864E+9
7683.15	5.8	-5.071737	-1.059191	0.002015	0	0.001462	-0.212787	0.037546	1.808641E+9
7538.96	5.6	-5.075772	-1.050543	0.00191	0	0.001042	-0.212787	0.037537	1.808642E+9
7382.49	5.4	-5.107734	-1.066293	0.00164	0	0.001644	-0.212787	0.037512	1.808643E+9
7214.18	5.2	-5.092152	-1.069701	0.00234	0	0.00206	-0.212787	0.037549	1.808644E+9
7034.46	5	-5.11224	-1.063246	0.001111	0	0.002481	-0.212787	0.037529	1.808645E+9
6843.76	4.8	-5.103107	-1.065803	0.002068	0	0.001863	-0.212787	0.037555	1.808646E+9
6642.54	4.6	-5.080385	-1.058253	0.001984	0	0.001724	-0.212787	0.037525	1.808647E+9
6431.22	4.4	-5.079332	-1.05899	0.001728	0	0.001754	-0.212787	0.037519	1.808648E+9
6210.24	4.2	-5.072536	-1.069448	0.001943	0	0.00169	-0.212787	0.037549	1.808649E+9
5980.04	4	-5.05624	-1.071949	0.002198	0	0.002249	-0.212787	0.037545	1.80865E+9
5741.05	3.8	-5.059762	-1.075315	0.002037	0	0.00131	-0.212787	0.037582	1.808651E+9
5493.71	3.6	-5.064586	-1.049452	0.002226	0	0.002223	-0.212787	0.037541	1.808652E+9
5238.46	3.4	-5.062832	-1.071303	0.002026	0	0.002312	-0.212787	0.037577	1.808653E+9
4975.74	3.2	-5.066405	-1.059191	0.002372	0	0.001986	-0.212787	0.037567	1.808654E+9
4705.98	3	-5.058046	-1.037028	0.002624	0	0.001307	-0.212787	0.037558	1.808655E+9
4429.62	2.8	-5.046019	-1.028357	0.001559	0	0.002129	-0.212787	0.037516	1.808656E+9
4147.09	2.6	-5.043589	-1.050319	0.001462	0	0.002395	-0.212787	0.037542	1.808657E+9
3858.83	2.4	-5.015688	-1.045901	0.002355	0	0.00169	-0.212787	0.037611	1.808658E+9
3565.29	2.2	-5.012605	-1.051336	0.002306	0	0.001104	-0.212787	0.037556	1.808659E+9
3266.89	2	-4.972164	-1.050368	0.001792	0	0.001544	-0.212787	0.037607	1.80866E+9
2964.07	1.8	-4.933759	-1.038029	0.000567	0	0.001728	-0.212787	0.037573	1.808661E+9
2657.27	1.6	-4.889371	-1.045088	0.001837	0	0.001989	-0.212787	0.037619	1.808662E+9
2346.93	1.4	-4.830535	-1.029572	0.001786	0	0.001927	-0.212787	0.037653	1.808663E+9
2033.48	1.2	-4.762527	-1.009988	0.001714	0	0.001389	-0.212787	0.03763	1.808664E+9
1717.37	1	-4.663598	-0.99649	0.00141	0	0.00134	-0.212787	0.037585	1.808665E+9
1399.02	0.8	-4.565565	-0.985197	0.00125	0	0.001847	-0.212787	0.037586	1.808666E+9
1078.87	0.6	-4.462701	-0.980996	0.001771	0	0.001852	-0.212787	0.037538	1.808667E+9
757.37	0.4	-4.346712	-0.975788	0.002079	0	0.001723	-0.212787	0.037642	1.808668E+9
434.94	0.2	-4.223634	-0.952329	0.002246	0	0.000898	-0.212787	0.037611	1.808669E+9
112.03	0	-4.074887	-0.955798	0.001235	0	0.001342	-0.212787	0.037621	1.80867E+9
-210.93	-0.2	-3.910205	-0.915201	0.00164	0	0.002065	-0.212787	0.037564	1.808671E+9
-533.51	-0.4	-3.676359	-0.873997	0.002428	0	0.002049	-0.212787	0.037635	1.808672E+9
-855.25	-0.6	-3.330761	-0.839001	0.002763	0	0.001463	-0.212787	0.037621	1.808673E+9
-1175.74	-0.8	-3.078322	-0.820421	0.001715	0	0.001854	-0.212787	0.037626	1.808674E+9
-1494.53	-1	-2.88686	-0.775961	0.002144	0	0.00144	-0.212787	0.037564	1.808675E+9
-1811.18	-1.2	-2.727672	-0.766692	0.002234	0	0.002526	-0.212787	0.03755	1.808676E+9
-2125.26	-1.4	-2.598204	-0.744766	0.001942	0	0.001803	-0.212787	0.037501	1.808677E+9
-2436.33	-1.6	-2.459837	-0.712986	0.00231	0	0.00158	-0.212787	0.037494	1.808678E+9
-2743.95	-1.8	-2.347338	-0.712047	0.000483	0	0.001499	-0.212787	0.037581	1.808679E+9
-3047.69	-2	-2.237886	-0.698838	0.001463	0	0.001148	-0.212787	0.037565	1.80868E+9
-3347.11	-2.2	-2.152998	-0.673296	0.000468	0	0.002481	-0.212787	0.037488	1.808681E+9
-3641.77	-2.4	-2.090721	-0.667107	0.001468	0	0.001964	-0.212787	0.037564	1.808682E+9
-3931.24	-2.6	-2.007305	-0.678601	0.002027	0	0.001512	-0.212787	0.037499	1.808683E+9
-4215.08	-2.8	-1.990268	-0.674111	0.000681	0	0.002113	-0.212787	0.037444	1.808684E+9
-4492.85	-3	-1.955035	-0.667045	0.001319	0	0.001655	-0.212787	0.037541	1.808685E+9
-4764.12	-3.2	-1.936852	-0.655678	0.001798	0	0.0018	-0.212787	0.037562	1.808686E+9
-5028.44	-3.4	-1.914747	-0.660167	0.002331	0	0.001543	-0.212787	0.037578	1.808687E+9
-5285.39	-3.6	-1.899315	-0.663705	0.001705	0	0.001881	-0.212787	0.037448	1.808688E+9
-5534.53	-3.8	-1.896186	-0.648511	0.001629	0	0.002041	-0.212787	0.037491	1.808689E+9
-5775.41	-4	-1.889689	-0.651704	0.001613	0	0.001671	-0.212787	0.037471	1.80869E+9
-6007.6	-4.2	-1.892707	-0.656707	0.002026	0	0.001995	-0.212787	0.03747	1.808691E+9
-6230.67	-4.4	-1.848549	-0.644895	0.001936	0	0.001616	-0.212787	0.037522	1.808692E+9
-6444.17	-4.6	-1.826441	-0.655219	0.001579	0	0.001337	-0.212787	0.037361	1.808693E+9
-6647.68	-4.8	-1.8329	-0.644079	0.001758	0	0.001115	-0.212787	0.037422	1.808694E+9
-6840.75	-5	-1.806416	-0.63917	0.001428	0	0.001304	-0.212787	0.037449	1.808695E+9
-7022.95	-5.2	-1.80251	-0.638725	0.001461	0	0.001854	-0.212787	0.037369	1.808696E+9
-7193.84	-5.4	-1.798794	-0.614145	0.001798	0	0.001419	-0.212787	0.037445	1.808697E+9
-7352.98	-5.6	-1.800301	-0.627432	0.001557	0	0.000965	-0.212787	0.037369	1.808698E+9
-7499.94	-5.8	-1.791975	-0.631906	0.000638	0	0.001303	-0.212787	0.03735	1.808699E+9
-7634.28	-6	-1.786864	-0.626776	0.001368	0	0.001667	-0.212787	0.037453	1.8087E+9
-7755.56	-6.2	-1.789879	-0.632903	0.001504	0	0.00188	-0.212787	0.037374	1.808701E+9
-7863.34	-6.4	-1.799833	-0.632159	0.001449	0	0.001075	-0.212787	0.037433	1.808702E+9
-7957.2	-6.6	-1.779827	-0.637078	0.001144	0	0.00093	-0.212787	0.037388	1.808703E+9
-8036.69	-6.8	-1.786945	-0.623326	0.000504	0	0.001764	-0.212787	0.037357	1.808704E+9
-8101.38	-7	-1.769002	-0.661831	0.001661	0	0.001838	-0.212787	0.03741	1.808705E+9
-8036.69	-6.8	-1.792878	-0.625256	0.001205	0	0.001632	-0.212787	0.037401	1.808706E+9
-7957.2	-6.6	-1.772381	-0.629002	0.000352	0	0.00163	-0.212787	0.037409	1.808707E+9
-7863.34	-6.4	-1.788167	-0.623794	0.00073	0	0.00143	-0.212787	0.037425	1.808708E+9
-7755.56	-6.2	-1.779295	-0.647364	0.000937	0	0.001656	-0.212787	0.037421	1.808709E+9
-7634.28	-6	-1.793359	-0.621084	0.002071	0	0.001914	-0.212787	0.037484	1.80871E+9
-7499.94	-5.8	-1.787348	-0.628043	0.001018	0	0.001531	-0.212787	0.037364	1.808711E+9
-7352.98	-5.6	-1.811341	-0.635207	0.001657	0	0.00132	-0.212787	0.037452	1.808712E+9
-7193.84	-5.4	-1.798735	-0.64071	0.001255	0	0.001058	-0.212787	0.037406	1.808713E+9
-7022.95	-5.2	-1.803492	-0.635126	0.001885	0	0.002092	-0.212787	0.037364	1.808714E+9
-6840.75	-5	-1.811792	-0.624869	0.001916	0	0.001636	-0.212787	0.037476	1.808715E+9
-6647.68	-4.8	-1.813287	-0.649901	0.001854	0	0.001013	-0.212787	0.037467	1.808716E+9
-6444.17	-4.6	-1.820103	-0.634746	0.002223	0	0.001912	-0.212787	0.037401	1.808717E+9
-6230.67	-4.4	-1.836776	-0.643839	0.001312	0	0.001622	-0.212787	0.037507	1.808718E+9
-6007.6	-4.2	-1.853764	-0.652133	0.001399	0	0.001769	-0.212787	0.037473	1.808719E+9
-5775.41	-4	-1.84812	-0.645093	0.002323	0	0.001943	-0.212787	0.037383	1.80872E+9
-5534.53	-3.8	-1.877493	-0.651821	0.002571	0	0.001357	-0.212787	0.037534	1.808721E+9
-5285.39	-3.6	-1.895027	-0.634261	0.001712	0	0.000926	-0.212787	0.037482	1.808722E+9
-5028.44	-3.4	-1.87877	-0.615019	0.001263	0	0.001374	-0.212787	0.037447	1.808723E+9
-4764.12	-3.2	-1.89965	-0.633872	0.001271	0	0.00146	-0.212787	0.037527	1.808724E+9
-4492.85	-3	-1.924834	-0.65686	0.001873	0	0.00168	-0.212787	0.037452	1.808725E+9
-4215.08	-2.8	-1.94894	-0.650648	0.001469	0	0.001371	-0.212787	0.037633	1.808726E+9
-3931.24	-2.6	-2.016119	-0.667389	0.001473	0	0.001295	-0.212787	0.037464	1.808727E+9
-3641.77	-2.4	-2.031499	-0.645486	0.001058	0	0.001555	-0.212787	0.037386	1.808728E+9
-3347.11	-2.2	-2.090283	-0.668809	0.001288	0	0.001272	-0.212787	0.037488	1.808729E+9
-3047.69	-2	-2.109652	-0.687253	0.002093	0	0.001192	-0.212787	0.037621	1.80873E+9
-2743.95	-1.8	-2.1816	-0.691492	0.002143	0	0.000915	-0.212787	0.037546	1.808731E+9
-2436.33	-1.6	-2.260926	-0.692636	0.001488	0	0.000902	-0.212787	0.037585	1.808732E+9
-2125.26	-1.4	-2.344102	-0.703448	0.000942	0	0.001494	-0.212787	0.037629	1.808733E+9
-1811.18	-1.2	-2.475334	-0.695144	0.002247	0	0.002048	-0.212787	0.03757	1.808734E+9
-1494.53	-1	-2.582603	-0.744792	0.001925	0	0.000862	-0.212787	0.037498	1.808735E+9
-1175.74	-0.8	-2.704644	-0.734818	0.00165	0	0.001145	-0.212787	0.037586	1.808736E+9
-855.25	-0.6	-2.836029	-0.761	0.001231	0	0.001401	-0.212787	0.037572	1.808737E+9
-533.51	-0.4	-2.980062	-0.77768	0.000584	0	0.001631	-0.212787	0.037451	1.808738E+9
-210.93	-0.2	-3.115092	-0.818192	0.000917	0	0.001165	-0.212787	0.037563	1.808739E+9
112.03	0	-3.440863	-0.840222	0.002371	0	0.001344	-0.212787	0.037487	1.80874E+9
434.94	0.2	-3.77777	-0.902908	0.000994	0	0.001167	-0.212787	0.0376	1.808741E+9
757.37	0.4	-4.000291	-0.913632	0.000625	0	0.001091	-0.212787	0.037418	1.808742E+9
1078.87	0.6	-4.182731	-0.932677	0.00165	0	0.001335	-0.212787	0.037494	1.808743E+9
1399.02	0.8	-4.361286	-0.970412	0.00136	0	0.001864	-0.212787	0.037525	1.808744E+9
1717.37	1	-4.518369	-0.974602	0.00076	0	0.00258	-0.212787	0.03755	1.808745E+9
2033.48	1.2	-4.626717	-0.993101	0.001284	0	0.00173	-0.212787	0.037593	1.808746E+9
2346.93	1.4	-4.754522	-1.027015	0.001726	0	0.001099	-0.212787	0.037459	1.808747E+9
2657.27	1.6	-4.846698	-1.039926	0.001491	0	0.001157	-0.212787	0.037508	1.808748E+9
2964.07	1.8	-4.920498	-1.014621	0.000973	0	0.002181	-0.212787	0.037603	1.808749E+9
3266.89	2	-5.000698	-1.04937	0.001516	0	0.001875	-0.212787	0.037488	1.80875E+9
3565.29	2.2	-5.02662	-1.040059	0.001903	0	0.001387	-0.212787	0.037582	1.808751E+9
3858.83	2.4	-5.055558	-1.028403	0.002108	0	0.001187	-0.212787	0.037486	1.808752E+9
4147.09	2.6	-5.069193	-1.061933	0.000812	0	0.001206	-0.212787	0.03744	1.808753E+9
4429.62	2.8	-5.105131	-1.052171	0.001275	0	0.001637	-0.212787	0.037529	1.808754E+9
4705.98	3	-5.120612	-1.053587	0.001393	0	0.002026	-0.212787	0.03752	1.808755E+9
4975.74	3.2	-5.139536	-1.050546	0.001805	0	0.001864	-0.212787	0.037526	1.808756E+9
5238.46	3.4	-5.127616	-1.068896	0.000814	0	0.001772	-0.212787	0.037356	1.808757E+9
5493.71	3.6	-5.139767	-1.059341	0.000874	0	0.001673	-0.212787	0.037484	1.808758E+9
5741.05	3.8	-5.149757	-1.065322	0.001632	0	0.002136	-0.212787	0.037464	1.808759E+9
5980.04	4	-5.121479	-1.072538	0.001541	0	0.002282	-0.212787	0.037339	1.80876E+9
6210.24	4.2	-5.123286	-1.072599	0.001226	0	0.001663	-0.212787	0.037485	1.808761E+9
6431.22	4.4	-5.134179	-1.063915	0.000941	0	0.001919	-0.212787	0.037341	1.808762E+9
6642.54	4.6	-5.140082	-1.060361	0.000948	0	0.00164	-0.212787	0.037374	1.808763E+9
6843.76	4.8	-5.118997	-1.062622	0.001722	0	0.001773	-0.212787	0.037484	1.808764E+9
7034.46	5	-5.103764	-1.06335	0.001187	0	0.001303	-0.212787	0.037409	1.808765E+9
7214.18	5.2	-5.134861	-1.058616	0.001677	0	0.001628	-0.212787	0.037349	1.808766E+9
7382.49	5.4	-5.123013	-1.057145	0.001757	0	0.001396	-0.212787	0.037424	1.808767E+9
7538.96	5.6	-5.130391	-1.054231	0.00178	0	0.002007	-0.212787	0.03745	1.808768E+9
7683.15	5.8	-5.122919	-1.063418	0.002583	0	0.001464	-0.212787	0.037498	1.808769E+9
7814.63	6	-5.122997	-1.062603	0.002121	0	0.001803	-0.212787	0.037442	1.80877E+9
7932.95	6.2	-5.114442	-1.048172	0.001887	0	0.000959	-0.212787	0.037324	1.808771E+9
8037.67	6.4	-5.126804	-1.059143	0.001595	0	0.001734	-0.212787	0.037275	1.808772E+9
8128.37	6.6	-5.126915	-1.056914	0.001683	0	0.001802	-0.212787	0.037289	1.808773E+9
8204.61	6.8	-5.1344	-1.058162	0.002269	0	0.001966	-0.212787	0.037313	1.808774E+9
8265.94	7	-5.136986	-1.053519	0.002058	0	0.001273	-0.212787	0.037412	1.808775E+9
