26/04/2022	16:18

Co88Tb12

Field	Kepco	Channel A	Channel B	Agilent	0	RF out	Monitor+	Monitor-	Time
7814.63	6	-2.491276	-0.040508	-0.011407	0	-0.011695	-0.212787	0.08238	9.668086E+8
7750.51	5.9	-2.515168	-0.044033	-0.012179	0	-0.011679	-0.212787	0.08196	9.668092E+8
7683.15	5.8	-2.505191	-0.035144	-0.011288	0	-0.011597	-0.212787	0.082587	9.668097E+8
7612.62	5.7	-2.511347	-0.053145	-0.012348	0	-0.011929	-0.212787	0.082507	9.668102E+8
7538.96	5.6	-2.50382	-0.041105	-0.01112	0	-0.011989	-0.212787	0.082024	9.668107E+8
7462.23	5.5	-2.512036	-0.03221	-0.011365	0	-0.011585	-0.212787	0.08265	9.668112E+8
7382.49	5.4	-2.526503	-0.054487	-0.010611	0	-0.011152	-0.212787	0.082469	9.668117E+8
7299.79	5.3	-2.529209	-0.030664	-0.011223	0	-0.010955	-0.212787	0.082032	9.668122E+8
7214.18	5.2	-2.524745	-0.0445	-0.010968	0	-0.011762	-0.212787	0.082084	9.668127E+8
7125.71	5.1	-2.51341	-0.039929	-0.012305	0	-0.011776	-0.212787	0.081929	9.668132E+8
7034.46	5	-2.527825	-0.046336	-0.012202	0	-0.012974	-0.212787	0.082057	9.668137E+8
6940.45	4.9	-2.515717	-0.040962	-0.012152	0	-0.012131	-0.212787	0.082028	9.668142E+8
6843.76	4.8	-2.52083	-0.051729	-0.011531	0	-0.011559	-0.212787	0.082062	9.668147E+8
6744.44	4.7	-2.530031	-0.036836	-0.013015	0	-0.012601	-0.212787	0.082172	9.668152E+8
6642.54	4.6	-2.517185	-0.046775	-0.011584	0	-0.011826	-0.212787	0.082453	9.668157E+8
6538.11	4.5	-2.528647	-0.047262	-0.011933	0	-0.012305	-0.212787	0.081985	9.668162E+8
6431.22	4.4	-2.537	-0.042002	-0.011746	0	-0.012002	-0.212787	0.081981	9.668167E+8
6321.91	4.3	-2.526545	-0.061498	-0.011704	0	-0.01183	-0.212787	0.082622	9.668172E+8
6210.24	4.2	-2.531363	-0.05516	-0.011112	0	-0.012049	-0.212787	0.081946	9.668177E+8
6096.26	4.1	-2.528988	-0.036388	-0.012025	0	-0.011934	-0.212787	0.081956	9.668182E+8
5980.04	4	-2.533644	-0.04798	-0.011827	0	-0.011924	-0.212787	0.081999	9.668187E+8
5861.61	3.9	-2.520164	-0.034107	-0.011812	0	-0.012114	-0.212787	0.082751	9.668192E+8
5741.05	3.8	-2.528754	-0.035807	-0.012072	0	-0.01257	-0.212787	0.082429	9.668197E+8
5618.4	3.7	-2.52571	-0.024689	-0.01201	0	-0.012486	-0.212787	0.082007	9.668202E+8
5493.71	3.6	-2.525684	-0.042249	-0.0119	0	-0.012148	-0.212787	0.082018	9.668207E+8
5367.05	3.5	-2.527893	-0.053844	-0.011131	0	-0.01159	-0.212787	0.08274	9.668212E+8
5238.46	3.4	-2.524375	-0.053555	-0.012311	0	-0.012034	-0.212787	0.082033	9.668217E+8
5108.01	3.3	-2.540213	-0.054104	-0.012866	0	-0.012676	-0.212787	0.082263	9.668222E+8
4975.74	3.2	-2.53444	-0.046677	-0.011983	0	-0.012422	-0.212787	0.082484	9.668227E+8
4841.71	3.1	-2.530239	-0.039085	-0.012782	0	-0.012749	-0.212787	0.082787	9.668232E+8
4705.98	3	-2.543819	-0.036177	-0.012581	0	-0.013287	-0.212787	0.082299	9.668237E+8
4568.59	2.9	-2.546343	-0.0449	-0.012103	0	-0.01239	-0.212787	0.082071	9.668242E+8
4429.62	2.8	-2.537396	-0.051999	-0.011651	0	-0.012328	-0.212787	0.082591	9.668249E+8
4289.09	2.7	-2.533036	-0.040215	-0.011989	0	-0.012152	-0.212787	0.082023	9.668252E+8
4147.09	2.6	-2.520437	-0.042886	-0.011479	0	-0.012234	-0.212787	0.082744	9.668257E+8
4003.65	2.5	-2.537172	-0.043409	-0.011885	0	-0.011973	-0.212787	0.082292	9.668262E+8
3858.83	2.4	-2.517828	-0.0567	-0.013265	0	-0.013118	-0.212787	0.082032	9.668267E+8
3712.69	2.3	-2.526847	-0.056394	-0.013432	0	-0.013167	-0.212787	0.082165	9.668272E+8
3565.29	2.2	-2.52175	-0.045111	-0.012204	0	-0.012551	-0.212787	0.082769	9.668277E+8
3416.67	2.1	-2.53673	-0.046294	-0.01198	0	-0.012492	-0.212787	0.082129	9.668282E+8
3266.89	2	-2.539703	-0.040641	-0.013147	0	-0.013997	-0.212787	0.082739	9.668287E+8
3116	1.9	-2.53098	-0.050286	-0.012551	0	-0.01277	-0.212787	0.082039	9.668292E+8
2964.07	1.8	-2.523978	-0.048984	-0.011989	0	-0.012845	-0.212787	0.08232	9.668297E+8
2811.14	1.7	-2.541398	-0.050514	-0.012794	0	-0.013163	-0.212787	0.082151	9.668302E+8
2657.27	1.6	-2.533335	-0.050875	-0.013532	0	-0.013776	-0.212787	0.082797	9.668307E+8
2502.52	1.5	-2.52738	-0.054257	-0.013115	0	-0.013736	-0.212787	0.082151	9.668312E+8
2346.93	1.4	-2.536343	-0.041492	-0.012991	0	-0.013724	-0.212787	0.082617	9.668317E+8
2190.57	1.3	-2.53341	-0.041248	-0.013594	0	-0.013426	-0.212787	0.082516	9.668322E+8
2033.48	1.2	-2.525606	-0.034208	-0.013039	0	-0.013532	-0.212787	0.082717	9.668327E+8
1875.73	1.1	-2.535261	-0.052775	-0.013278	0	-0.013876	-0.212787	0.08286	9.668332E+8
1717.37	1	-2.524199	-0.041879	-0.013311	0	-0.01332	-0.212787	0.082301	9.668337E+8
1558.44	0.9	-2.543624	-0.036749	-0.013493	0	-0.014386	-0.212787	0.082263	9.668342E+8
1399.02	0.8	-2.531772	-0.04014	-0.013972	0	-0.013325	-0.212787	0.082786	9.668347E+8
1239.14	0.7	-2.536418	-0.054367	-0.013986	0	-0.013802	-0.212787	0.082155	9.668352E+8
1078.87	0.6	-2.532542	-0.037093	-0.01359	0	-0.013919	-0.212787	0.082905	9.668357E+8
918.26	0.5	-2.541866	-0.04593	-0.013435	0	-0.013936	-0.212787	0.082819	9.668362E+8
757.37	0.4	-2.532727	-0.054929	-0.013538	0	-0.013656	-0.212787	0.082551	9.668367E+8
596.24	0.3	-2.541366	-0.051992	-0.013374	0	-0.013818	-0.212787	0.082473	9.668372E+8
434.94	0.2	-2.536922	-0.034871	-0.013834	0	-0.014139	-0.212787	0.082453	9.668377E+8
273.52	0.1	-2.534885	-0.036771	-0.013159	0	-0.013247	-0.212787	0.082439	9.668382E+8
112.03	0	-2.519583	-0.03465	-0.012945	0	-0.013329	-0.212787	0.082771	9.668387E+8
-49.47	-0.1	-2.545336	-0.055325	-0.012207	0	-0.012734	-0.212787	0.082162	9.668392E+8
-210.93	-0.2	-2.54582	-0.043172	-0.012814	0	-0.013511	-0.212787	0.082926	9.668397E+8
-372.3	-0.3	-2.526184	-0.042116	-0.012894	0	-0.013623	-0.212787	0.082833	9.668402E+8
-533.51	-0.4	-2.527445	-0.036843	-0.013671	0	-0.014204	-0.212787	0.082156	9.668407E+8
-694.51	-0.5	-2.532675	-0.03644	-0.013535	0	-0.013567	-0.212787	0.082805	9.668412E+8
-855.25	-0.6	-2.539634	-0.035706	-0.013338	0	-0.013876	-0.212787	0.08294	9.668417E+8
-1015.68	-0.7	-2.532061	-0.048077	-0.011977	0	-0.01359	-0.212787	0.0825	9.668422E+8
-1175.74	-0.8	-2.525232	-0.041589	-0.014158	0	-0.015097	-0.212787	0.082706	9.668427E+8
-1335.37	-0.9	-2.522754	-0.049094	-0.01384	0	-0.014016	-0.212787	0.082905	9.668432E+8
-1494.53	-1	-2.5075	-0.055884	-0.014292	0	-0.013729	-0.212787	0.082527	9.668437E+8
-1653.15	-1.1	-2.488875	-0.044637	-0.013106	0	-0.013879	-0.212787	0.082476	9.668442E+8
-1811.18	-1.2	-2.403389	-0.040108	-0.013259	0	-0.013709	-0.212787	0.082795	9.668447E+8
-1968.57	-1.3	-1.273778	-0.025674	-0.015088	0	-0.015647	-0.212787	0.083048	9.668452E+8
-2125.26	-1.4	0.911823	-0.016723	-0.017258	0	-0.018161	-0.212787	0.083063	9.668457E+8
-2281.19	-1.5	1.852329	-0.003903	-0.018599	0	-0.019236	-0.212787	0.08227	9.668462E+8
-2436.33	-1.6	2.490222	-0.003046	-0.018356	0	-0.019544	-0.212787	0.082957	9.668467E+8
-2590.6	-1.7	3.025941	0.007776	-0.019896	0	-0.020016	-0.212787	0.082968	9.668472E+8
-2743.95	-1.8	3.470853	0.023916	-0.020612	0	-0.020878	-0.212787	0.082463	9.668477E+8
-2896.33	-1.9	3.896054	0.023315	-0.020781	0	-0.021162	-0.212787	0.08246	9.668482E+8
-3047.69	-2	4.282881	0.005583	-0.021596	0	-0.021951	-0.212787	0.083124	9.668487E+8
-3197.97	-2.1	4.629777	0.004384	-0.021696	0	-0.022616	-0.212787	0.082517	9.668492E+8
-3347.11	-2.2	4.998058	0.020079	-0.021294	0	-0.021753	-0.212787	0.082884	9.668497E+8
-3495.06	-2.3	5.348642	0.024092	-0.023092	0	-0.023426	-0.212787	0.083004	9.668502E+8
-3641.77	-2.4	5.710919	0.037483	-0.022509	0	-0.0233	-0.212787	0.082868	9.668507E+8
-3787.18	-2.5	6.043713	0.045803	-0.024079	0	-0.024709	-0.212787	0.082528	9.668512E+8
-3931.24	-2.6	6.403415	0.046359	-0.02429	0	-0.02505	-0.212787	0.082382	9.668517E+8
-4073.89	-2.7	6.788033	0.039384	-0.025379	0	-0.025313	-0.212787	0.082684	9.668522E+8
-4215.08	-2.8	7.19205	0.052317	-0.025922	0	-0.025612	-0.212787	0.083117	9.668527E+8
-4354.75	-2.9	7.634524	0.053773	-0.025351	0	-0.026999	-0.212787	0.082478	9.668532E+8
-4492.85	-3	8.077854	0.056372	-0.026088	0	-0.026138	-0.212787	0.082446	9.668537E+8
-4629.32	-3.1	8.510918	0.06822	-0.027624	0	-0.027817	-0.212787	0.082553	9.668542E+8
-4764.12	-3.2	8.888849	0.062541	-0.027291	0	-0.027372	-0.212787	0.082792	9.668547E+8
-4897.18	-3.3	9.146303	0.054562	-0.027279	0	-0.027749	-0.212787	0.082833	9.668552E+8
-5028.44	-3.4	9.248338	0.058837	-0.02693	0	-0.026624	-0.212787	0.082739	9.668557E+8
-5157.87	-3.5	9.273007	0.065036	-0.027197	0	-0.026526	-0.212787	0.083086	9.668562E+8
-5285.39	-3.6	9.278513	0.058928	-0.027045	0	-0.026773	-0.212787	0.083114	9.668567E+8
-5410.96	-3.7	9.289296	0.065241	-0.026228	0	-0.026837	-0.212787	0.083145	9.668572E+8
-5534.53	-3.8	9.281204	0.064841	-0.027067	0	-0.027057	-0.212787	0.082967	9.668577E+8
-5656.02	-3.9	9.284995	0.055377	-0.027052	0	-0.027144	-0.212787	0.082959	9.668582E+8
-5775.41	-4	9.294758	0.068935	-0.027384	0	-0.028091	-0.212787	0.08314	9.668587E+8
-5892.62	-4.1	9.287162	0.065907	-0.027728	0	-0.027923	-0.212787	0.082712	9.668592E+8
-6007.6	-4.2	9.293309	0.047148	-0.027855	0	-0.028281	-0.212787	0.0826	9.668597E+8
-6120.3	-4.3	9.291551	0.043656	-0.025965	0	-0.026576	-0.212787	0.082479	9.668602E+8
-6230.67	-4.4	9.294979	0.061875	-0.027095	0	-0.026118	-0.212787	0.082655	9.668607E+8
-6338.64	-4.5	9.292867	0.057158	-0.025676	0	-0.026101	-0.212787	0.08239	9.668612E+8
-6444.17	-4.6	9.283981	0.06413	-0.026915	0	-0.026584	-0.212787	0.083132	9.668617E+8
-6547.2	-4.7	9.292562	0.059607	-0.026464	0	-0.026685	-0.212787	0.082642	9.668622E+8
-6647.68	-4.8	9.287753	0.055582	-0.027533	0	-0.028117	-0.212787	0.082764	9.668627E+8
-6745.55	-4.9	9.276142	0.064068	-0.027579	0	-0.02729	-0.212787	0.082572	9.668632E+8
-6840.75	-5	9.295528	0.049777	-0.027905	0	-0.027095	-0.212787	0.082561	9.668637E+8
-6933.24	-5.1	9.285193	0.064289	-0.028554	0	-0.027577	-0.212787	0.083059	9.668642E+8
-7022.95	-5.2	9.29493	0.069318	-0.027788	0	-0.028043	-0.212787	0.082904	9.668647E+8
-7109.83	-5.3	9.289589	0.052398	-0.026162	0	-0.026989	-0.212787	0.082793	9.668652E+8
-7193.84	-5.4	9.294206	0.067356	-0.027414	0	-0.02782	-0.212787	0.083204	9.668657E+8
-7274.9	-5.5	9.286109	0.060134	-0.026928	0	-0.027515	-0.212787	0.083019	9.668662E+8
-7352.98	-5.6	9.290203	0.06707	-0.02782	0	-0.027199	-0.212787	0.082467	9.668667E+8
-7428.01	-5.7	9.293598	0.068233	-0.027286	0	-0.027367	-0.212787	0.082852	9.668672E+8
-7499.94	-5.8	9.290758	0.052798	-0.028166	0	-0.027076	-0.212787	0.083053	9.668677E+8
-7568.71	-5.9	9.300157	0.061917	-0.027341	0	-0.028376	-0.212787	0.08245	9.668682E+8
-7634.28	-6	9.289725	0.067905	-0.028279	0	-0.02808	-0.212787	0.082473	9.668687E+8
-7568.71	-5.9	9.30085	0.065884	-0.028774	0	-0.028053	-0.212787	0.082462	9.668692E+8
-7499.94	-5.8	9.296954	0.069929	-0.028283	0	-0.028132	-0.212787	0.083121	9.668697E+8
-7428.01	-5.7	9.316834	0.058665	-0.029234	0	-0.028998	-0.212787	0.08305	9.668702E+8
-7352.98	-5.6	9.303104	0.06682	-0.02883	0	-0.027859	-0.212787	0.083092	9.668707E+8
-7274.9	-5.5	9.292334	0.071212	-0.028493	0	-0.029295	-0.212787	0.082779	9.668712E+8
-7193.84	-5.4	9.291184	0.058457	-0.027551	0	-0.02767	-0.212787	0.082886	9.668717E+8
-7109.83	-5.3	9.301054	0.070247	-0.02724	0	-0.028114	-0.212787	0.082474	9.668722E+8
-7022.95	-5.2	9.282012	0.068324	-0.027032	0	-0.029202	-0.212787	0.082647	9.668727E+8
-6933.24	-5.1	9.318332	0.060108	-0.028647	0	-0.028093	-0.212787	0.083271	9.668732E+8
-6840.75	-5	9.299417	0.064932	-0.028031	0	-0.028142	-0.212787	0.082582	9.668737E+8
-6745.55	-4.9	9.302029	0.070026	-0.028299	0	-0.028364	-0.212787	0.082831	9.668742E+8
-6647.68	-4.8	9.305382	0.054403	-0.027315	0	-0.028812	-0.212787	0.082724	9.668747E+8
-6547.2	-4.7	9.29223	0.064487	-0.027928	0	-0.027339	-0.212787	0.082938	9.668752E+8
-6444.17	-4.6	9.311438	0.05413	-0.02796	0	-0.028551	-0.212787	0.083007	9.668757E+8
-6338.64	-4.5	9.31236	0.061021	-0.027691	0	-0.028942	-0.212787	0.082481	9.668762E+8
-6230.67	-4.4	9.302545	0.05605	-0.027874	0	-0.028626	-0.212787	0.082502	9.668767E+8
-6120.3	-4.3	9.310427	0.070598	-0.027196	0	-0.028861	-0.212787	0.082555	9.668772E+8
-6007.6	-4.2	9.30059	0.064585	-0.02757	0	-0.028307	-0.212787	0.083225	9.668777E+8
-5892.62	-4.1	9.325353	0.052629	-0.028067	0	-0.028708	-0.212787	0.08295	9.668782E+8
-5775.41	-4	9.312201	0.065754	-0.028118	0	-0.028344	-0.212787	0.083169	9.668787E+8
-5656.02	-3.9	9.321119	0.062921	-0.027975	0	-0.028576	-0.212787	0.082528	9.668792E+8
-5534.53	-3.8	9.324047	0.068834	-0.028349	0	-0.028613	-0.212787	0.082621	9.668797E+8
-5410.96	-3.7	9.328124	0.072911	-0.02866	0	-0.029458	-0.212787	0.082954	9.668802E+8
-5285.39	-3.6	9.329206	0.073243	-0.028005	0	-0.028183	-0.212787	0.083306	9.668807E+8
-5157.87	-3.5	9.320492	0.066716	-0.028004	0	-0.028048	-0.212787	0.083306	9.668812E+8
-5028.44	-3.4	9.323234	0.069133	-0.02894	0	-0.028124	-0.212787	0.082552	9.668817E+8
-4897.18	-3.3	9.313082	0.072768	-0.028146	0	-0.028531	-0.212787	0.082933	9.668822E+8
-4764.12	-3.2	9.320973	0.073993	-0.029023	0	-0.027787	-0.212787	0.082538	9.668827E+8
-4629.32	-3.1	9.319946	0.069864	-0.028147	0	-0.02824	-0.212787	0.083264	9.668832E+8
-4492.85	-3	9.329514	0.069039	-0.028084	0	-0.028523	-0.212787	0.083069	9.668837E+8
-4354.75	-2.9	9.328832	0.071323	-0.027793	0	-0.029166	-0.212787	0.082667	9.668842E+8
-4215.08	-2.8	9.31263	0.064559	-0.028956	0	-0.028953	-0.212787	0.082848	9.668847E+8
-4073.89	-2.7	9.340385	0.074003	-0.028438	0	-0.027708	-0.212787	0.082525	9.668852E+8
-3931.24	-2.6	9.337055	0.059253	-0.028979	0	-0.029047	-0.212787	0.083165	9.668857E+8
-3787.18	-2.5	9.326369	0.082112	-0.028371	0	-0.028109	-0.212787	0.082674	9.668862E+8
-3641.77	-2.4	9.320249	0.049068	-0.029142	0	-0.027836	-0.212787	0.08295	9.668867E+8
-3495.06	-2.3	9.311239	0.066992	-0.029025	0	-0.02804	-0.212787	0.083382	9.668872E+8
-3347.11	-2.2	9.324826	0.063912	-0.029432	0	-0.028754	-0.212787	0.082555	9.668877E+8
-3197.97	-2.1	9.328995	0.062681	-0.029536	0	-0.029916	-0.212787	0.082598	9.668882E+8
-3047.69	-2	9.319943	0.073197	-0.029655	0	-0.028947	-0.212787	0.082791	9.668887E+8
-2896.33	-1.9	9.330268	0.061391	-0.029796	0	-0.029291	-0.212787	0.083015	9.668892E+8
-2743.95	-1.8	9.329573	0.062697	-0.03041	0	-0.029873	-0.212787	0.083153	9.668897E+8
-2590.6	-1.7	9.340707	0.074009	-0.030053	0	-0.029156	-0.212787	0.082574	9.668902E+8
-2436.33	-1.6	9.336896	0.062937	-0.029984	0	-0.030354	-0.212787	0.083324	9.668907E+8
-2281.19	-1.5	9.328108	0.055647	-0.028734	0	-0.029309	-0.212787	0.082607	9.668912E+8
-2125.26	-1.4	9.321642	0.058282	-0.029191	0	-0.029118	-0.212787	0.083284	9.668917E+8
-1968.57	-1.3	9.330674	0.055634	-0.030397	0	-0.028379	-0.212787	0.083365	9.668922E+8
-1811.18	-1.2	9.333394	0.06912	-0.030052	0	-0.02834	-0.212787	0.083306	9.668927E+8
-1653.15	-1.1	9.333088	0.067651	-0.029851	0	-0.028882	-0.212787	0.082977	9.668932E+8
-1494.53	-1	9.332263	0.072326	-0.030489	0	-0.029764	-0.212787	0.082574	9.668937E+8
-1335.37	-0.9	9.320746	0.069172	-0.030367	0	-0.029862	-0.212787	0.082569	9.668942E+8
-1175.74	-0.8	9.329479	0.055287	-0.030686	0	-0.030259	-0.212787	0.082589	9.668947E+8
-1015.68	-0.7	9.332919	0.066596	-0.03035	0	-0.029588	-0.212787	0.083124	9.668952E+8
-855.25	-0.6	9.331522	0.06565	-0.030416	0	-0.029628	-0.212787	0.082655	9.668957E+8
-694.51	-0.5	9.339992	0.067726	-0.031001	0	-0.030118	-0.212787	0.08262	9.668962E+8
-533.51	-0.4	9.329456	0.063802	-0.030084	0	-0.030195	-0.212787	0.082608	9.668967E+8
-372.3	-0.3	9.331828	0.057401	-0.031963	0	-0.031065	-0.212787	0.082941	9.668972E+8
-210.93	-0.2	9.334063	0.060878	-0.031284	0	-0.029981	-0.212787	0.08305	9.668977E+8
-49.47	-0.1	9.332409	0.057895	-0.031257	0	-0.030635	-0.212787	0.082663	9.668982E+8
112.03	0	9.320375	0.070624	-0.030714	0	-0.029629	-0.212787	0.083018	9.668987E+8
273.52	0.1	9.320388	0.073762	-0.030855	0	-0.030495	-0.212787	0.083408	9.668992E+8
434.94	0.2	9.321123	0.075341	-0.030632	0	-0.030579	-0.212787	0.083224	9.668997E+8
596.24	0.3	9.329326	0.062642	-0.03078	0	-0.030133	-0.212787	0.082673	9.669002E+8
757.37	0.4	9.312864	0.060816	-0.030333	0	-0.030443	-0.212787	0.083014	9.669007E+8
918.26	0.5	9.31659	0.06282	-0.03068	0	-0.030597	-0.212787	0.083231	9.669012E+8
1078.87	0.6	9.300408	0.060413	-0.030162	0	-0.029482	-0.212787	0.083291	9.669017E+8
1239.14	0.7	9.219472	0.050852	-0.030969	0	-0.03107	-0.212787	0.082777	9.669022E+8
1399.02	0.8	8.750464	0.064838	-0.030536	0	-0.03076	-0.212787	0.082809	9.669027E+8
1558.44	0.9	6.254423	0.037314	-0.027964	0	-0.027621	-0.212787	0.083287	9.669032E+8
1717.37	1	5.187331	0.026077	-0.026388	0	-0.025941	-0.212787	0.083012	9.669037E+8
1875.73	1.1	4.454981	0.018169	-0.024898	0	-0.0248	-0.212787	0.082767	9.669042E+8
2033.48	1.2	3.897328	0.022223	-0.024663	0	-0.024772	-0.212787	0.082783	9.669047E+8
2190.57	1.3	3.425392	0.030053	-0.024234	0	-0.024024	-0.212787	0.082742	9.669052E+8
2346.93	1.4	2.993274	0.022646	-0.023871	0	-0.023371	-0.212787	0.082518	9.669057E+8
2502.52	1.5	2.611887	0.001574	-0.022765	0	-0.023061	-0.212787	0.08283	9.669062E+8
2657.27	1.6	2.24468	-0.000651	-0.023126	0	-0.022478	-0.212787	0.083076	9.669067E+8
2811.14	1.7	1.885528	0.013114	-0.021454	0	-0.021574	-0.212787	0.083293	9.669072E+8
2964.07	1.8	1.529498	-0.020748	-0.022192	0	-0.021912	-0.212787	0.082745	9.669077E+8
3116	1.9	1.181831	-0.002873	-0.021147	0	-0.022087	-0.212787	0.082788	9.669082E+8
3266.89	2	0.825915	0.000599	-0.020758	0	-0.020581	-0.212787	0.082698	9.669087E+8
3416.67	2.1	0.460928	-0.018487	-0.020655	0	-0.020251	-0.212787	0.082708	9.669092E+8
3565.29	2.2	0.08679	-0.027136	-0.020465	0	-0.020434	-0.212787	0.083282	9.669097E+8
3712.69	2.3	-0.311444	-0.024062	-0.019896	0	-0.020439	-0.212787	0.083028	9.669102E+8
3858.83	2.4	-0.718334	-0.042873	-0.019555	0	-0.019576	-0.212787	0.083095	9.669107E+8
4003.65	2.5	-1.171548	-0.026424	-0.018164	0	-0.018379	-0.212787	0.082894	9.669112E+8
4147.09	2.6	-1.621058	-0.029949	-0.017745	0	-0.017786	-0.212787	0.082855	9.669117E+8
4289.09	2.7	-2.027425	-0.036677	-0.016556	0	-0.016857	-0.212787	0.08276	9.669122E+8
4429.62	2.8	-2.325662	-0.041239	-0.01681	0	-0.016621	-0.212787	0.083098	9.669127E+8
4568.59	2.9	-2.450598	-0.041304	-0.016843	0	-0.016687	-0.212787	0.08263	9.669132E+8
4705.98	3	-2.525219	-0.043149	-0.017429	0	-0.016956	-0.212787	0.083033	9.669137E+8
4841.71	3.1	-2.517458	-0.032795	-0.017162	0	-0.016937	-0.212787	0.082508	9.669142E+8
4975.74	3.2	-2.532552	-0.049491	-0.017231	0	-0.017396	-0.212787	0.083133	9.669147E+8
5108.01	3.3	-2.52224	-0.044377	-0.017711	0	-0.017152	-0.212787	0.08268	9.669152E+8
5238.46	3.4	-2.534846	-0.034656	-0.016939	0	-0.017725	-0.212787	0.082946	9.669157E+8
5367.05	3.5	-2.54033	-0.049244	-0.016786	0	-0.016732	-0.212787	0.083251	9.669162E+8
5493.71	3.6	-2.530775	-0.041508	-0.017041	0	-0.016658	-0.212787	0.082625	9.669167E+8
5618.4	3.7	-2.546061	-0.046466	-0.016944	0	-0.017635	-0.212787	0.08246	9.669172E+8
5741.05	3.8	-2.52532	-0.05285	-0.01722	0	-0.015964	-0.212787	0.082873	9.669177E+8
5861.61	3.9	-2.531704	-0.041775	-0.017002	0	-0.016772	-0.212787	0.083153	9.669182E+8
5980.04	4	-2.541298	-0.041304	-0.015901	0	-0.016698	-0.212787	0.082924	9.669187E+8
6096.26	4.1	-2.522942	-0.03569	-0.016382	0	-0.016609	-0.212787	0.082705	9.669192E+8
6210.24	4.2	-2.530366	-0.040017	-0.01684	0	-0.01688	-0.212787	0.082701	9.669197E+8
6321.91	4.3	-2.529206	-0.038841	-0.017041	0	-0.016441	-0.212787	0.082551	9.669202E+8
6431.22	4.4	-2.525353	-0.040397	-0.016567	0	-0.016325	-0.212787	0.083214	9.669207E+8
6538.11	4.5	-2.538029	-0.044283	-0.016892	0	-0.015819	-0.212787	0.083236	9.669212E+8
6642.54	4.6	-2.521753	-0.042239	-0.01647	0	-0.01606	-0.212787	0.083036	9.669217E+8
6744.44	4.7	-2.544647	-0.045166	-0.01617	0	-0.015959	-0.212787	0.082604	9.669222E+8
6843.76	4.8	-2.531538	-0.054373	-0.015285	0	-0.016111	-0.212787	0.082454	9.669227E+8
6940.45	4.9	-2.542149	-0.032662	-0.016008	0	-0.015675	-0.212787	0.082443	9.669232E+8
7034.46	5	-2.535599	-0.039231	-0.015997	0	-0.016825	-0.212787	0.083069	9.669237E+8
7125.71	5.1	-2.52276	-0.037077	-0.01613	0	-0.016075	-0.212787	0.083202	9.669242E+8
7214.18	5.2	-2.532227	-0.038679	-0.015736	0	-0.016789	-0.212787	0.08309	9.669247E+8
7299.79	5.3	-2.530187	-0.046807	-0.015803	0	-0.015465	-0.212787	0.083146	9.669252E+8
7382.49	5.4	-2.526295	-0.041265	-0.016775	0	-0.016291	-0.212787	0.082405	9.669257E+8
7462.23	5.5	-2.526704	-0.029663	-0.017026	0	-0.017141	-0.212787	0.08283	9.669262E+8
7538.96	5.6	-2.519638	-0.037931	-0.017883	0	-0.017221	-0.212787	0.083101	9.669267E+8
7612.62	5.7	-2.512669	-0.047229	-0.018031	0	-0.018028	-0.212787	0.082577	9.669272E+8
7683.15	5.8	-2.523576	-0.036827	-0.018433	0	-0.018207	-0.212787	0.083007	9.669277E+8
7750.51	5.9	-2.532071	-0.034189	-0.019322	0	-0.017849	-0.212787	0.082406	9.669282E+8
7814.63	6	-2.517188	-0.042759	-0.018188	0	-0.017992	-0.212787	0.083128	9.669287E+8
