20/05/2022	14:38

CoTb

Field	Kepco	Channel A	Channel B	Agilent	0	RF out	Monitor+	Monitor-	Time
7034.46	5	4.607289	-0.237957	0.01839	0	0.017957	-0.212787	0.075678	3.0345E+9
6940.45	4.9	4.633016	-0.23976	0.018165	0	0.017438	-0.212787	0.075576	3.0345E+9
6843.76	4.8	4.637065	-0.240663	0.017919	0	0.018222	-0.212787	0.075637	3.034501E+9
6744.44	4.7	4.643822	-0.245546	0.017864	0	0.017732	-0.212787	0.075434	3.034501E+9
6642.54	4.6	4.643215	-0.24681	0.018433	0	0.017389	-0.212787	0.075582	3.034501E+9
6538.11	4.5	4.637984	-0.242781	0.017408	0	0.017096	-0.212787	0.075562	3.034502E+9
6431.22	4.4	4.643228	-0.236245	0.017912	0	0.017128	-0.212787	0.07547	3.034502E+9
6321.91	4.3	4.644436	-0.237586	0.017631	0	0.017354	-0.212787	0.075549	3.034502E+9
6210.24	4.2	4.643822	-0.248596	0.016913	0	0.017673	-0.212787	0.075504	3.034503E+9
6096.26	4.1	4.64314	-0.241621	0.017495	0	0.016334	-0.212787	0.075496	3.034503E+9
5980.04	4	4.643988	-0.243876	0.017539	0	0.017389	-0.212787	0.075669	3.034503E+9
5861.61	3.9	4.644326	-0.242989	0.017033	0	0.017351	-0.212787	0.075596	3.034503E+9
5741.05	3.8	4.641051	-0.242573	0.017421	0	0.017973	-0.212787	0.075442	3.034504E+9
5618.4	3.7	4.641428	-0.23988	0.0183	0	0.017383	-0.212787	0.075606	3.034504E+9
5493.71	3.6	4.640872	-0.241608	0.017788	0	0.017428	-0.212787	0.075663	3.034505E+9
5367.05	3.5	4.640983	-0.242495	0.017171	0	0.016982	-0.212787	0.075488	3.034505E+9
5238.46	3.4	4.635788	-0.241767	0.017281	0	0.01739	-0.212787	0.075445	3.034505E+9
5108.01	3.3	4.640096	-0.239958	0.016112	0	0.017143	-0.212787	0.075519	3.034506E+9
4975.74	3.2	4.636148	-0.24078	0.018458	0	0.017074	-0.212787	0.075482	3.034506E+9
4841.71	3.1	4.637266	-0.242992	0.016956	0	0.016886	-0.212787	0.075537	3.034506E+9
4705.98	3	4.640339	-0.239363	0.017396	0	0.017206	-0.212787	0.075396	3.034506E+9
4568.59	2.9	4.637773	-0.242641	0.016846	0	0.016935	-0.212787	0.075518	3.034507E+9
4429.62	2.8	4.638699	-0.236995	0.017555	0	0.017636	-0.212787	0.075425	3.034507E+9
4289.09	2.7	4.636915	-0.242446	0.017579	0	0.016695	-0.212787	0.07555	3.034507E+9
4147.09	2.6	4.633887	-0.236069	0.017489	0	0.016513	-0.212787	0.075523	3.034508E+9
4003.65	2.5	4.628159	-0.238278	0.016666	0	0.01779	-0.212787	0.075442	3.034508E+9
3858.83	2.4	4.628829	-0.239211	0.016745	0	0.017563	-0.212787	0.07549	3.034508E+9
3712.69	2.3	4.629966	-0.243366	0.016098	0	0.017218	-0.212787	0.075533	3.034509E+9
3565.29	2.2	4.629992	-0.240858	0.016034	0	0.017842	-0.212787	0.075416	3.034509E+9
3416.67	2.1	4.628647	-0.243226	0.01668	0	0.016128	-0.212787	0.075538	3.034509E+9
3266.89	2	4.633224	-0.242323	0.016628	0	0.017703	-0.212787	0.075442	3.034509E+9
3116	1.9	4.62019	-0.238405	0.017369	0	0.016941	-0.212787	0.075486	3.03451E+9
2964.07	1.8	4.616236	-0.235799	0.016335	0	0.016942	-0.212787	0.075476	3.03451E+9
2811.14	1.7	4.626213	-0.241452	0.016367	0	0.017449	-0.212787	0.075447	3.03451E+9
2657.27	1.6	4.619592	-0.237063	0.016309	0	0.016673	-0.212787	0.075384	3.034511E+9
2502.52	1.5	4.621301	-0.244607	0.017465	0	0.0166	-0.212787	0.07545	3.034511E+9
2346.93	1.4	4.620011	-0.24269	0.017031	0	0.016703	-0.212787	0.075452	3.034511E+9
2190.57	1.3	4.619193	-0.237827	0.016352	0	0.016556	-0.212787	0.07545	3.034512E+9
2033.48	1.2	4.61533	-0.240315	0.016741	0	0.01771	-0.212787	0.075442	3.034512E+9
1875.73	1.1	4.614693	-0.240013	0.016375	0	0.016782	-0.212787	0.075518	3.034512E+9
1717.37	1	4.606396	-0.240764	0.016455	0	0.017246	-0.212787	0.07537	3.034512E+9
1558.44	0.9	4.609862	-0.242775	0.016963	0	0.017063	-0.212787	0.075338	3.034513E+9
1399.02	0.8	4.605918	-0.247128	0.017433	0	0.016331	-0.212787	0.075484	3.034513E+9
1239.14	0.7	4.599784	-0.240929	0.017842	0	0.016812	-0.212787	0.075399	3.034513E+9
1078.87	0.6	4.606223	-0.241793	0.016668	0	0.016374	-0.212787	0.075461	3.034514E+9
918.26	0.5	4.602741	-0.240936	0.016074	0	0.016599	-0.212787	0.075567	3.034514E+9
757.37	0.4	4.595333	-0.242524	0.017206	0	0.016974	-0.212787	0.075458	3.034514E+9
596.24	0.3	4.59482	-0.240166	0.017147	0	0.016176	-0.212787	0.075421	3.034515E+9
434.94	0.2	4.592718	-0.241225	0.016277	0	0.017313	-0.212787	0.075454	3.034515E+9
273.52	0.1	4.589911	-0.244916	0.01652	0	0.016849	-0.212787	0.075411	3.034515E+9
112.03	0	4.588144	-0.244211	0.01645	0	0.017267	-0.212787	0.075375	3.034515E+9
-49.47	-0.1	4.584508	-0.245445	0.0174	0	0.016845	-0.212787	0.075423	3.034516E+9
-210.93	-0.2	4.57751	-0.242596	0.016991	0	0.017012	-0.212787	0.075429	3.034516E+9
-372.3	-0.3	4.574791	-0.239549	0.016347	0	0.017282	-0.212787	0.075406	3.034516E+9
-533.51	-0.4	4.573085	-0.237888	0.016644	0	0.016459	-0.212787	0.075409	3.034517E+9
-694.51	-0.5	4.568261	-0.235114	0.017073	0	0.017366	-0.212787	0.075387	3.034517E+9
-855.25	-0.6	4.565844	-0.237018	0.017102	0	0.016656	-0.212787	0.07533	3.034517E+9
-1015.68	-0.7	4.554116	-0.237983	0.017134	0	0.015846	-0.212787	0.075353	3.034518E+9
-1175.74	-0.8	4.531959	-0.232889	0.016436	0	0.017105	-0.212787	0.07547	3.034518E+9
-1335.37	-0.9	4.396389	-0.219968	0.015926	0	0.015707	-0.212787	0.075413	3.034518E+9
-1494.53	-1	3.495199	-0.160353	0.014081	0	0.012989	-0.212787	0.075553	3.034518E+9
-1653.15	-1.1	1.737929	-0.057522	0.011512	0	0.01195	-0.212787	0.075511	3.034519E+9
-1811.18	-1.2	0.514167	0.002263	0.010887	0	0.010939	-0.212787	0.075371	3.034519E+9
-1968.57	-1.3	-0.293589	0.046414	0.009723	0	0.010675	-0.212787	0.075528	3.034519E+9
-2125.26	-1.4	-0.879689	0.085624	0.009496	0	0.009965	-0.212787	0.075449	3.03452E+9
-2281.19	-1.5	-1.369842	0.110903	0.009442	0	0.00815	-0.212787	0.075454	3.03452E+9
-2436.33	-1.6	-1.803771	0.135327	0.008619	0	0.008442	-0.212787	0.07543	3.03452E+9
-2590.6	-1.7	-2.203309	0.157903	0.008131	0	0.00825	-0.212787	0.075443	3.034521E+9
-2743.95	-1.8	-2.583298	0.180801	0.007246	0	0.007353	-0.212787	0.075612	3.034521E+9
-2896.33	-1.9	-2.971313	0.199543	0.006579	0	0.008193	-0.212787	0.075516	3.034521E+9
-3047.69	-2	-3.349422	0.221235	0.006595	0	0.007304	-0.212787	0.075477	3.034521E+9
-3197.97	-2.1	-3.743284	0.247492	0.006708	0	0.006184	-0.212787	0.075561	3.034522E+9
-3347.11	-2.2	-4.160139	0.274876	0.005116	0	0.006287	-0.212787	0.075432	3.034522E+9
-3495.06	-2.3	-4.59046	0.299837	0.005004	0	0.004872	-0.212787	0.075567	3.034522E+9
-3641.77	-2.4	-5.023778	0.322588	0.004542	0	0.005134	-0.212787	0.075555	3.034523E+9
-3787.18	-2.5	-5.428502	0.345836	0.004822	0	0.004328	-0.212787	0.075615	3.034523E+9
-3931.24	-2.6	-5.736351	0.367551	0.004136	0	0.004077	-0.212787	0.075651	3.034523E+9
-4073.89	-2.7	-5.934919	0.375128	0.004332	0	0.004093	-0.212787	0.075518	3.034524E+9
-4215.08	-2.8	-6.039135	0.380917	0.00376	0	0.003414	-0.212787	0.075615	3.034524E+9
-4354.75	-2.9	-6.083784	0.379432	0.002994	0	0.004568	-0.212787	0.075599	3.034524E+9
-4492.85	-3	-6.101802	0.377779	0.004468	0	0.004617	-0.212787	0.075543	3.034524E+9
-4629.32	-3.1	-6.108829	0.383428	0.003644	0	0.003774	-0.212787	0.075591	3.034525E+9
-4764.12	-3.2	-6.11838	0.383575	0.003547	0	0.004304	-0.212787	0.075588	3.034525E+9
-4897.18	-3.3	-6.12058	0.385988	0.003754	0	0.003912	-0.212787	0.075664	3.034525E+9
-5028.44	-3.4	-6.117981	0.385504	0.003479	0	0.00412	-0.212787	0.075575	3.034526E+9
-5157.87	-3.5	-6.123604	0.384354	0.003539	0	0.00441	-0.212787	0.07559	3.034526E+9
-5285.39	-3.6	-6.131964	0.38297	0.002735	0	0.004904	-0.212787	0.075699	3.034526E+9
-5410.96	-3.7	-6.128939	0.381258	0.00381	0	0.004473	-0.212787	0.075585	3.034527E+9
-5534.53	-3.8	-6.129868	0.379868	0.004285	0	0.003999	-0.212787	0.075649	3.034527E+9
-5656.02	-3.9	-6.129365	0.384796	0.003936	0	0.003518	-0.212787	0.075627	3.034527E+9
-5775.41	-4	-6.138832	0.387431	0.00316	0	0.004611	-0.212787	0.075648	3.034527E+9
-5892.62	-4.1	-6.131947	0.381846	0.004122	0	0.003837	-0.212787	0.075638	3.034528E+9
-6007.6	-4.2	-6.134598	0.381778	0.004134	0	0.004575	-0.212787	0.075713	3.034528E+9
-6120.3	-4.3	-6.138198	0.382512	0.003601	0	0.003815	-0.212787	0.075606	3.034528E+9
-6230.67	-4.4	-6.131957	0.382132	0.004004	0	0.004214	-0.212787	0.075634	3.034529E+9
-6338.64	-4.5	-6.133192	0.379003	0.004109	0	0.004746	-0.212787	0.075602	3.034529E+9
-6444.17	-4.6	-6.13967	0.387457	0.004292	0	0.004545	-0.212787	0.075666	3.034529E+9
-6547.2	-4.7	-6.133569	0.388409	0.005003	0	0.004698	-0.212787	0.0757	3.03453E+9
-6647.68	-4.8	-6.130609	0.382194	0.005194	0	0.00473	-0.212787	0.07571	3.03453E+9
-6745.55	-4.9	-6.132782	0.38568	0.005259	0	0.003922	-0.212787	0.075753	3.03453E+9
-6840.75	-5	-6.136658	0.379075	0.004966	0	0.004741	-0.212787	0.07567	3.03453E+9
-6745.55	-4.9	-6.135411	0.379517	0.00477	0	0.004461	-0.212787	0.075607	3.034531E+9
-6647.68	-4.8	-6.137457	0.383162	0.00492	0	0.005035	-0.212787	0.075731	3.034531E+9
-6547.2	-4.7	-6.14491	0.382632	0.004192	0	0.004894	-0.212787	0.075688	3.034531E+9
-6444.17	-4.6	-6.136681	0.380449	0.004195	0	0.004204	-0.212787	0.075822	3.034532E+9
-6338.64	-4.5	-6.142678	0.386407	0.004592	0	0.004984	-0.212787	0.075774	3.034532E+9
-6230.67	-4.4	-6.139017	0.387895	0.005636	0	0.004145	-0.212787	0.075818	3.034532E+9
-6120.3	-4.3	-6.141635	0.38517	0.004221	0	0.004592	-0.212787	0.075879	3.034533E+9
-6007.6	-4.2	-6.140748	0.380849	0.005081	0	0.004949	-0.212787	0.075717	3.034533E+9
-5892.62	-4.1	-6.139852	0.38348	0.004599	0	0.004752	-0.212787	0.07573	3.034533E+9
-5775.41	-4	-6.140742	0.377944	0.004133	0	0.004466	-0.212787	0.075769	3.034533E+9
-5656.02	-3.9	-6.138335	0.383912	0.005125	0	0.005023	-0.212787	0.075646	3.034534E+9
-5534.53	-3.8	-6.142155	0.384211	0.004771	0	0.004588	-0.212787	0.075767	3.034534E+9
-5410.96	-3.7	-6.142574	0.380011	0.00595	0	0.004918	-0.212787	0.075644	3.034534E+9
-5285.39	-3.6	-6.144715	0.383402	0.005093	0	0.004832	-0.212787	0.075776	3.034535E+9
-5157.87	-3.5	-6.141645	0.384351	0.003406	0	0.004659	-0.212787	0.075746	3.034535E+9
-5028.44	-3.4	-6.144299	0.384851	0.005325	0	0.004768	-0.212787	0.07563	3.034535E+9
-4897.18	-3.3	-6.142643	0.378032	0.003821	0	0.003511	-0.212787	0.075685	3.034536E+9
-4764.12	-3.2	-6.144751	0.381684	0.004978	0	0.005022	-0.212787	0.075685	3.034536E+9
-4629.32	-3.1	-6.14209	0.381307	0.005085	0	0.004021	-0.212787	0.075593	3.034536E+9
-4492.85	-3	-6.147028	0.383951	0.004899	0	0.00433	-0.212787	0.075669	3.034536E+9
-4354.75	-2.9	-6.141801	0.382922	0.004986	0	0.005237	-0.212787	0.075662	3.034537E+9
-4215.08	-2.8	-6.137038	0.387096	0.004457	0	0.004722	-0.212787	0.075715	3.034537E+9
-4073.89	-2.7	-6.136145	0.380933	0.005534	0	0.004282	-0.212787	0.075663	3.034537E+9
-3931.24	-2.6	-6.144706	0.383149	0.004382	0	0.004834	-0.212787	0.075604	3.034538E+9
-3787.18	-2.5	-6.140921	0.380423	0.004893	0	0.004422	-0.212787	0.075691	3.034538E+9
-3641.77	-2.4	-6.139186	0.379072	0.005095	0	0.003914	-0.212787	0.075629	3.034538E+9
-3495.06	-2.3	-6.135885	0.379007	0.003934	0	0.004099	-0.212787	0.075541	3.034539E+9
-3347.11	-2.2	-6.137061	0.383113	0.00389	0	0.004815	-0.212787	0.075755	3.034539E+9
-3197.97	-2.1	-6.133468	0.386154	0.004557	0	0.004804	-0.212787	0.075638	3.034539E+9
-3047.69	-2	-6.133695	0.382733	0.003755	0	0.004341	-0.212787	0.075719	3.034539E+9
-2896.33	-1.9	-6.133084	0.385046	0.003888	0	0.003677	-0.212787	0.075649	3.03454E+9
-2743.95	-1.8	-6.12891	0.382301	0.005018	0	0.004007	-0.212787	0.075671	3.03454E+9
-2590.6	-1.7	-6.130112	0.384023	0.004046	0	0.004026	-0.212787	0.075661	3.03454E+9
-2436.33	-1.6	-6.129917	0.381836	0.0034	0	0.005177	-0.212787	0.0756	3.034541E+9
-2281.19	-1.5	-6.130918	0.377948	0.004061	0	0.003568	-0.212787	0.075662	3.034541E+9
-2125.26	-1.4	-6.127396	0.382369	0.004504	0	0.004065	-0.212787	0.075648	3.034541E+9
-1968.57	-1.3	-6.122789	0.381105	0.004466	0	0.004404	-0.212787	0.075515	3.034542E+9
-1811.18	-1.2	-6.122198	0.382675	0.00422	0	0.004336	-0.212787	0.0757	3.034542E+9
-1653.15	-1.1	-6.122266	0.382256	0.00401	0	0.004401	-0.212787	0.075575	3.034542E+9
-1494.53	-1	-6.11877	0.380098	0.004521	0	0.003501	-0.212787	0.075547	3.034542E+9
-1335.37	-0.9	-6.117419	0.384146	0.004223	0	0.004015	-0.212787	0.075657	3.034543E+9
-1175.74	-0.8	-6.115775	0.384565	0.004008	0	0.004761	-0.212787	0.075511	3.034543E+9
-1015.68	-0.7	-6.113192	0.381476	0.004384	0	0.003887	-0.212787	0.075615	3.034543E+9
-855.25	-0.6	-6.11518	0.383662	0.004297	0	0.004412	-0.212787	0.075544	3.034544E+9
-694.51	-0.5	-6.118189	0.382733	0.004794	0	0.004486	-0.212787	0.075522	3.034544E+9
-533.51	-0.4	-6.107143	0.384998	0.004138	0	0.00414	-0.212787	0.075699	3.034544E+9
-372.3	-0.3	-6.100473	0.384897	0.00439	0	0.004449	-0.212787	0.075596	3.034545E+9
-210.93	-0.2	-6.099787	0.381037	0.004923	0	0.004099	-0.212787	0.075582	3.034545E+9
-49.47	-0.1	-6.095973	0.382824	0.003613	0	0.004003	-0.212787	0.07562	3.034545E+9
112.03	0	-6.099027	0.383659	0.005226	0	0.004225	-0.212787	0.075485	3.034545E+9
273.52	0.1	-6.088657	0.381596	0.004076	0	0.003771	-0.212787	0.075534	3.034546E+9
434.94	0.2	-6.085008	0.380927	0.00441	0	0.004077	-0.212787	0.075518	3.034546E+9
596.24	0.3	-6.071266	0.378065	0.005329	0	0.00418	-0.212787	0.075466	3.034546E+9
757.37	0.4	-6.01153	0.37454	0.005207	0	0.005416	-0.212787	0.075693	3.034547E+9
918.26	0.5	-5.617389	0.342441	0.006498	0	0.006928	-0.212787	0.075515	3.034547E+9
1078.87	0.6	-4.031398	0.246313	0.008648	0	0.008033	-0.212787	0.075488	3.034547E+9
1239.14	0.7	-2.527922	0.164706	0.009697	0	0.010506	-0.212787	0.075559	3.034548E+9
1399.02	0.8	-1.572346	0.113645	0.010754	0	0.010589	-0.212787	0.075388	3.034548E+9
1558.44	0.9	-0.907992	0.071673	0.011385	0	0.011225	-0.212787	0.075447	3.034548E+9
1717.37	1	-0.384793	0.04899	0.011776	0	0.011871	-0.212787	0.075404	3.034548E+9
1875.73	1.1	0.073957	0.017376	0.012851	0	0.011774	-0.212787	0.075348	3.034549E+9
2033.48	1.2	0.488787	-0.00403	0.011932	0	0.012801	-0.212787	0.075543	3.034549E+9
2190.57	1.3	0.884527	-0.024962	0.013267	0	0.013349	-0.212787	0.075345	3.034549E+9
2346.93	1.4	1.262343	-0.045585	0.013649	0	0.014029	-0.212787	0.075415	3.03455E+9
2502.52	1.5	1.636624	-0.073928	0.013252	0	0.013333	-0.212787	0.075432	3.03455E+9
2657.27	1.6	2.031559	-0.091887	0.013617	0	0.0139	-0.212787	0.075351	3.03455E+9
2811.14	1.7	2.437169	-0.119557	0.015601	0	0.014984	-0.212787	0.07541	3.034551E+9
2964.07	1.8	2.861483	-0.15276	0.015304	0	0.015639	-0.212787	0.075469	3.034551E+9
3116	1.9	3.293614	-0.169917	0.017372	0	0.015947	-0.212787	0.075354	3.034551E+9
3266.89	2	3.716768	-0.193097	0.015776	0	0.016146	-0.212787	0.075432	3.034551E+9
3416.67	2.1	4.070642	-0.210462	0.016676	0	0.01669	-0.212787	0.075395	3.034552E+9
3565.29	2.2	4.322621	-0.226375	0.016802	0	0.01683	-0.212787	0.075388	3.034552E+9
3712.69	2.3	4.472314	-0.233678	0.017109	0	0.017878	-0.212787	0.075388	3.034552E+9
3858.83	2.4	4.535851	-0.23016	0.017491	0	0.017392	-0.212787	0.075393	3.034553E+9
4003.65	2.5	4.563086	-0.236001	0.016926	0	0.017039	-0.212787	0.075422	3.034553E+9
4147.09	2.6	4.574401	-0.236293	0.017182	0	0.018579	-0.212787	0.07548	3.034553E+9
4289.09	2.7	4.580142	-0.239964	0.017456	0	0.016817	-0.212787	0.075411	3.034554E+9
4429.62	2.8	4.582462	-0.239542	0.017141	0	0.016526	-0.212787	0.075479	3.034554E+9
4568.59	2.9	4.585749	-0.234773	0.018123	0	0.017144	-0.212787	0.075409	3.034554E+9
4705.98	3	4.592539	-0.235159	0.017714	0	0.016825	-0.212787	0.07547	3.034554E+9
4841.71	3.1	4.597003	-0.24142	0.017018	0	0.018001	-0.212787	0.075423	3.034555E+9
4975.74	3.2	4.591724	-0.239805	0.017354	0	0.017184	-0.212787	0.07538	3.034555E+9
5108.01	3.3	4.600181	-0.239211	0.017003	0	0.017711	-0.212787	0.075532	3.034555E+9
5238.46	3.4	4.601113	-0.237326	0.017701	0	0.018184	-0.212787	0.075434	3.034556E+9
5367.05	3.5	4.600184	-0.237778	0.017792	0	0.017108	-0.212787	0.075449	3.034556E+9
5493.71	3.6	4.600262	-0.238489	0.017957	0	0.017407	-0.212787	0.075554	3.034556E+9
5618.4	3.7	4.604511	-0.237869	0.018034	0	0.017438	-0.212787	0.075488	3.034557E+9
5741.05	3.8	4.601516	-0.235942	0.01672	0	0.017187	-0.212787	0.07548	3.034557E+9
5861.61	3.9	4.605707	-0.236725	0.017618	0	0.01778	-0.212787	0.075464	3.034557E+9
5980.04	4	4.606558	-0.238681	0.017711	0	0.017148	-0.212787	0.075394	3.034557E+9
6096.26	4.1	4.602062	-0.232957	0.016936	0	0.017791	-0.212787	0.075522	3.034558E+9
6210.24	4.2	4.605726	-0.236384	0.018721	0	0.01758	-0.212787	0.075472	3.034558E+9
6321.91	4.3	4.605577	-0.237203	0.018438	0	0.017499	-0.212787	0.075339	3.034558E+9
6431.22	4.4	4.599489	-0.237885	0.018793	0	0.01815	-0.212787	0.075539	3.034559E+9
6538.11	4.5	4.604833	-0.244789	0.01846	0	0.018273	-0.212787	0.075507	3.034559E+9
6642.54	4.6	4.604823	-0.242031	0.019023	0	0.017779	-0.212787	0.075481	3.034559E+9
6744.44	4.7	4.599739	-0.237781	0.017643	0	0.018123	-0.212787	0.075473	3.03456E+9
6843.76	4.8	4.6066	-0.233642	0.01872	0	0.017367	-0.212787	0.07549	3.03456E+9
6940.45	4.9	4.613592	-0.234269	0.017655	0	0.017533	-0.212787	0.075559	3.03456E+9
7034.46	5	4.612221	-0.241407	0.018313	0	0.018677	-0.212787	0.075468	3.03456E+9
