30/05/2022	18:51

Si\Ta3\(Co85Tb15)75\Pt3-20220525_APEJ2

Field	Kepco	Channel A	Channel B	Agilent	0	RF out	Monitor+	Monitor-	Time
7814.63	6	-7.683243	0.944993	-0.001406	0	-0.001312	-0.212787	0.016291	3.91275E+9
7683.15	5.8	-7.912612	0.964837	-0.001562	0	-0.001486	-0.212787	0.016332	3.912751E+9
7538.96	5.6	-7.853197	1.078194	-0.001387	0	-0.001266	-0.212787	0.016273	3.912752E+9
7382.49	5.4	-7.852316	1.02174	-0.001324	0	-0.001333	-0.212787	0.016343	3.912753E+9
7214.18	5.2	-7.820153	1.020427	-0.0013	0	-0.001197	-0.212787	0.016293	3.912754E+9
7034.46	5	-7.911741	1.053601	-0.001323	0	-0.001052	-0.212787	0.016458	3.912755E+9
6843.76	4.8	-7.790829	1.105828	-0.001248	0	-0.001356	-0.212787	0.016375	3.912756E+9
6642.54	4.6	-7.859161	1.04157	-0.001425	0	-0.001319	-0.212787	0.016336	3.912757E+9
6431.22	4.4	-7.874542	1.031301	-0.001404	0	-0.001163	-0.212787	0.016346	3.912758E+9
6210.24	4.2	-7.804613	1.020398	-0.001272	0	-0.001415	-0.212787	0.016321	3.912759E+9
5980.04	4	-7.735407	1.07209	-0.001404	0	-0.001096	-0.212787	0.016368	3.91276E+9
5741.05	3.8	-7.720618	0.992877	-0.001629	0	-0.001103	-0.212787	0.016238	3.912761E+9
5493.71	3.6	-7.756894	0.960562	-0.001602	0	-0.001014	-0.212787	0.016314	3.912762E+9
5238.46	3.4	-7.725189	0.934604	-0.001229	0	-0.001333	-0.212787	0.016321	3.912763E+9
4975.74	3.2	-7.744152	0.961474	-0.000811	0	-0.001338	-0.212787	0.016329	3.912764E+9
4705.98	3	-7.699481	1.013884	-0.00153	0	-0.00128	-0.212787	0.016364	3.912765E+9
4429.62	2.8	-7.657967	0.963177	-0.001175	0	-0.001157	-0.212787	0.016319	3.912766E+9
4147.09	2.6	-7.69631	1.002533	-0.001105	0	-0.001241	-0.212787	0.016471	3.912767E+9
3858.83	2.4	-7.636993	1.076219	-0.001338	0	-0.001333	-0.212787	0.016414	3.912768E+9
3565.29	2.2	-7.76758	0.940884	-0.001138	0	-0.001332	-0.212787	0.016429	3.912769E+9
3266.89	2	-7.656443	0.958888	-0.000873	0	-0.001465	-0.212787	0.016388	3.91277E+9
2964.07	1.8	-7.635787	0.941384	-0.001121	0	-0.001217	-0.212787	0.016312	3.912771E+9
2657.27	1.6	-7.670638	0.964944	-0.001273	0	-0.001247	-0.212787	0.016436	3.912772E+9
2346.93	1.4	-7.731488	0.949457	-0.001353	0	-0.00141	-0.212787	0.016276	3.912773E+9
2033.48	1.2	-7.638325	0.947004	-0.001155	0	-0.001194	-0.212787	0.016484	3.912774E+9
1717.37	1	-7.632948	0.854556	-0.001229	0	-0.001231	-0.212787	0.016321	3.912775E+9
1399.02	0.8	-7.660144	0.920923	-0.001325	0	-0.001269	-0.212787	0.016378	3.912776E+9
1078.87	0.6	-7.696394	0.884007	-0.001164	0	-0.001358	-0.212787	0.016328	3.912777E+9
757.37	0.4	-7.692853	0.840989	-0.00121	0	-0.001393	-0.212787	0.016508	3.912778E+9
434.94	0.2	-7.555966	0.826042	-0.00136	0	-0.001336	-0.212787	0.016406	3.912779E+9
112.03	0	-7.317362	0.852887	-0.000786	0	-0.001382	-0.212787	0.016406	3.91278E+9
-210.93	-0.2	-7.60851	0.887223	-0.000952	0	-0.001342	-0.212787	0.01643	3.912781E+9
-533.51	-0.4	-7.541434	0.87454	-0.000843	0	-0.001375	-0.212787	0.016381	3.912782E+9
-855.25	-0.6	-7.467455	0.828884	-0.000822	0	-0.00134	-0.212787	0.016314	3.912783E+9
-1175.74	-0.8	-7.452968	0.868179	-0.001552	0	-0.001276	-0.212787	0.016358	3.912784E+9
-1494.53	-1	-7.384996	0.725573	-0.001843	0	-0.001307	-0.212787	0.016256	3.912785E+9
-1811.18	-1.2	-7.344275	0.751241	-0.001377	0	-0.001305	-0.212787	0.01631	3.912786E+9
-2125.26	-1.4	-7.281495	0.678452	-0.001376	0	-0.001122	-0.212787	0.016283	3.912787E+9
-2436.33	-1.6	-7.202044	0.771364	-0.001514	0	-0.001362	-0.212787	0.016409	3.912788E+9
-2743.95	-1.8	-7.153218	0.673657	-0.001883	0	-0.001321	-0.212787	0.016355	3.912789E+9
-3047.69	-2	-7.126548	0.612082	-0.001252	0	-0.001407	-0.212787	0.016378	3.91279E+9
-3347.11	-2.2	-6.952079	0.549013	-0.001528	0	-0.001546	-0.212787	0.01627	3.912791E+9
-3641.77	-2.4	-6.831814	0.540024	-0.001498	0	-0.001548	-0.212787	0.016288	3.912792E+9
-3931.24	-2.6	-6.827314	0.567892	-0.001848	0	-0.001503	-0.212787	0.016411	3.912793E+9
-4215.08	-2.8	-6.570244	0.65161	-0.001973	0	-0.001431	-0.212787	0.01621	3.912794E+9
-4492.85	-3	-6.430018	0.508166	-0.002003	0	-0.001678	-0.212787	0.016435	3.912795E+9
-4764.12	-3.2	-6.286848	0.488066	-0.001718	0	-0.001339	-0.212787	0.016216	3.912796E+9
-5028.44	-3.4	-6.12583	0.464395	-0.001997	0	-0.001574	-0.212787	0.016291	3.912797E+9
-5285.39	-3.6	-5.948402	0.402716	-0.002011	0	-0.001693	-0.212787	0.016247	3.912798E+9
-5534.53	-3.8	-5.710094	0.254444	-0.001127	0	-0.001637	-0.212787	0.016373	3.912799E+9
-5775.41	-4	-5.279736	0.251806	-0.001101	0	-0.001463	-0.212787	0.016378	3.9128E+9
-6007.6	-4.2	-4.963775	0.129281	-0.00132	0	-0.001483	-0.212787	0.016472	3.912801E+9
-6230.67	-4.4	-4.584177	-0.008403	-0.001013	0	-0.001571	-0.212787	0.016318	3.912802E+9
-6444.17	-4.6	-3.9319	-0.194299	-0.001385	0	-0.001635	-0.212787	0.016345	3.912803E+9
-6647.68	-4.8	-3.246977	-0.326097	-0.001573	0	-0.001654	-0.212787	0.016375	3.912804E+9
-6840.75	-5	-2.433593	-0.465145	-0.001504	0	-0.001596	-0.212787	0.016321	3.912805E+9
-7022.95	-5.2	-1.474973	-0.715686	-0.001592	0	-0.00157	-0.212787	0.016326	3.912806E+9
-7193.84	-5.4	0.062073	-1.243411	-0.00165	0	-0.001507	-0.212787	0.016385	3.912807E+9
-7352.98	-5.6	2.329945	-1.961231	-0.001709	0	-0.001518	-0.212787	0.016422	3.912808E+9
-7499.94	-5.8	6.876275	-3.11964	-0.001478	0	-0.001463	-0.212787	0.016304	3.912809E+9
-7634.28	-6	10.597161	-4.660596	-0.001619	0	-0.00134	-0.212787	0.01632	3.91281E+9
-7499.94	-5.8	10.597161	-4.810746	-0.001392	0	-0.001521	-0.212787	0.016282	3.912811E+9
-7352.98	-5.6	10.597161	-4.866805	-0.001443	0	-0.001525	-0.212787	0.016282	3.912812E+9
-7193.84	-5.4	10.597161	-4.858475	-0.001314	0	-0.001589	-0.212787	0.016367	3.912813E+9
-7022.95	-5.2	10.597161	-4.893185	-0.000996	0	-0.001714	-0.212787	0.016378	3.912814E+9
-6840.75	-5	10.597161	-4.876727	-0.001132	0	-0.001444	-0.212787	0.01633	3.912815E+9
-6647.68	-4.8	10.597161	-4.824014	-0.000896	0	-0.001547	-0.212787	0.016386	3.912816E+9
-6444.17	-4.6	10.597161	-4.761088	-0.001049	0	-0.001516	-0.212787	0.016311	3.912817E+9
-6230.67	-4.4	10.597161	-4.70273	-0.001068	0	-0.001485	-0.212787	0.0164	3.912818E+9
-6007.6	-4.2	10.597161	-4.784756	-0.000809	0	-0.001484	-0.212787	0.01634	3.912819E+9
-5775.41	-4	10.597161	-4.72821	-0.00197	0	-0.001648	-0.212787	0.016381	3.91282E+9
-5534.53	-3.8	10.597161	-4.717151	-0.002085	0	-0.001571	-0.212787	0.016347	3.912821E+9
-5285.39	-3.6	10.597161	-4.661008	-0.001669	0	-0.001545	-0.212787	0.016218	3.912822E+9
-5028.44	-3.4	10.597161	-4.677655	-0.002157	0	-0.001372	-0.212787	0.016276	3.912823E+9
-4764.12	-3.2	10.597161	-4.624729	-0.001634	0	-0.001525	-0.212787	0.016308	3.912824E+9
-4492.85	-3	10.597161	-4.734779	-0.001745	0	-0.001614	-0.212787	0.016285	3.912825E+9
-4215.08	-2.8	10.597161	-4.66889	-0.001612	0	-0.001652	-0.212787	0.01639	3.912826E+9
-3931.24	-2.6	10.597161	-4.65889	-0.001549	0	-0.001693	-0.212787	0.016379	3.912827E+9
-3641.77	-2.4	10.597161	-4.680274	-0.001684	0	-0.001592	-0.212787	0.016275	3.912828E+9
-3347.11	-2.2	10.597161	-4.708168	-0.001578	0	-0.001423	-0.212787	0.016257	3.912829E+9
-3047.69	-2	10.597161	-4.631649	-0.001668	0	-0.001488	-0.212787	0.016284	3.91283E+9
-2743.95	-1.8	10.597161	-4.583209	-0.001794	0	-0.001565	-0.212787	0.016397	3.912831E+9
-2436.33	-1.6	10.597161	-4.463835	-0.001658	0	-0.001483	-0.212787	0.016253	3.912832E+9
-2125.26	-1.4	10.597161	-4.611081	-0.00156	0	-0.001692	-0.212787	0.016397	3.912833E+9
-1811.18	-1.2	10.597161	-4.587741	-0.001761	0	-0.001615	-0.212787	0.01642	3.912834E+9
-1494.53	-1	10.597161	-4.464485	-0.00182	0	-0.001401	-0.212787	0.016234	3.912835E+9
-1175.74	-0.8	10.597161	-4.49028	-0.002158	0	-0.001399	-0.212787	0.016301	3.912836E+9
-855.25	-0.6	10.597161	-4.485462	-0.001993	0	-0.001554	-0.212787	0.016206	3.912837E+9
-533.51	-0.4	10.597161	-4.520319	-0.001971	0	-0.001543	-0.212787	0.016285	3.912838E+9
-210.93	-0.2	10.597161	-4.449761	-0.0021	0	-0.001478	-0.212787	0.016384	3.912839E+9
112.03	0	10.597161	-4.519945	-0.001549	0	-0.001576	-0.212787	0.016399	3.91284E+9
434.94	0.2	10.597161	-4.487931	-0.001346	0	-0.001795	-0.212787	0.016432	3.912841E+9
757.37	0.4	10.597161	-4.468295	-0.001719	0	-0.001646	-0.212787	0.016419	3.912842E+9
1078.87	0.6	10.597161	-4.387296	-0.001435	0	-0.001582	-0.212787	0.016433	3.912843E+9
1399.02	0.8	10.597161	-4.350484	-0.001259	0	-0.001796	-0.212787	0.016493	3.912844E+9
1717.37	1	10.597161	-4.334126	-0.001752	0	-0.001737	-0.212787	0.016289	3.912845E+9
2033.48	1.2	10.597161	-4.254709	-0.00163	0	-0.001663	-0.212787	0.016318	3.912846E+9
2346.93	1.4	10.597161	-4.198056	-0.001712	0	-0.001588	-0.212787	0.016324	3.912847E+9
2657.27	1.6	10.597161	-4.171874	-0.001661	0	-0.001705	-0.212787	0.016467	3.912848E+9
2964.07	1.8	10.466799	-4.086492	-0.001667	0	-0.001633	-0.212787	0.016408	3.912849E+9
3266.89	2	10.33053	-4.000103	-0.001793	0	-0.001871	-0.212787	0.016303	3.91285E+9
3565.29	2.2	10.057626	-4.022312	-0.001799	0	-0.001725	-0.212787	0.016358	3.912851E+9
3858.83	2.4	9.821893	-3.991084	-0.001749	0	-0.001621	-0.212787	0.01625	3.912852E+9
4147.09	2.6	9.499321	-3.832224	-0.001654	0	-0.00186	-0.212787	0.016362	3.912853E+9
4429.62	2.8	9.19259	-3.722203	-0.00128	0	-0.001818	-0.212787	0.016322	3.912854E+9
4705.98	3	8.723375	-3.630294	-0.00143	0	-0.001801	-0.212787	0.016316	3.912855E+9
4975.74	3.2	8.2275	-3.403433	-0.001394	0	-0.00185	-0.212787	0.016366	3.912856E+9
5238.46	3.4	7.488485	-3.287935	-0.001657	0	-0.001754	-0.212787	0.016318	3.912857E+9
5493.71	3.6	6.824449	-3.097285	-0.001127	0	-0.002001	-0.212787	0.016367	3.912858E+9
5741.05	3.8	5.973724	-2.871698	-0.001772	0	-0.001777	-0.212787	0.016336	3.912859E+9
5980.04	4	4.997395	-2.632128	-0.002232	0	-0.001941	-0.212787	0.016247	3.91286E+9
6210.24	4.2	3.634775	-2.238227	-0.002104	0	-0.001904	-0.212787	0.016237	3.912861E+9
6431.22	4.4	2.2634	-1.843143	-0.002343	0	-0.001888	-0.212787	0.016383	3.912862E+9
6642.54	4.6	0.77011	-1.52263	-0.00225	0	-0.002159	-0.212787	0.016358	3.912863E+9
6843.76	4.8	-0.743145	-1.124528	-0.002088	0	-0.002051	-0.212787	0.016335	3.912864E+9
7034.46	5	-2.393412	-0.59282	-0.00231	0	-0.002018	-0.212787	0.016368	3.912865E+9
7214.18	5.2	-4.085179	-0.159407	-0.002367	0	-0.00197	-0.212787	0.016239	3.912866E+9
7382.49	5.4	-5.531805	0.204263	-0.002074	0	-0.002113	-0.212787	0.016357	3.912867E+9
7538.96	5.6	-6.967573	0.596514	-0.002219	0	-0.002094	-0.212787	0.016336	3.912868E+9
7683.15	5.8	-8.291076	1.009969	-0.00211	0	-0.002331	-0.212787	0.016263	3.912869E+9
7814.63	6	-9.90209	1.39927	-0.002097	0	-0.002268	-0.212787	0.01633	3.91287E+9
