19/05/2022	17:54

Si\Pt3\(Co88Tb12)100\Pt3-20220426_APRD2

Field	Kepco	Channel A	Channel B	Agilent	0	RF out	Monitor+	Monitor-	Time
8265.94	7	4.602815	-0.112572	0.001247	0	0.00178	-0.212787	0.070114	2.959772E+9
8204.61	6.8	4.603264	-0.112998	0.000951	0	0.001891	-0.212787	0.070015	2.959772E+9
8128.37	6.6	4.607445	-0.113567	0.00175	0	0.001885	-0.212787	0.070289	2.959773E+9
8037.67	6.4	4.607377	-0.111994	0.002473	0	0.001752	-0.212787	0.070308	2.959774E+9
7932.95	6.2	4.60842	-0.11201	0.001025	0	0.001716	-0.212787	0.070289	2.959775E+9
7814.63	6	4.611889	-0.112069	0.001819	0	0.001173	-0.212787	0.070246	2.959776E+9
7683.15	5.8	4.614615	-0.113826	0.001872	0	0.001114	-0.212787	0.070266	2.959777E+9
7538.96	5.6	4.616841	-0.112553	0.002175	0	0.001819	-0.212787	0.07052	2.959778E+9
7382.49	5.4	4.617783	-0.113333	0.001799	0	0.00152	-0.212787	0.070076	2.959779E+9
7214.18	5.2	4.618449	-0.112621	0.001547	0	0.001673	-0.212787	0.069958	2.95978E+9
7034.46	5	4.620028	-0.115107	0.001451	0	0.001415	-0.212787	0.070203	2.959781E+9
6843.76	4.8	4.621373	-0.112972	0.00185	0	0.001864	-0.212787	0.070438	2.959782E+9
6642.54	4.6	4.624128	-0.112352	0.002073	0	0.001747	-0.212787	0.070164	2.959783E+9
6431.22	4.4	4.627081	-0.113031	0.002114	0	0.001674	-0.212787	0.070149	2.959784E+9
6210.24	4.2	4.628712	-0.111591	0.002665	0	0.00207	-0.212787	0.070547	2.959785E+9
5980.04	4	4.630093	-0.113469	0.002571	0	0.001941	-0.212787	0.070251	2.959786E+9
5741.05	3.8	4.630547	-0.113999	0.002117	0	0.002119	-0.212787	0.070268	2.959787E+9
5493.71	3.6	4.630521	-0.11307	0.002813	0	0.00176	-0.212787	0.070435	2.959788E+9
5238.46	3.4	4.631746	-0.11393	0.002476	0	0.002264	-0.212787	0.070426	2.959789E+9
4975.74	3.2	4.63237	-0.115353	0.001777	0	0.002274	-0.212787	0.070261	2.95979E+9
4705.98	3	4.634258	-0.114424	0.00218	0	0.001949	-0.212787	0.070283	2.959791E+9
4429.62	2.8	4.634742	-0.112709	0.001582	0	0.001909	-0.212787	0.070289	2.959792E+9
4147.09	2.6	4.636009	-0.113157	0.001477	0	0.002008	-0.212787	0.070468	2.959793E+9
3858.83	2.4	4.636041	-0.111838	0.001689	0	0.001852	-0.212787	0.070509	2.959794E+9
3565.29	2.2	4.636545	-0.113031	0.001769	0	0.0021	-0.212787	0.070449	2.959795E+9
3266.89	2	4.635151	-0.113511	0.001776	0	0.0018	-0.212787	0.070296	2.959796E+9
2964.07	1.8	4.637873	-0.113765	0.001637	0	0.00151	-0.212787	0.070421	2.959797E+9
2657.27	1.6	4.637714	-0.113141	0.00125	0	0.001836	-0.212787	0.070527	2.959798E+9
2346.93	1.4	4.637048	-0.115074	0.001382	0	0.001804	-0.212787	0.070555	2.959799E+9
2033.48	1.2	4.636743	-0.112628	0.001359	0	0.001737	-0.212787	0.070603	2.9598E+9
1717.37	1	4.63712	-0.113034	0.001433	0	0.001602	-0.212787	0.07036	2.959801E+9
1399.02	0.8	4.634849	-0.112608	0.001312	0	0.001494	-0.212787	0.070656	2.959802E+9
1078.87	0.6	4.63351	-0.112975	0.001531	0	0.001755	-0.212787	0.070593	2.959803E+9
757.37	0.4	4.633475	-0.112566	0.001151	0	0.001426	-0.212787	0.070618	2.959804E+9
434.94	0.2	4.629807	-0.11371	0.001647	0	0.001657	-0.212787	0.070432	2.959805E+9
112.03	0	4.627913	-0.113885	0.001541	0	0.001567	-0.212787	0.070502	2.959806E+9
-210.93	-0.2	4.625132	-0.113096	0.0014	0	0.001181	-0.212787	0.070546	2.959807E+9
-533.51	-0.4	4.624163	-0.113141	0.001387	0	0.001344	-0.212787	0.070163	2.959808E+9
-855.25	-0.6	4.61801	-0.114609	0.001666	0	0.00161	-0.212787	0.070327	2.959809E+9
-1175.74	-0.8	4.615028	-0.113151	0.001404	0	0.001433	-0.212787	0.070628	2.95981E+9
-1494.53	-1	4.609472	-0.115672	0.001028	0	0.001309	-0.212787	0.070588	2.959811E+9
-1811.18	-1.2	4.605782	-0.112205	0.001245	0	0.001598	-0.212787	0.070502	2.959812E+9
-2125.26	-1.4	4.599476	-0.11511	0.001103	0	0.001399	-0.212787	0.070535	2.959813E+9
-2436.33	-1.6	4.593316	-0.113515	0.000846	0	0.001382	-0.212787	0.070532	2.959814E+9
-2743.95	-1.8	4.585152	-0.11217	0.000551	0	0.00137	-0.212787	0.070527	2.959815E+9
-3047.69	-2	4.576734	-0.112446	0.001245	0	0.001547	-0.212787	0.07043	2.959816E+9
-3347.11	-2.2	4.56663	-0.111991	0.001222	0	0.001018	-0.212787	0.070743	2.959817E+9
-3641.77	-2.4	4.554899	-0.11293	0.001128	0	0.000946	-0.212787	0.070485	2.959818E+9
-3931.24	-2.6	4.534597	-0.110857	0.000932	0	0.001438	-0.212787	0.070679	2.959819E+9
-4215.08	-2.8	4.491228	-0.109545	0.001968	0	0.001193	-0.212787	0.070614	2.95982E+9
-4492.85	-3	4.209221	-0.102862	0.000164	0	0.000466	-0.212787	0.070372	2.959821E+9
-4764.12	-3.2	2.490735	-0.056895	-0.001382	0	-0.001494	-0.212787	0.070585	2.959822E+9
-5028.44	-3.4	-0.181272	0.015758	-0.004682	0	-0.004891	-0.212787	0.070865	2.959823E+9
-5285.39	-3.6	-2.300649	0.069942	-0.006961	0	-0.007463	-0.212787	0.070685	2.959824E+9
-5534.53	-3.8	-3.756933	0.106202	-0.008756	0	-0.009507	-0.212787	0.070595	2.959825E+9
-5775.41	-4	-4.418556	0.123697	-0.009919	0	-0.009862	-0.212787	0.070869	2.959826E+9
-6007.6	-4.2	-4.554145	0.127621	-0.009908	0	-0.010007	-0.212787	0.070641	2.959827E+9
-6230.67	-4.4	-4.586198	0.128274	-0.009773	0	-0.010498	-0.212787	0.070516	2.959828E+9
-6444.17	-4.6	-4.597709	0.128966	-0.009947	0	-0.010354	-0.212787	0.070563	2.959829E+9
-6647.68	-4.8	-4.606104	0.12793	-0.009791	0	-0.009991	-0.212787	0.070747	2.95983E+9
-6840.75	-5	-4.611588	0.127923	-0.009826	0	-0.010028	-0.212787	0.070488	2.959831E+9
-7022.95	-5.2	-4.613296	0.127582	-0.009906	0	-0.010176	-0.212787	0.070696	2.959832E+9
-7193.84	-5.4	-4.614151	0.128099	-0.010035	0	-0.01028	-0.212787	0.070672	2.959833E+9
-7352.98	-5.6	-4.615688	0.129859	-0.010457	0	-0.00992	-0.212787	0.070695	2.959834E+9
-7499.94	-5.8	-4.614641	0.127689	-0.009846	0	-0.010062	-0.212787	0.070433	2.959835E+9
-7634.28	-6	-4.613394	0.128791	-0.009815	0	-0.010221	-0.212787	0.070706	2.959836E+9
-7755.56	-6.2	-4.613595	0.128505	-0.009546	0	-0.010446	-0.212787	0.07063	2.959837E+9
-7863.34	-6.4	-4.611542	0.127949	-0.00976	0	-0.009705	-0.212787	0.070364	2.959838E+9
-7957.2	-6.6	-4.610658	0.127956	-0.00907	0	-0.009872	-0.212787	0.070859	2.959839E+9
-8036.69	-6.8	-4.610252	0.128456	-0.009935	0	-0.009653	-0.212787	0.070555	2.95984E+9
-8101.38	-7	-4.60971	0.128287	-0.009822	0	-0.009633	-0.212787	0.070362	2.959841E+9
-8036.69	-6.8	-4.610044	0.128365	-0.008998	0	-0.009994	-0.212787	0.070325	2.959842E+9
-7957.2	-6.6	-4.611399	0.12793	-0.009347	0	-0.009712	-0.212787	0.07067	2.959843E+9
-7863.34	-6.4	-4.614716	0.131029	-0.009465	0	-0.009741	-0.212787	0.070571	2.959844E+9
-7755.56	-6.2	-4.615096	0.128401	-0.009593	0	-0.009548	-0.212787	0.070486	2.959845E+9
-7634.28	-6	-4.616938	0.127894	-0.010089	0	-0.009847	-0.212787	0.070446	2.959846E+9
-7499.94	-5.8	-4.618163	0.128297	-0.010519	0	-0.009378	-0.212787	0.070521	2.959847E+9
-7352.98	-5.6	-4.619027	0.127946	-0.010629	0	-0.009785	-0.212787	0.070484	2.959848E+9
-7193.84	-5.4	-4.620557	0.128433	-0.010288	0	-0.009693	-0.212787	0.070483	2.959849E+9
-7022.95	-5.2	-4.621912	0.128313	-0.01019	0	-0.010302	-0.212787	0.070543	2.95985E+9
-6840.75	-5	-4.622841	0.129346	-0.01022	0	-0.009793	-0.212787	0.070549	2.959851E+9
-6647.68	-4.8	-4.624108	0.128099	-0.009978	0	-0.009767	-0.212787	0.070637	2.959852E+9
-6444.17	-4.6	-4.624394	0.128771	-0.01006	0	-0.009941	-0.212787	0.070784	2.959853E+9
-6230.67	-4.4	-4.625314	0.131442	-0.010084	0	-0.010195	-0.212787	0.070667	2.959854E+9
-6007.6	-4.2	-4.625629	0.130139	-0.010225	0	-0.009773	-0.212787	0.070673	2.959855E+9
-5775.41	-4	-4.626691	0.127917	-0.010027	0	-0.009918	-0.212787	0.070693	2.959856E+9
-5534.53	-3.8	-4.628238	0.128622	-0.010462	0	-0.009612	-0.212787	0.07043	2.959857E+9
-5285.39	-3.6	-4.626061	0.130168	-0.01018	0	-0.010061	-0.212787	0.070618	2.959858E+9
-5028.44	-3.4	-4.626548	0.128914	-0.010183	0	-0.009785	-0.212787	0.070767	2.959859E+9
-4764.12	-3.2	-4.626314	0.129421	-0.010285	0	-0.009866	-0.212787	0.070773	2.95986E+9
-4492.85	-3	-4.625249	0.128147	-0.010412	0	-0.009745	-0.212787	0.07057	2.959861E+9
-4215.08	-2.8	-4.625112	0.129184	-0.010118	0	-0.009516	-0.212787	0.070743	2.959862E+9
-3931.24	-2.6	-4.62661	0.129892	-0.009983	0	-0.01	-0.212787	0.070591	2.959863E+9
-3641.77	-2.4	-4.624817	0.129249	-0.010305	0	-0.00992	-0.212787	0.070588	2.959864E+9
-3347.11	-2.2	-4.623364	0.127917	-0.010226	0	-0.009951	-0.212787	0.070649	2.959865E+9
-3047.69	-2	-4.623923	0.128245	-0.010464	0	-0.010061	-0.212787	0.070674	2.959866E+9
-2743.95	-1.8	-4.62211	0.12931	-0.010256	0	-0.009953	-0.212787	0.070549	2.959867E+9
-2436.33	-1.6	-4.62175	0.128034	-0.010115	0	-0.009872	-0.212787	0.070679	2.959868E+9
-2125.26	-1.4	-4.62057	0.128394	-0.010418	0	-0.010231	-0.212787	0.070717	2.959869E+9
-1811.18	-1.2	-4.618839	0.127624	-0.010006	0	-0.010123	-0.212787	0.070596	2.95987E+9
-1494.53	-1	-4.616341	0.129323	-0.009821	0	-0.009837	-0.212787	0.07065	2.959871E+9
-1175.74	-0.8	-4.614498	0.127858	-0.010249	0	-0.009853	-0.212787	0.070743	2.959872E+9
-855.25	-0.6	-4.611523	0.127439	-0.01022	0	-0.010063	-0.212787	0.070547	2.959873E+9
-533.51	-0.4	-4.609352	0.127663	-0.010556	0	-0.010143	-0.212787	0.070729	2.959874E+9
-210.93	-0.2	-4.607663	0.128576	-0.009883	0	-0.010107	-0.212787	0.070877	2.959875E+9
112.03	0	-4.602845	0.12767	-0.010247	0	-0.010269	-0.212787	0.070587	2.959876E+9
434.94	0.2	-4.600106	0.129382	-0.010634	0	-0.009868	-0.212787	0.07073	2.959877E+9
757.37	0.4	-4.595977	0.127163	-0.010387	0	-0.009872	-0.212787	0.070719	2.959878E+9
1078.87	0.6	-4.591243	0.128953	-0.010459	0	-0.010154	-0.212787	0.070926	2.959879E+9
1399.02	0.8	-4.585457	0.128531	-0.00998	0	-0.010189	-0.212787	0.070488	2.95988E+9
1717.37	1	-4.580938	0.126835	-0.010456	0	-0.009901	-0.212787	0.070782	2.959881E+9
2033.48	1.2	-4.574567	0.127566	-0.009602	0	-0.009801	-0.212787	0.070785	2.959882E+9
2346.93	1.4	-4.565467	0.127832	-0.009591	0	-0.010121	-0.212787	0.070641	2.959883E+9
2657.27	1.6	-4.557417	0.128141	-0.009497	0	-0.009743	-0.212787	0.070868	2.959884E+9
2964.07	1.8	-4.547706	0.127712	-0.009324	0	-0.009553	-0.212787	0.070899	2.959885E+9
3266.89	2	-4.534071	0.126832	-0.009618	0	-0.009725	-0.212787	0.070629	2.959886E+9
3565.29	2.2	-4.511121	0.1269	-0.009541	0	-0.009484	-0.212787	0.070512	2.959887E+9
3858.83	2.4	-4.448851	0.125003	-0.009902	0	-0.009487	-0.212787	0.070943	2.959888E+9
4147.09	2.6	-3.966266	0.111439	-0.007672	0	-0.009113	-0.212787	0.070772	2.959889E+9
4429.62	2.8	-1.825564	0.056385	-0.005374	0	-0.006052	-0.212787	0.070749	2.95989E+9
4705.98	3	0.79704	-0.014842	-0.002361	0	-0.002609	-0.212787	0.070749	2.959891E+9
4975.74	3.2	2.75884	-0.064744	0.000673	0	-0.000411	-0.212787	0.070629	2.959892E+9
5238.46	3.4	4.03127	-0.098518	0.000916	0	0.001032	-0.212787	0.070401	2.959893E+9
5493.71	3.6	4.501589	-0.111299	0.001525	0	0.001923	-0.212787	0.070551	2.959894E+9
5741.05	3.8	4.59355	-0.113342	0.002398	0	0.001907	-0.212787	0.070624	2.959895E+9
5980.04	4	4.616893	-0.114038	0.002817	0	0.001959	-0.212787	0.070463	2.959896E+9
6210.24	4.2	4.623377	-0.114603	0.002533	0	0.001969	-0.212787	0.070302	2.959897E+9
6431.22	4.4	4.630385	-0.11509	0.002532	0	0.00196	-0.212787	0.070445	2.959898E+9
6642.54	4.6	4.633962	-0.11332	0.002162	0	0.002131	-0.212787	0.070383	2.959899E+9
6843.76	4.8	4.636083	-0.113336	0.002409	0	0.00221	-0.212787	0.070441	2.9599E+9
7034.46	5	4.636067	-0.113268	0.002834	0	0.002048	-0.212787	0.070587	2.959901E+9
7214.18	5.2	4.636194	-0.113365	0.002844	0	0.002153	-0.212787	0.07066	2.959902E+9
7382.49	5.4	4.633933	-0.115513	0.002109	0	0.0021	-0.212787	0.070407	2.959903E+9
7538.96	5.6	4.632536	-0.113807	0.003176	0	0.002505	-0.212787	0.070402	2.959904E+9
7683.15	5.8	4.630411	-0.114174	0.002848	0	0.001836	-0.212787	0.070381	2.959905E+9
7814.63	6	4.629495	-0.116776	0.002831	0	0.002341	-0.212787	0.07046	2.959906E+9
7932.95	6.2	4.628523	-0.114619	0.002892	0	0.002459	-0.212787	0.070517	2.959907E+9
8037.67	6.4	4.625895	-0.115074	0.003091	0	0.00238	-0.212787	0.070363	2.959908E+9
8128.37	6.6	4.62418	-0.112917	0.002583	0	0.00237	-0.212787	0.070193	2.959909E+9
8204.61	6.8	4.625476	-0.111926	0.002919	0	0.002386	-0.212787	0.070458	2.95991E+9
8265.94	7	4.625482	-0.112027	0.003025	0	0.002572	-0.212787	0.070275	2.959911E+9
