03/06/2021	17:39

Si/Pt30/[co88Tb12]450/Pt30

Field	Kepco	Channel A	Channel B	Agilent	0	RF out	Monitor+	Monitor-	Time
8342.16	7.4	2.312805	-0.007175	0.014212	0	0.014561	-0.212787	0.052843	3.029385E+9
8311.94	7.2	2.31324	-0.007136	0.014267	0	0.014893	-0.212787	0.052806	3.029386E+9
8265.94	7	2.313662	-0.007269	0.014491	0	0.014509	-0.212787	0.052868	3.029387E+9
8204.61	6.8	2.314033	-0.007435	0.01444	0	0.014737	-0.212787	0.053016	3.029388E+9
8128.37	6.6	2.31464	-0.007471	0.014414	0	0.01447	-0.212787	0.052797	3.029389E+9
8037.67	6.4	2.315664	-0.006954	0.014681	0	0.014346	-0.212787	0.053006	3.02939E+9
7932.95	6.2	2.315394	-0.007055	0.014354	0	0.01437	-0.212787	0.052951	3.029391E+9
7814.63	6	2.316326	-0.007035	0.014245	0	0.014594	-0.212787	0.052884	3.029392E+9
7683.15	5.8	2.316739	-0.007461	0.014571	0	0.014548	-0.212787	0.053082	3.029393E+9
7538.96	5.6	2.316645	-0.007116	0.014186	0	0.014479	-0.212787	0.053008	3.029394E+9
7382.49	5.4	2.316629	-0.007198	0.014374	0	0.014783	-0.212787	0.05296	3.029395E+9
7214.18	5.2	2.31669	-0.006645	0.014002	0	0.014295	-0.212787	0.053017	3.029396E+9
7034.46	5	2.317239	-0.007003	0.014016	0	0.014586	-0.212787	0.052992	3.029397E+9
6843.76	4.8	2.317067	-0.007038	0.01424	0	0.014703	-0.212787	0.05306	3.029398E+9
6642.54	4.6	2.3171	-0.007597	0.014371	0	0.014452	-0.212787	0.052831	3.029399E+9
6431.22	4.4	2.317057	-0.007536	0.013881	0	0.014279	-0.212787	0.053036	3.0294E+9
6210.24	4.2	2.317756	-0.007562	0.014181	0	0.014811	-0.212787	0.052997	3.029401E+9
5980.04	4	2.317863	-0.007542	0.014281	0	0.014092	-0.212787	0.05277	3.029402E+9
5741.05	3.8	2.317428	-0.007409	0.014342	0	0.014391	-0.212787	0.053047	3.029403E+9
5493.71	3.6	2.317697	-0.007042	0.01467	0	0.014523	-0.212787	0.052903	3.029404E+9
5238.46	3.4	2.317009	-0.007025	0.014509	0	0.014336	-0.212787	0.052853	3.029405E+9
4975.74	3.2	2.316183	-0.007289	0.014346	0	0.014361	-0.212787	0.05282	3.029406E+9
4705.98	3	2.315313	-0.006723	0.014413	0	0.014495	-0.212787	0.052857	3.029407E+9
4429.62	2.8	2.315517	-0.00673	0.01462	0	0.014311	-0.212787	0.05307	3.029408E+9
4147.09	2.6	2.314845	-0.007181	0.014469	0	0.014615	-0.212787	0.052806	3.029409E+9
3858.83	2.4	2.313929	-0.006873	0.014281	0	0.014828	-0.212787	0.052824	3.02941E+9
3565.29	2.2	2.313139	-0.007951	0.014439	0	0.014213	-0.212787	0.052971	3.029411E+9
3266.89	2	2.311892	-0.007659	0.014171	0	0.01424	-0.212787	0.053094	3.029412E+9
2964.07	1.8	2.311041	-0.007051	0.01447	0	0.014383	-0.212787	0.053031	3.029413E+9
2657.27	1.6	2.309868	-0.007471	0.014851	0	0.014341	-0.212787	0.052877	3.029414E+9
2346.93	1.4	2.308571	-0.007357	0.014849	0	0.014169	-0.212787	0.053066	3.029415E+9
2033.48	1.2	2.306807	-0.007422	0.014922	0	0.014363	-0.212787	0.053061	3.029416E+9
1717.37	1	2.304553	-0.007474	0.014024	0	0.014173	-0.212787	0.052952	3.029417E+9
1399.02	0.8	2.295989	-0.007919	0.014255	0	0.014392	-0.212787	0.053054	3.029418E+9
1078.87	0.6	2.230353	-0.006944	0.013576	0	0.014176	-0.212787	0.052981	3.029419E+9
757.37	0.4	2.073082	-0.006044	0.01344	0	0.013111	-0.212787	0.052813	3.02942E+9
434.94	0.2	1.878946	-0.005499	0.012359	0	0.012798	-0.212787	0.052946	3.029421E+9
112.03	0	1.68177	-0.003835	0.011718	0	0.012521	-0.212787	0.052901	3.029422E+9
-210.93	-0.2	1.492244	-0.002747	0.011406	0	0.011345	-0.212787	0.052913	3.029423E+9
-533.51	-0.4	1.309152	-0.002071	0.010905	0	0.011045	-0.212787	0.053119	3.029424E+9
-855.25	-0.6	1.131208	-0.00071	0.010512	0	0.010601	-0.212787	0.053073	3.029425E+9
-1175.74	-0.8	0.960786	-0.000235	0.009869	0	0.010149	-0.212787	0.052919	3.029426E+9
-1494.53	-1	0.792875	0.001175	0.009384	0	0.009237	-0.212787	0.052912	3.029427E+9
-1811.18	-1.2	0.629298	0.003192	0.009007	0	0.009151	-0.212787	0.053044	3.029428E+9
-2125.26	-1.4	0.467556	0.003488	0.008212	0	0.0086	-0.212787	0.052876	3.029429E+9
-2436.33	-1.6	0.30831	0.004719	0.007619	0	0.00784	-0.212787	0.053146	3.02943E+9
-2743.95	-1.8	0.150138	0.004657	0.007227	0	0.00743	-0.212787	0.053037	3.029431E+9
-3047.69	-2	-0.007305	0.006038	0.007123	0	0.006963	-0.212787	0.052931	3.029432E+9
-3347.11	-2.2	-0.16699	0.006876	0.006311	0	0.006365	-0.212787	0.052948	3.029433E+9
-3641.77	-2.4	-0.321298	0.008241	0.005693	0	0.005909	-0.212787	0.052941	3.029434E+9
-3931.24	-2.6	-0.474742	0.008819	0.005399	0	0.005528	-0.212787	0.052919	3.029435E+9
-4215.08	-2.8	-0.623846	0.009631	0.004529	0	0.00479	-0.212787	0.052953	3.029436E+9
-4492.85	-3	-0.767183	0.010528	0.00427	0	0.004733	-0.212787	0.053196	3.029437E+9
-4764.12	-3.2	-0.89911	0.011265	0.004204	0	0.004052	-0.212787	0.052949	3.029438E+9
-5028.44	-3.4	-1.015537	0.011762	0.003426	0	0.003493	-0.212787	0.053036	3.029439E+9
-5285.39	-3.6	-1.106578	0.012562	0.003343	0	0.003564	-0.212787	0.053003	3.02944E+9
-5534.53	-3.8	-1.167913	0.013023	0.003182	0	0.003415	-0.212787	0.053185	3.029441E+9
-5775.41	-4	-1.202061	0.013065	0.003073	0	0.003344	-0.212787	0.053122	3.029442E+9
-6007.6	-4.2	-1.218688	0.013062	0.002655	0	0.003608	-0.212787	0.053148	3.029443E+9
-6230.67	-4.4	-1.225926	0.013098	0.003511	0	0.003384	-0.212787	0.053182	3.029444E+9
-6444.17	-4.6	-1.228317	0.013078	0.00342	0	0.003579	-0.212787	0.053177	3.029445E+9
-6647.68	-4.8	-1.229146	0.012705	0.004033	0	0.003827	-0.212787	0.052971	3.029446E+9
-6840.75	-5	-1.229636	0.013198	0.004148	0	0.003396	-0.212787	0.053066	3.029447E+9
-7022.95	-5.2	-1.229675	0.012958	0.003707	0	0.003647	-0.212787	0.052957	3.029448E+9
-7193.84	-5.4	-1.229636	0.013231	0.003709	0	0.003969	-0.212787	0.053002	3.029449E+9
-7352.98	-5.6	-1.22963	0.013137	0.004043	0	0.003539	-0.212787	0.052916	3.02945E+9
-7499.94	-5.8	-1.229718	0.013556	0.003783	0	0.003611	-0.212787	0.053091	3.029451E+9
-7634.28	-6	-1.230215	0.01326	0.003438	0	0.003851	-0.212787	0.053179	3.029452E+9
-7755.56	-6.2	-1.229175	0.012955	0.003978	0	0.003791	-0.212787	0.053213	3.029453E+9
-7863.34	-6.4	-1.229383	0.013604	0.003821	0	0.003743	-0.212787	0.052977	3.029454E+9
-7957.2	-6.6	-1.229318	0.013007	0.003696	0	0.004063	-0.212787	0.053177	3.029455E+9
-8036.69	-6.8	-1.229172	0.013328	0.00379	0	0.003429	-0.212787	0.05319	3.029456E+9
-8101.38	-7	-1.229162	0.01286	0.003438	0	0.0035	-0.212787	0.053033	3.029457E+9
-8150.82	-7.2	-1.228912	0.01314	0.003694	0	0.003908	-0.212787	0.053072	3.029458E+9
-8184.58	-7.4	-1.228184	0.012672	0.003768	0	0.003491	-0.212787	0.052997	3.029459E+9
-8150.82	-7.2	-1.228844	0.012578	0.003655	0	0.003808	-0.212787	0.053065	3.02946E+9
-8101.38	-7	-1.228987	0.012718	0.003604	0	0.003598	-0.212787	0.052957	3.029461E+9
-8036.69	-6.8	-1.229305	0.012643	0.004001	0	0.00371	-0.212787	0.052995	3.029462E+9
-7957.2	-6.6	-1.22962	0.012604	0.004022	0	0.003487	-0.212787	0.053123	3.029463E+9
-7863.34	-6.4	-1.230114	0.012782	0.004098	0	0.004045	-0.212787	0.052992	3.029464E+9
-7755.56	-6.2	-1.230562	0.012786	0.004219	0	0.003759	-0.212787	0.053047	3.029465E+9
-7634.28	-6	-1.230592	0.012763	0.003982	0	0.003735	-0.212787	0.053107	3.029466E+9
-7499.94	-5.8	-1.230653	0.01261	0.004479	0	0.003863	-0.212787	0.05299	3.029467E+9
-7352.98	-5.6	-1.230936	0.012685	0.004776	0	0.003868	-0.212787	0.05298	3.029468E+9
-7193.84	-5.4	-1.231475	0.012679	0.004232	0	0.003913	-0.212787	0.053156	3.029469E+9
-7022.95	-5.2	-1.23182	0.012653	0.004099	0	0.004018	-0.212787	0.053087	3.02947E+9
-6840.75	-5	-1.23192	0.012753	0.004407	0	0.003833	-0.212787	0.053185	3.029471E+9
-6647.68	-4.8	-1.231865	0.012698	0.003912	0	0.003824	-0.212787	0.053181	3.029472E+9
-6444.17	-4.6	-1.231777	0.012594	0.004088	0	0.003639	-0.212787	0.053207	3.029473E+9
-6230.67	-4.4	-1.231803	0.012773	0.004466	0	0.003561	-0.212787	0.053207	3.029474E+9
-6007.6	-4.2	-1.231813	0.012682	0.003711	0	0.00347	-0.212787	0.052991	3.029475E+9
-5775.41	-4	-1.231456	0.012825	0.003917	0	0.003852	-0.212787	0.053127	3.029476E+9
-5534.53	-3.8	-1.231342	0.012766	0.004507	0	0.003723	-0.212787	0.053152	3.029477E+9
-5285.39	-3.6	-1.231024	0.012763	0.004262	0	0.00352	-0.212787	0.053155	3.029478E+9
-5028.44	-3.4	-1.230569	0.012636	0.003844	0	0.003431	-0.212787	0.053126	3.029479E+9
-4764.12	-3.2	-1.230072	0.012808	0.003865	0	0.003726	-0.212787	0.052968	3.02948E+9
-4492.85	-3	-1.229243	0.012679	0.00404	0	0.003505	-0.212787	0.052945	3.029481E+9
-4215.08	-2.8	-1.229195	0.012756	0.003632	0	0.003644	-0.212787	0.052989	3.029482E+9
-3931.24	-2.6	-1.228223	0.012786	0.003518	0	0.003602	-0.212787	0.052981	3.029483E+9
-3641.77	-2.4	-1.227889	0.012776	0.00424	0	0.003535	-0.212787	0.053217	3.029484E+9
-3347.11	-2.2	-1.226495	0.013257	0.004316	0	0.003745	-0.212787	0.053242	3.029485E+9
-3047.69	-2	-1.224685	0.012773	0.003015	0	0.003763	-0.212787	0.053085	3.029486E+9
-2743.95	-1.8	-1.224078	0.013185	0.00352	0	0.003744	-0.212787	0.053147	3.029487E+9
-2436.33	-1.6	-1.222359	0.012756	0.003206	0	0.003589	-0.212787	0.053126	3.029488E+9
-2125.26	-1.4	-1.219559	0.012604	0.003529	0	0.003652	-0.212787	0.052868	3.029489E+9
-1811.18	-1.2	-1.205563	0.012601	0.003817	0	0.003567	-0.212787	0.052915	3.02949E+9
-1494.53	-1	-1.118203	0.012126	0.004073	0	0.004	-0.212787	0.05291	3.029491E+9
-1175.74	-0.8	-0.947465	0.010882	0.004723	0	0.004957	-0.212787	0.053013	3.029492E+9
-855.25	-0.6	-0.750315	0.009297	0.005156	0	0.005229	-0.212787	0.052917	3.029493E+9
-533.51	-0.4	-0.555403	0.008825	0.005762	0	0.005653	-0.212787	0.052984	3.029494E+9
-210.93	-0.2	-0.366814	0.007646	0.006407	0	0.006676	-0.212787	0.053105	3.029495E+9
112.03	0	-0.184228	0.006269	0.00685	0	0.007105	-0.212787	0.053036	3.029496E+9
434.94	0.2	-0.005031	0.005401	0.007496	0	0.007487	-0.212787	0.052966	3.029497E+9
757.37	0.4	0.165522	0.004521	0.007992	0	0.008203	-0.212787	0.052963	3.029498E+9
1078.87	0.6	0.331802	0.004566	0.008613	0	0.008791	-0.212787	0.052823	3.029499E+9
1399.02	0.8	0.494914	0.002893	0.009568	0	0.00902	-0.212787	0.052833	3.0295E+9
1717.37	1	0.655746	0.002627	0.009732	0	0.00994	-0.212787	0.052898	3.029501E+9
2033.48	1.2	0.814859	0.001737	0.010132	0	0.010468	-0.212787	0.052883	3.029502E+9
2346.93	1.4	0.973209	0.000937	0.010706	0	0.010738	-0.212787	0.052773	3.029503E+9
2657.27	1.6	1.129902	-0.000463	0.011012	0	0.011403	-0.212787	0.05282	3.029504E+9
2964.07	1.8	1.286787	-0.001343	0.011648	0	0.012184	-0.212787	0.052821	3.029505E+9
3266.89	2	1.4404	-0.002292	0.011707	0	0.011997	-0.212787	0.05275	3.029506E+9
3565.29	2.2	1.593149	-0.003052	0.012214	0	0.012656	-0.212787	0.052807	3.029507E+9
3858.83	2.4	1.740791	-0.003907	0.012945	0	0.013505	-0.212787	0.052732	3.029508E+9
4147.09	2.6	1.882559	-0.004904	0.013202	0	0.013824	-0.212787	0.052853	3.029509E+9
4429.62	2.8	2.012228	-0.005745	0.013987	0	0.01398	-0.212787	0.05295	3.02951E+9
4705.98	3	2.123286	-0.005732	0.014273	0	0.014726	-0.212787	0.052938	3.029511E+9
4975.74	3.2	2.20807	-0.006259	0.014601	0	0.014608	-0.212787	0.052867	3.029512E+9
5238.46	3.4	2.261964	-0.006584	0.014773	0	0.014882	-0.212787	0.052915	3.029513E+9
5493.71	3.6	2.291229	-0.007126	0.015053	0	0.015195	-0.212787	0.052953	3.029514E+9
5741.05	3.8	2.305433	-0.007074	0.014997	0	0.015154	-0.212787	0.052799	3.029515E+9
5980.04	4	2.311489	-0.007094	0.014915	0	0.014837	-0.212787	0.052981	3.029516E+9
6210.24	4.2	2.313922	-0.006606	0.015316	0	0.014884	-0.212787	0.052987	3.029517E+9
6431.22	4.4	2.315102	-0.007201	0.015636	0	0.015109	-0.212787	0.052974	3.029518E+9
6642.54	4.6	2.315241	-0.006801	0.015385	0	0.015049	-0.212787	0.053026	3.029519E+9
6843.76	4.8	2.315566	-0.006255	0.015324	0	0.015101	-0.212787	0.0529	3.02952E+9
7034.46	5	2.315348	-0.006272	0.01515	0	0.014931	-0.212787	0.052985	3.029521E+9
7214.18	5.2	2.314871	-0.006675	0.015045	0	0.015008	-0.212787	0.052923	3.029522E+9
7382.49	5.4	2.314676	-0.006376	0.015071	0	0.015272	-0.212787	0.05273	3.029523E+9
7538.96	5.6	2.31476	-0.007029	0.015919	0	0.015122	-0.212787	0.05275	3.029524E+9
7683.15	5.8	2.314371	-0.006496	0.015165	0	0.0151	-0.212787	0.052892	3.029525E+9
7814.63	6	2.315004	-0.006986	0.015121	0	0.015418	-0.212787	0.052983	3.029526E+9
7932.95	6.2	2.314627	-0.007123	0.015481	0	0.015124	-0.212787	0.052951	3.029527E+9
8037.67	6.4	2.314036	-0.007847	0.015523	0	0.015403	-0.212787	0.052755	3.029528E+9
8128.37	6.6	2.314104	-0.008059	0.015116	0	0.01529	-0.212787	0.052751	3.029529E+9
8204.61	6.8	2.313588	-0.007415	0.015787	0	0.015115	-0.212787	0.052884	3.02953E+9
8265.94	7	2.313526	-0.008224	0.015048	0	0.014878	-0.212787	0.052721	3.029531E+9
8311.94	7.2	2.313568	-0.007393	0.015675	0	0.015548	-0.212787	0.053014	3.029532E+9
8342.16	7.4	2.313659	-0.007458	0.015787	0	0.014946	-0.212787	0.053025	3.029533E+9
