19/05/2022	17:59

Si\Pt3\(Co88Tb12)100\Pt3-20220426_APRD2

Field	Kepco	Channel A	Channel B	Agilent	0	RF out	Monitor+	Monitor-	Time
8265.94	7	4.652149	-0.113814	0.003111	0	0.003077	-0.212787	0.070601	2.960053E+9
8204.61	6.8	4.652129	-0.113388	0.003551	0	0.002667	-0.212787	0.070717	2.960054E+9
8128.37	6.6	4.652142	-0.115513	0.002422	0	0.002316	-0.212787	0.070452	2.960055E+9
8037.67	6.4	4.653923	-0.115876	0.003027	0	0.002604	-0.212787	0.070549	2.960056E+9
7932.95	6.2	4.656648	-0.115077	0.002637	0	0.002935	-0.212787	0.070546	2.960057E+9
7814.63	6	4.658344	-0.116422	0.003375	0	0.002786	-0.212787	0.070608	2.960058E+9
7683.15	5.8	4.660463	-0.11511	0.002941	0	0.002525	-0.212787	0.070396	2.960059E+9
7538.96	5.6	4.66314	-0.114723	0.002669	0	0.002962	-0.212787	0.07061	2.96006E+9
7382.49	5.4	4.6653	-0.116195	0.003167	0	0.002367	-0.212787	0.070695	2.960061E+9
7214.18	5.2	4.667084	-0.11511	0.002003	0	0.002736	-0.212787	0.070501	2.960062E+9
7034.46	5	4.66864	-0.116	0.002151	0	0.00316	-0.212787	0.070625	2.960063E+9
6843.76	4.8	4.670544	-0.114674	0.002665	0	0.002131	-0.212787	0.07071	2.960064E+9
6642.54	4.6	4.672714	-0.115565	0.002815	0	0.002757	-0.212787	0.070392	2.960065E+9
6431.22	4.4	4.673198	-0.115857	0.002817	0	0.003085	-0.212787	0.070806	2.960066E+9
6210.24	4.2	4.676226	-0.115071	0.002225	0	0.002586	-0.212787	0.07061	2.960067E+9
5980.04	4	4.677444	-0.11371	0.002809	0	0.0024	-0.212787	0.070644	2.960068E+9
5741.05	3.8	4.679169	-0.115126	0.003031	0	0.00294	-0.212787	0.070691	2.960069E+9
5493.71	3.6	4.680163	-0.116052	0.002849	0	0.002669	-0.212787	0.070597	2.96007E+9
5238.46	3.4	4.681362	-0.115532	0.003074	0	0.002586	-0.212787	0.070609	2.960071E+9
4975.74	3.2	4.683542	-0.1147	0.002491	0	0.002306	-0.212787	0.070647	2.960072E+9
4705.98	3	4.682389	-0.116858	0.002908	0	0.00261	-0.212787	0.070835	2.960073E+9
4429.62	2.8	4.684923	-0.115951	0.002839	0	0.002282	-0.212787	0.07089	2.960074E+9
4147.09	2.6	4.685865	-0.115389	0.002258	0	0.001799	-0.212787	0.070749	2.960075E+9
3858.83	2.4	4.686105	-0.11612	0.002256	0	0.002564	-0.212787	0.070572	2.960076E+9
3565.29	2.2	4.685907	-0.115204	0.002514	0	0.002178	-0.212787	0.070733	2.960077E+9
3266.89	2	4.686326	-0.1164	0.002153	0	0.002638	-0.212787	0.070772	2.960078E+9
2964.07	1.8	4.68568	-0.115308	0.002041	0	0.002278	-0.212787	0.070756	2.960079E+9
2657.27	1.6	4.686219	-0.116465	0.002562	0	0.00248	-0.212787	0.070819	2.96008E+9
2346.93	1.4	4.686999	-0.114707	0.002292	0	0.002103	-0.212787	0.070557	2.960081E+9
2033.48	1.2	4.687129	-0.115129	0.002049	0	0.002294	-0.212787	0.070557	2.960082E+9
1717.37	1	4.684371	-0.115269	0.002199	0	0.002318	-0.212787	0.070797	2.960083E+9
1399.02	0.8	4.683503	-0.116822	0.002395	0	0.001832	-0.212787	0.070723	2.960084E+9
1078.87	0.6	4.683117	-0.116403	0.002232	0	0.002172	-0.212787	0.070787	2.960085E+9
757.37	0.4	4.681827	-0.115334	0.001771	0	0.002636	-0.212787	0.070727	2.960086E+9
434.94	0.2	4.686619	-0.115734	0.002312	0	0.002096	-0.212787	0.071005	2.960087E+9
112.03	0	4.683078	-0.114181	0.00201	0	0.001925	-0.212787	0.070686	2.960088E+9
-210.93	-0.2	4.679566	-0.115938	0.001865	0	0.002202	-0.212787	0.070903	2.960089E+9
-533.51	-0.4	4.677161	-0.115204	0.002515	0	0.001955	-0.212787	0.070811	2.96009E+9
-855.25	-0.6	4.675001	-0.115074	0.002282	0	0.001876	-0.212787	0.070904	2.960091E+9
-1175.74	-0.8	4.669663	-0.114187	0.001827	0	0.00237	-0.212787	0.070791	2.960092E+9
-1494.53	-1	4.664082	-0.115867	0.002467	0	0.002081	-0.212787	0.070934	2.960093E+9
-1811.18	-1.2	4.660082	-0.113615	0.002549	0	0.002019	-0.212787	0.070968	2.960094E+9
-2125.26	-1.4	4.655005	-0.116023	0.002215	0	0.002435	-0.212787	0.070874	2.960095E+9
-2436.33	-1.6	4.649196	-0.113307	0.002089	0	0.002545	-0.212787	0.070911	2.960096E+9
-2743.95	-1.8	4.638319	-0.113856	0.002473	0	0.002181	-0.212787	0.070815	2.960097E+9
-3047.69	-2	4.63263	-0.114376	0.002677	0	0.00189	-0.212787	0.07076	2.960098E+9
-3347.11	-2.2	4.623426	-0.113076	0.002084	0	0.002343	-0.212787	0.070771	2.960099E+9
-3641.77	-2.4	4.610704	-0.113365	0.002526	0	0.002384	-0.212787	0.070813	2.9601E+9
-3931.24	-2.6	4.590863	-0.113849	0.002717	0	0.001928	-0.212787	0.070825	2.960101E+9
-4215.08	-2.8	4.547797	-0.111828	0.002172	0	0.002548	-0.212787	0.070554	2.960102E+9
-4492.85	-3	4.274106	-0.10397	0.002258	0	0.001508	-0.212787	0.070866	2.960103E+9
-4764.12	-3.2	2.545812	-0.059711	4.9E-5	0	-0.000618	-0.212787	0.070769	2.960104E+9
-5028.44	-3.4	-0.142663	0.013679	-0.003083	0	-0.003991	-0.212787	0.070714	2.960105E+9
-5285.39	-3.6	-2.307501	0.069338	-0.006087	0	-0.006278	-0.212787	0.070949	2.960106E+9
-5534.53	-3.8	-3.769655	0.107729	-0.006984	0	-0.00795	-0.212787	0.070973	2.960107E+9
-5775.41	-4	-4.41686	0.123888	-0.009152	0	-0.008622	-0.212787	0.070987	2.960108E+9
-6007.6	-4.2	-4.562134	0.127897	-0.008953	0	-0.008653	-0.212787	0.070769	2.960109E+9
-6230.67	-4.4	-4.588917	0.127995	-0.008439	0	-0.008769	-0.212787	0.07076	2.96011E+9
-6444.17	-4.6	-4.599024	0.129788	-0.008884	0	-0.009205	-0.212787	0.070965	2.960111E+9
-6647.68	-4.8	-4.60395	0.128024	-0.008554	0	-0.008914	-0.212787	0.070882	2.960112E+9
-6840.75	-5	-4.607377	0.127936	-0.009389	0	-0.008877	-0.212787	0.070854	2.960113E+9
-7022.95	-5.2	-4.608225	0.13011	-0.00874	0	-0.008732	-0.212787	0.070829	2.960114E+9
-7193.84	-5.4	-4.609395	0.129291	-0.009019	0	-0.008973	-0.212787	0.070646	2.960115E+9
-7352.98	-5.6	-4.60995	0.127085	-0.008606	0	-0.008536	-0.212787	0.071024	2.960116E+9
-7499.94	-5.8	-4.610379	0.128375	-0.008686	0	-0.008342	-0.212787	0.070838	2.960117E+9
-7634.28	-6	-4.608703	0.128323	-0.009468	0	-0.008745	-0.212787	0.070676	2.960118E+9
-7755.56	-6.2	-4.606474	0.128375	-0.009567	0	-0.00812	-0.212787	0.070596	2.960119E+9
-7863.34	-6.4	-4.605688	0.127952	-0.008837	0	-0.009174	-0.212787	0.070824	2.96012E+9
-7957.2	-6.6	-4.606091	0.128404	-0.008622	0	-0.00894	-0.212787	0.070673	2.960121E+9
-8036.69	-6.8	-4.60482	0.126175	-0.008995	0	-0.00802	-0.212787	0.070884	2.960122E+9
-8101.38	-7	-4.603037	0.128268	-0.008501	0	-0.008628	-0.212787	0.070769	2.960123E+9
-8036.69	-6.8	-4.60393	0.127465	-0.008575	0	-0.008465	-0.212787	0.070659	2.960124E+9
-7957.2	-6.6	-4.608277	0.129297	-0.008205	0	-0.008456	-0.212787	0.070752	2.960125E+9
-7863.34	-6.4	-4.608722	0.127543	-0.008888	0	-0.007973	-0.212787	0.070819	2.960126E+9
-7755.56	-6.2	-4.610691	0.128157	-0.007799	0	-0.008585	-0.212787	0.070739	2.960127E+9
-7634.28	-6	-4.611984	0.130019	-0.008867	0	-0.008331	-0.212787	0.070665	2.960128E+9
-7499.94	-5.8	-4.613326	0.127173	-0.00762	0	-0.008157	-0.212787	0.071041	2.960129E+9
-7352.98	-5.6	-4.614606	0.128745	-0.008337	0	-0.008577	-0.212787	0.070827	2.96013E+9
-7193.84	-5.4	-4.614463	0.129291	-0.008673	0	-0.008841	-0.212787	0.070785	2.960131E+9
-7022.95	-5.2	-4.616672	0.127939	-0.007712	0	-0.008579	-0.212787	0.070773	2.960132E+9
-6840.75	-5	-4.61663	0.127913	-0.008037	0	-0.009059	-0.212787	0.070661	2.960133E+9
-6647.68	-4.8	-4.617955	0.129414	-0.008466	0	-0.008294	-0.212787	0.07074	2.960134E+9
-6444.17	-4.6	-4.616636	0.129463	-0.008502	0	-0.008976	-0.212787	0.070893	2.960135E+9
-6230.67	-4.4	-4.619359	0.129258	-0.008467	0	-0.008487	-0.212787	0.07097	2.960136E+9
-6007.6	-4.2	-4.619684	0.127939	-0.008362	0	-0.008728	-0.212787	0.070875	2.960137E+9
-5775.41	-4	-4.620834	0.128086	-0.008476	0	-0.008726	-0.212787	0.070921	2.960138E+9
-5534.53	-3.8	-4.620892	0.130603	-0.008991	0	-0.008931	-0.212787	0.070794	2.960139E+9
-5285.39	-3.6	-4.621454	0.128475	-0.009231	0	-0.008424	-0.212787	0.07079	2.96014E+9
-5028.44	-3.4	-4.621376	0.129427	-0.008561	0	-0.008508	-0.212787	0.070754	2.960141E+9
-4764.12	-3.2	-4.620044	0.127998	-0.008602	0	-0.009103	-0.212787	0.070806	2.960142E+9
-4492.85	-3	-4.621941	0.12982	-0.008733	0	-0.008363	-0.212787	0.070843	2.960143E+9
-4215.08	-2.8	-4.620681	0.129421	-0.008949	0	-0.008174	-0.212787	0.070944	2.960144E+9
-3931.24	-2.6	-4.619229	0.12944	-0.008948	0	-0.008988	-0.212787	0.070982	2.960145E+9
-3641.77	-2.4	-4.618754	0.128973	-0.008995	0	-0.008781	-0.212787	0.07091	2.960146E+9
-3347.11	-2.2	-4.618209	0.127088	-0.008376	0	-0.008829	-0.212787	0.070932	2.960147E+9
-3047.69	-2	-4.616425	0.12983	-0.008542	0	-0.008932	-0.212787	0.07096	2.960148E+9
-2743.95	-1.8	-4.615483	0.129203	-0.008922	0	-0.008962	-0.212787	0.070782	2.960149E+9
-2436.33	-1.6	-4.613374	0.128537	-0.008802	0	-0.008454	-0.212787	0.071066	2.96015E+9
-2125.26	-1.4	-4.611964	0.128898	-0.008492	0	-0.009288	-0.212787	0.071001	2.960151E+9
-1811.18	-1.2	-4.611536	0.127667	-0.008914	0	-0.008719	-0.212787	0.070874	2.960152E+9
-1494.53	-1	-4.609469	0.128904	-0.009169	0	-0.009102	-0.212787	0.071042	2.960153E+9
-1175.74	-0.8	-4.607172	0.129924	-0.008723	0	-0.009378	-0.212787	0.071107	2.960154E+9
-855.25	-0.6	-4.603703	0.128138	-0.008818	0	-0.009634	-0.212787	0.070811	2.960155E+9
-533.51	-0.4	-4.601682	0.127706	-0.008633	0	-0.008652	-0.212787	0.070979	2.960156E+9
-210.93	-0.2	-4.598982	0.130344	-0.008642	0	-0.009074	-0.212787	0.071187	2.960157E+9
112.03	0	-4.595311	0.127689	-0.009073	0	-0.009347	-0.212787	0.071003	2.960158E+9
434.94	0.2	-4.591435	0.127706	-0.009014	0	-0.009028	-0.212787	0.070863	2.960159E+9
757.37	0.4	-4.588342	0.128826	-0.008627	0	-0.009569	-0.212787	0.071166	2.96016E+9
1078.87	0.6	-4.583973	0.128069	-0.008777	0	-0.009409	-0.212787	0.071206	2.960161E+9
1399.02	0.8	-4.577157	0.127943	-0.009479	0	-0.009524	-0.212787	0.071009	2.960162E+9
1717.37	1	-4.573063	0.127683	-0.009209	0	-0.008885	-0.212787	0.071098	2.960163E+9
2033.48	1.2	-4.565116	0.127709	-0.008725	0	-0.009639	-0.212787	0.071063	2.960164E+9
2346.93	1.4	-4.559535	0.128232	-0.008462	0	-0.009008	-0.212787	0.070935	2.960165E+9
2657.27	1.6	-4.551355	0.127368	-0.008736	0	-0.008968	-0.212787	0.071009	2.960166E+9
2964.07	1.8	-4.540874	0.127777	-0.009318	0	-0.008986	-0.212787	0.071159	2.960167E+9
3266.89	2	-4.526982	0.127663	-0.009162	0	-0.0092	-0.212787	0.071051	2.960168E+9
3565.29	2.2	-4.504419	0.125058	-0.008267	0	-0.008574	-0.212787	0.070952	2.960169E+9
3858.83	2.4	-4.443172	0.124996	-0.007855	0	-0.008819	-0.212787	0.071034	2.96017E+9
4147.09	2.6	-3.967891	0.110162	-0.008388	0	-0.008021	-0.212787	0.071012	2.960171E+9
4429.62	2.8	-1.806607	0.054188	-0.004862	0	-0.005211	-0.212787	0.071054	2.960172E+9
4705.98	3	0.830681	-0.016304	-0.001425	0	-0.001819	-0.212787	0.07096	2.960173E+9
4975.74	3.2	2.814294	-0.068343	0.001542	0	0.000126	-0.212787	0.070908	2.960174E+9
5238.46	3.4	4.084583	-0.100666	0.002387	0	0.002202	-0.212787	0.070801	2.960175E+9
5493.71	3.6	4.55766	-0.113745	0.0029	0	0.002831	-0.212787	0.070954	2.960176E+9
5741.05	3.8	4.651619	-0.112914	0.002955	0	0.00261	-0.212787	0.070707	2.960177E+9
5980.04	4	4.66979	-0.114583	0.002897	0	0.002621	-0.212787	0.070634	2.960178E+9
6210.24	4.2	4.676083	-0.115526	0.003391	0	0.003161	-0.212787	0.07081	2.960179E+9
6431.22	4.4	4.680901	-0.11471	0.003373	0	0.002807	-0.212787	0.07079	2.96018E+9
6642.54	4.6	4.681879	-0.115149	0.003166	0	0.002571	-0.212787	0.070644	2.960181E+9
6843.76	4.8	4.681057	-0.116471	0.00347	0	0.003086	-0.212787	0.070686	2.960182E+9
7034.46	5	4.681031	-0.115506	0.003258	0	0.002687	-0.212787	0.070729	2.960183E+9
7214.18	5.2	4.680992	-0.117754	0.003283	0	0.002958	-0.212787	0.07075	2.960184E+9
7382.49	5.4	4.680128	-0.11511	0.00328	0	0.003788	-0.212787	0.070539	2.960185E+9
7538.96	5.6	4.679192	-0.114619	0.003448	0	0.002756	-0.212787	0.070694	2.960186E+9
7683.15	5.8	4.67698	-0.116887	0.00311	0	0.002839	-0.212787	0.070565	2.960187E+9
7814.63	6	4.675443	-0.116396	0.003349	0	0.003211	-0.212787	0.070762	2.960188E+9
7932.95	6.2	4.674949	-0.116396	0.003888	0	0.003124	-0.212787	0.070718	2.960189E+9
8037.67	6.4	4.67144	-0.11471	0.003214	0	0.002824	-0.212787	0.070402	2.96019E+9
8128.37	6.6	4.6707	-0.11599	0.003492	0	0.003398	-0.212787	0.070641	2.960191E+9
8204.61	6.8	4.670547	-0.114717	0.003801	0	0.003144	-0.212787	0.070671	2.960192E+9
8265.94	7	4.669767	-0.115763	0.00345	0	0.003013	-0.212787	0.07056	2.960193E+9
