04/05/2022	14:47

Co88Tb12_20210526_CVEJ1

Field	Kepco	Channel A	Channel B	Agilent	0	RF out	Monitor+	Monitor-	Time
8265.94	7	1.399949	0.222512	0.020232	0	0.020221	-0.212787	0.019995	1.652615E+9
8084.8	6.5	1.400329	0.222236	0.020166	0	0.02014	-0.212787	0.020043	1.652615E+9
7814.63	6	1.4072	0.224354	0.020402	0	0.020132	-0.212787	0.019959	1.652616E+9
7462.23	5.5	1.413526	0.226791	0.020324	0	0.020074	-0.212787	0.020062	1.652617E+9
7034.46	5	1.420075	0.224617	0.020336	0	0.020114	-0.212787	0.019984	1.652618E+9
6538.11	4.5	1.427921	0.230413	0.020412	0	0.020031	-0.212787	0.020041	1.652619E+9
5980.04	4	1.43423	0.232398	0.020217	0	0.02013	-0.212787	0.020154	1.65262E+9
5367.05	3.5	1.439367	0.230647	0.02048	0	0.020049	-0.212787	0.020041	1.652621E+9
4705.98	3	1.450699	0.233334	0.020533	0	0.02	-0.212787	0.019936	1.652622E+9
4003.65	2.5	1.454851	0.234276	0.020427	0	0.020012	-0.212787	0.020044	1.652623E+9
3266.89	2	1.460042	0.234263	0.020713	0	0.01992	-0.212787	0.02007	1.652624E+9
2502.52	1.5	1.464438	0.236511	0.020552	0	0.020167	-0.212787	0.019992	1.652625E+9
1717.37	1	1.473408	0.23874	0.020769	0	0.02024	-0.212787	0.02002	1.652626E+9
918.26	0.5	1.47549	0.236894	0.020558	0	0.020206	-0.212787	0.019923	1.652627E+9
112.03	0	1.482761	0.239087	0.020407	0	0.020313	-0.212787	0.020005	1.652628E+9
-694.51	-0.5	1.482829	0.239143	0.020789	0	0.020347	-0.212787	0.020112	1.652629E+9
-1494.53	-1	1.49319	0.239971	0.020414	0	0.020176	-0.212787	0.019964	1.65263E+9
-2281.19	-1.5	1.497566	0.237892	0.020261	0	0.02033	-0.212787	0.019968	1.652631E+9
-3047.69	-2	1.498043	0.239935	0.019896	0	0.020271	-0.212787	0.019957	1.652632E+9
-3787.18	-2.5	1.502796	0.239926	0.020037	0	0.020406	-0.212787	0.019989	1.652633E+9
-4492.85	-3	1.500574	0.243015	0.019956	0	0.020445	-0.212787	0.020027	1.652634E+9
-5157.87	-3.5	1.507121	0.238194	0.019754	0	0.020462	-0.212787	0.019951	1.652635E+9
-5775.41	-4	1.511328	0.241261	0.020016	0	0.020378	-0.212787	0.020047	1.652636E+9
-6338.64	-4.5	1.511354	0.241547	0.01974	0	0.020443	-0.212787	0.019955	1.652637E+9
-6840.75	-5	1.51534	0.241365	0.019928	0	0.020116	-0.212787	0.020023	1.652638E+9
-7274.9	-5.5	1.51049	0.241595	0.019841	0	0.020417	-0.212787	0.020013	1.652639E+9
-7634.28	-6	1.510837	0.241631	0.019779	0	0.020366	-0.212787	0.020044	1.65264E+9
-7912.04	-6.5	1.510366	0.244246	0.020164	0	0.020211	-0.212787	0.019997	1.652641E+9
-8101.38	-7	1.512107	0.243814	0.02018	0	0.020201	-0.212787	0.020006	1.652642E+9
-7912.04	-6.5	1.509557	0.243896	0.019634	0	0.020366	-0.212787	0.020029	1.652643E+9
-7634.28	-6	1.517007	0.24411	0.019847	0	0.02047	-0.212787	0.020085	1.652644E+9
-7274.9	-5.5	1.517881	0.242489	0.019825	0	0.020304	-0.212787	0.020133	1.652645E+9
-6840.75	-5	1.517894	0.246098	0.020194	0	0.020289	-0.212787	0.020036	1.652646E+9
-6338.64	-4.5	1.518355	0.243509	0.020113	0	0.020287	-0.212787	0.02015	1.652647E+9
-5775.41	-4	1.517416	0.245338	0.019794	0	0.020361	-0.212787	0.019998	1.652648E+9
-5157.87	-3.5	1.516383	0.244779	0.0203	0	0.020395	-0.212787	0.020162	1.652649E+9
-4492.85	-3	1.514323	0.242645	0.020154	0	0.020199	-0.212787	0.020046	1.65265E+9
-3787.18	-2.5	1.512871	0.240887	0.02087	0	0.020334	-0.212787	0.020178	1.652651E+9
-3047.69	-2	1.510366	0.240429	0.02086	0	0.020203	-0.212787	0.020098	1.652652E+9
-2281.19	-1.5	1.507686	0.238636	0.020495	0	0.020131	-0.212787	0.020033	1.652653E+9
-1494.53	-1	1.502809	0.239133	0.02059	0	0.020222	-0.212787	0.020059	1.652654E+9
-694.51	-0.5	1.495915	0.239152	0.02046	0	0.020277	-0.212787	0.020156	1.652655E+9
112.03	0	1.491955	0.235169	0.020506	0	0.020117	-0.212787	0.020086	1.652656E+9
918.26	0.5	1.487634	0.236378	0.020494	0	0.020187	-0.212787	0.01997	1.652657E+9
1717.37	1	1.481471	0.234685	0.020853	0	0.020022	-0.212787	0.020066	1.652658E+9
2502.52	1.5	1.47728	0.234172	0.020757	0	0.020111	-0.212787	0.019964	1.652659E+9
3266.89	2	1.47153	0.230735	0.020592	0	0.020289	-0.212787	0.019983	1.65266E+9
4003.65	2.5	1.46719	0.22901	0.0209	0	0.020261	-0.212787	0.020162	1.652661E+9
4705.98	3	1.461416	0.231125	0.020775	0	0.020263	-0.212787	0.019977	1.652662E+9
5367.05	3.5	1.454321	0.228032	0.020998	0	0.020244	-0.212787	0.020019	1.652663E+9
5980.04	4	1.450699	0.229023	0.020392	0	0.020328	-0.212787	0.020143	1.652664E+9
6538.11	4.5	1.447417	0.226839	0.02071	0	0.020155	-0.212787	0.020204	1.652665E+9
7034.46	5	1.440767	0.229068	0.020873	0	0.020268	-0.212787	0.020124	1.652666E+9
7462.23	5.5	1.438239	0.224698	0.020634	0	0.020561	-0.212787	0.020073	1.652667E+9
7814.63	6	1.434695	0.225144	0.020687	0	0.020425	-0.212787	0.020099	1.652668E+9
8084.8	6.5	1.42937	0.226836	0.020667	0	0.020415	-0.212787	0.01999	1.652669E+9
8265.94	7	1.427963	0.226771	0.020894	0	0.020432	-0.212787	0.020121	1.65267E+9
