19/05/2022	12:47

Si\Pt3\(Co88Tb12)75\Pt3-20220518_APEJ2

Field	Kepco	Channel A	Channel B	Agilent	0	RF out	Monitor+	Monitor-	Time
8265.94	7	4.271117	-0.548698	0.005207	0	0.004188	-0.212787	0.063289	2.941353E+9
8204.61	6.8	4.282491	-0.550384	0.004012	0	0.005153	-0.212787	0.063172	2.941354E+9
8128.37	6.6	4.281679	-0.550712	0.005074	0	0.005049	-0.212787	0.063252	2.941355E+9
8037.67	6.4	4.28306	-0.549539	0.005702	0	0.004978	-0.212787	0.063226	2.941356E+9
7932.95	6.2	4.28562	-0.549841	0.004595	0	0.005507	-0.212787	0.063224	2.941357E+9
7814.63	6	4.286104	-0.55081	0.004862	0	0.0063	-0.212787	0.063182	2.941358E+9
7683.15	5.8	4.286049	-0.55068	0.005745	0	0.005443	-0.212787	0.063347	2.941359E+9
7538.96	5.6	4.286627	-0.550725	0.005098	0	0.005432	-0.212787	0.063234	2.94136E+9
7382.49	5.4	4.286955	-0.551937	0.005034	0	0.005969	-0.212787	0.063226	2.941361E+9
7214.18	5.2	4.284827	-0.551118	0.005362	0	0.005678	-0.212787	0.063245	2.941362E+9
7034.46	5	4.287852	-0.551034	0.005624	0	0.005225	-0.212787	0.063365	2.941363E+9
6843.76	4.8	4.286868	-0.550641	0.004984	0	0.005259	-0.212787	0.063298	2.941364E+9
6642.54	4.6	4.284584	-0.551635	0.005357	0	0.005847	-0.212787	0.063202	2.941365E+9
6431.22	4.4	4.285831	-0.551238	0.005685	0	0.005689	-0.212787	0.06324	2.941366E+9
6210.24	4.2	4.284152	-0.551388	0.004457	0	0.004589	-0.212787	0.063338	2.941367E+9
5980.04	4	4.283973	-0.550209	0.005169	0	0.005482	-0.212787	0.063235	2.941368E+9
5741.05	3.8	4.283375	-0.551404	0.005013	0	0.005114	-0.212787	0.063191	2.941369E+9
5493.71	3.6	4.282927	-0.551485	0.004643	0	0.005107	-0.212787	0.063233	2.94137E+9
5238.46	3.4	4.282063	-0.552414	0.004122	0	0.005324	-0.212787	0.063157	2.941371E+9
4975.74	3.2	4.277459	-0.552181	0.005687	0	0.00476	-0.212787	0.063199	2.941372E+9
4705.98	3	4.280675	-0.550455	0.004923	0	0.004439	-0.212787	0.063131	2.941373E+9
4429.62	2.8	4.282443	-0.54964	0.004216	0	0.004939	-0.212787	0.063267	2.941374E+9
4147.09	2.6	4.283577	-0.549227	0.004777	0	0.005325	-0.212787	0.063224	2.941375E+9
3858.83	2.4	4.28498	-0.551394	0.00472	0	0.004601	-0.212787	0.063176	2.941376E+9
3565.29	2.2	4.284489	-0.551342	0.005502	0	0.004669	-0.212787	0.063327	2.941377E+9
3266.89	2	4.285302	-0.551303	0.005585	0	0.005573	-0.212787	0.063305	2.941378E+9
2964.07	1.8	4.286692	-0.551813	0.005908	0	0.005122	-0.212787	0.063244	2.941379E+9
2657.27	1.6	4.286254	-0.551365	0.005611	0	0.004558	-0.212787	0.063334	2.94138E+9
2346.93	1.4	4.285	-0.551277	0.0052	0	0.005415	-0.212787	0.063172	2.941381E+9
2033.48	1.2	4.287089	-0.550914	0.005828	0	0.005098	-0.212787	0.06328	2.941382E+9
1717.37	1	4.285825	-0.551976	0.005753	0	0.005036	-0.212787	0.063211	2.941383E+9
1399.02	0.8	4.285484	-0.55143	0.005382	0	0.00501	-0.212787	0.06336	2.941384E+9
1078.87	0.6	4.282332	-0.551303	0.005568	0	0.004955	-0.212787	0.063264	2.941385E+9
757.37	0.4	4.280152	-0.549114	0.006055	0	0.004864	-0.212787	0.063263	2.941386E+9
434.94	0.2	4.275675	-0.549195	0.005109	0	0.005137	-0.212787	0.063328	2.941387E+9
112.03	0	4.266523	-0.547411	0.005501	0	0.005443	-0.212787	0.063273	2.941389E+9
-210.93	-0.2	4.22283	-0.543012	0.00517	0	0.004255	-0.212787	0.063279	2.941389E+9
-533.51	-0.4	4.123429	-0.530605	0.004761	0	0.004193	-0.212787	0.063355	2.94139E+9
-855.25	-0.6	3.913643	-0.503695	0.004683	0	0.004453	-0.212787	0.063224	2.941391E+9
-1175.74	-0.8	3.566524	-0.460672	0.004309	0	0.004125	-0.212787	0.06324	2.941392E+9
-1494.53	-1	3.105598	-0.399851	0.003209	0	0.003019	-0.212787	0.06334	2.941393E+9
-1811.18	-1.2	2.591939	-0.334462	0.00207	0	0.003089	-0.212787	0.063337	2.941394E+9
-2125.26	-1.4	2.076743	-0.268999	0.002846	0	0.002314	-0.212787	0.063373	2.941395E+9
-2436.33	-1.6	1.595027	-0.208815	0.001497	0	0.001552	-0.212787	0.063388	2.941396E+9
-2743.95	-1.8	1.152218	-0.153004	0.000986	0	0.001435	-0.212787	0.063343	2.941397E+9
-3047.69	-2	0.74054	-0.099619	0.000849	0	0.00088	-0.212787	0.063349	2.941398E+9
-3347.11	-2.2	0.349066	-0.050088	0.000267	0	-0.000479	-0.212787	0.063341	2.941399E+9
-3641.77	-2.4	-0.032178	0.003393	-0.000522	0	-0.000118	-0.212787	0.063443	2.9414E+9
-3931.24	-2.6	-0.406059	0.051125	-0.000965	0	-0.000274	-0.212787	0.06337	2.941401E+9
-4215.08	-2.8	-0.780993	0.096787	-0.000861	0	-0.00122	-0.212787	0.063385	2.941402E+9
-4492.85	-3	-1.150704	0.145967	-0.001995	0	-0.001915	-0.212787	0.063397	2.941403E+9
-4764.12	-3.2	-1.512019	0.192535	-0.002623	0	-0.002013	-0.212787	0.063426	2.941404E+9
-5028.44	-3.4	-1.854761	0.235952	-0.002031	0	-0.002411	-0.212787	0.063403	2.941405E+9
-5285.39	-3.6	-2.158092	0.274265	-0.002555	0	-0.003027	-0.212787	0.063351	2.941406E+9
-5534.53	-3.8	-2.409715	0.305961	-0.003731	0	-0.003065	-0.212787	0.063401	2.941407E+9
-5775.41	-4	-2.597466	0.330346	-0.002828	0	-0.003349	-0.212787	0.063432	2.941408E+9
-6007.6	-4.2	-2.734156	0.34584	-0.00341	0	-0.004087	-0.212787	0.063412	2.941409E+9
-6230.67	-4.4	-2.841666	0.358796	-0.00392	0	-0.003518	-0.212787	0.063459	2.94141E+9
-6444.17	-4.6	-2.943802	0.374156	-0.00333	0	-0.003205	-0.212787	0.063537	2.941411E+9
-6647.68	-4.8	-3.045096	0.386024	-0.002519	0	-0.003889	-0.212787	0.063561	2.941412E+9
-6840.75	-5	-3.142833	0.400059	-0.003751	0	-0.004196	-0.212787	0.063574	2.941413E+9
-7022.95	-5.2	-3.241392	0.413122	-0.004238	0	-0.003114	-0.212787	0.063383	2.941414E+9
-7193.84	-5.4	-3.339916	0.42346	-0.003892	0	-0.004059	-0.212787	0.063499	2.941415E+9
-7352.98	-5.6	-3.432533	0.435809	-0.004401	0	-0.004719	-0.212787	0.063401	2.941416E+9
-7499.94	-5.8	-3.521342	0.447342	-0.004241	0	-0.003749	-0.212787	0.063525	2.941417E+9
-7634.28	-6	-3.605249	0.46021	-0.004087	0	-0.004381	-0.212787	0.06347	2.941418E+9
-7755.56	-6.2	-3.681417	0.467091	-0.004101	0	-0.004638	-0.212787	0.063554	2.941419E+9
-7863.34	-6.4	-3.7509	0.475441	-0.004191	0	-0.004049	-0.212787	0.063513	2.94142E+9
-7957.2	-6.6	-3.812442	0.485561	-0.004359	0	-0.004631	-0.212787	0.063474	2.941421E+9
-8036.69	-6.8	-3.86812	0.492932	-0.004623	0	-0.004794	-0.212787	0.063517	2.941422E+9
-8101.38	-7	-3.920273	0.497747	-0.004707	0	-0.00401	-0.212787	0.06355	2.941423E+9
-8036.69	-6.8	-3.923697	0.499609	-0.004168	0	-0.004127	-0.212787	0.063408	2.941424E+9
-7957.2	-6.6	-3.925084	0.496496	-0.004295	0	-0.005147	-0.212787	0.063519	2.941425E+9
-7863.34	-6.4	-3.926332	0.498299	-0.005235	0	-0.004871	-0.212787	0.063472	2.941426E+9
-7755.56	-6.2	-3.924207	0.499095	-0.00514	0	-0.003793	-0.212787	0.06349	2.941427E+9
-7634.28	-6	-3.924311	0.498709	-0.004953	0	-0.004801	-0.212787	0.063455	2.941428E+9
-7499.94	-5.8	-3.925585	0.497702	-0.005228	0	-0.004605	-0.212787	0.063465	2.941429E+9
-7352.98	-5.6	-3.92602	0.498527	-0.004428	0	-0.004584	-0.212787	0.063465	2.94143E+9
-7193.84	-5.4	-3.925978	0.497682	-0.004356	0	-0.004912	-0.212787	0.063496	2.941431E+9
-7022.95	-5.2	-3.926878	0.498244	-0.005452	0	-0.004477	-0.212787	0.063493	2.941432E+9
-6840.75	-5	-3.926364	0.500408	-0.005908	0	-0.004884	-0.212787	0.063393	2.941433E+9
-6647.68	-4.8	-3.924779	0.500814	-0.004843	0	-0.004426	-0.212787	0.063528	2.941434E+9
-6444.17	-4.6	-3.92373	0.497335	-0.004525	0	-0.005105	-0.212787	0.06356	2.941435E+9
-6230.67	-4.4	-3.925049	0.499947	-0.005086	0	-0.004924	-0.212787	0.063449	2.941436E+9
-6007.6	-4.2	-3.923811	0.497789	-0.005025	0	-0.004404	-0.212787	0.063535	2.941437E+9
-5775.41	-4	-3.925429	0.499089	-0.005	0	-0.004531	-0.212787	0.063504	2.941438E+9
-5534.53	-3.8	-3.924649	0.498241	-0.005046	0	-0.00468	-0.212787	0.063479	2.941439E+9
-5285.39	-3.6	-3.923535	0.497854	-0.003859	0	-0.005045	-0.212787	0.063536	2.94144E+9
-5028.44	-3.4	-3.922609	0.49829	-0.004592	0	-0.005406	-0.212787	0.063491	2.941441E+9
-4764.12	-3.2	-3.922596	0.500421	-0.004654	0	-0.004499	-0.212787	0.063513	2.941442E+9
-4492.85	-3	-3.924825	0.497451	-0.004702	0	-0.005056	-0.212787	0.063494	2.941443E+9
-4215.08	-2.8	-3.924526	0.498046	-0.004914	0	-0.005571	-0.212787	0.063483	2.941444E+9
-3931.24	-2.6	-3.924279	0.498897	-0.005101	0	-0.004734	-0.212787	0.063468	2.941445E+9
-3641.77	-2.4	-3.923499	0.49762	-0.00489	0	-0.004985	-0.212787	0.063538	2.941446E+9
-3347.11	-2.2	-3.922914	0.49841	-0.005298	0	-0.005646	-0.212787	0.063478	2.941447E+9
-3047.69	-2	-3.923892	0.497549	-0.005766	0	-0.005106	-0.212787	0.063471	2.941448E+9
-2743.95	-1.8	-3.923437	0.498332	-0.005127	0	-0.005173	-0.212787	0.063469	2.941449E+9
-2436.33	-1.6	-3.922417	0.496136	-0.004953	0	-0.005755	-0.212787	0.063462	2.94145E+9
-2125.26	-1.4	-3.923236	0.497091	-0.005206	0	-0.005325	-0.212787	0.063538	2.941451E+9
-1811.18	-1.2	-3.91976	0.497516	-0.005174	0	-0.004607	-0.212787	0.063411	2.941452E+9
-1494.53	-1	-3.919678	0.500561	-0.005049	0	-0.005019	-0.212787	0.063469	2.941453E+9
-1175.74	-0.8	-3.915452	0.497412	-0.004986	0	-0.005206	-0.212787	0.063532	2.941454E+9
-855.25	-0.6	-3.910484	0.498046	-0.005112	0	-0.005344	-0.212787	0.063455	2.941455E+9
-533.51	-0.4	-3.891651	0.493943	-0.004383	0	-0.005249	-0.212787	0.063545	2.941456E+9
-210.93	-0.2	-3.841385	0.487848	-0.004457	0	-0.00496	-0.212787	0.063466	2.941457E+9
112.03	0	-3.715916	0.471341	-0.004438	0	-0.004198	-0.212787	0.063543	2.941458E+9
434.94	0.2	-3.469868	0.441952	-0.00345	0	-0.004726	-0.212787	0.063527	2.941459E+9
757.37	0.4	-3.091908	0.391784	-0.003187	0	-0.004045	-0.212787	0.063493	2.94146E+9
1078.87	0.6	-2.613561	0.331428	-0.003024	0	-0.002725	-0.212787	0.063496	2.941461E+9
1399.02	0.8	-2.095257	0.26501	-0.002758	0	-0.002854	-0.212787	0.0635	2.941462E+9
1717.37	1	-1.590945	0.200898	-0.002657	0	-0.002003	-0.212787	0.063391	2.941463E+9
2033.48	1.2	-1.119418	0.140678	-0.001865	0	-0.001046	-0.212787	0.063482	2.941464E+9
2346.93	1.4	-0.685804	0.084955	-0.001161	0	-0.001118	-0.212787	0.063333	2.941465E+9
2657.27	1.6	-0.280045	0.032392	-0.000905	0	-0.000691	-0.212787	0.06338	2.941466E+9
2964.07	1.8	0.109457	-0.020898	-0.000126	0	0.000297	-0.212787	0.06337	2.941467E+9
3266.89	2	0.489589	-0.069883	0.000725	0	0.000282	-0.212787	0.063375	2.941468E+9
3565.29	2.2	0.864001	-0.115282	0.000738	0	0.000945	-0.212787	0.063362	2.941469E+9
3858.83	2.4	1.240111	-0.164085	0.001374	0	0.002042	-0.212787	0.06333	2.94147E+9
4147.09	2.6	1.60732	-0.208659	0.002458	0	0.001695	-0.212787	0.063324	2.941471E+9
4429.62	2.8	1.965874	-0.256374	0.001953	0	0.00209	-0.212787	0.063378	2.941472E+9
4705.98	3	2.3007	-0.297933	0.002366	0	0.003229	-0.212787	0.063326	2.941473E+9
4975.74	3.2	2.594359	-0.336392	0.003275	0	0.00282	-0.212787	0.063359	2.941474E+9
5238.46	3.4	2.829082	-0.366206	0.002831	0	0.003504	-0.212787	0.063307	2.941475E+9
5493.71	3.6	3.002319	-0.388275	0.003934	0	0.003646	-0.212787	0.06336	2.941476E+9
5741.05	3.8	3.127434	-0.403415	0.00466	0	0.003353	-0.212787	0.063336	2.941477E+9
5980.04	4	3.23214	-0.415731	0.00477	0	0.004401	-0.212787	0.063331	2.941478E+9
6210.24	4.2	3.332466	-0.430117	0.004621	0	0.004833	-0.212787	0.063346	2.941479E+9
6431.22	4.4	3.430908	-0.442274	0.005196	0	0.004204	-0.212787	0.063436	2.94148E+9
6642.54	4.6	3.530913	-0.454405	0.004851	0	0.004751	-0.212787	0.063344	2.941481E+9
6843.76	4.8	3.62995	-0.469687	0.005942	0	0.005019	-0.212787	0.063315	2.941482E+9
7034.46	5	3.726888	-0.477796	0.005451	0	0.004797	-0.212787	0.063373	2.941483E+9
7214.18	5.2	3.81753	-0.489371	0.00469	0	0.005215	-0.212787	0.063333	2.941484E+9
7382.49	5.4	3.903543	-0.501015	0.0054	0	0.005321	-0.212787	0.063255	2.941485E+9
7538.96	5.6	3.981947	-0.512545	0.005679	0	0.004808	-0.212787	0.06331	2.941486E+9
7683.15	5.8	4.057469	-0.523312	0.00587	0	0.005837	-0.212787	0.063404	2.941487E+9
7814.63	6	4.1252	-0.531586	0.005831	0	0.006049	-0.212787	0.063306	2.941488E+9
7932.95	6.2	4.186804	-0.539371	0.005934	0	0.005699	-0.212787	0.063405	2.941489E+9
8037.67	6.4	4.237992	-0.544777	0.005819	0	0.006325	-0.212787	0.063467	2.94149E+9
8128.37	6.6	4.272842	-0.547723	0.006594	0	0.006303	-0.212787	0.063373	2.941491E+9
8204.61	6.8	4.280422	-0.549692	0.005236	0	0.005426	-0.212787	0.063329	2.941492E+9
8265.94	7	4.279512	-0.552297	0.005816	0	0.006176	-0.212787	0.063455	2.941493E+9
