19/05/2022	12:50

Si\Pt3\(Co88Tb12)75\Pt3-20220518_APEJ2

Field	Kepco	Channel A	Channel B	Agilent	0	RF out	Monitor+	Monitor-	Time
8265.94	7	4.281721	-0.552375	0.005456	0	0.005681	-0.212787	0.06333	2.9415E+9
8204.61	6.8	4.284727	-0.554318	0.00538	0	0.006014	-0.212787	0.06328	2.941501E+9
8128.37	6.6	4.289493	-0.550621	0.005589	0	0.006337	-0.212787	0.063316	2.941502E+9
8037.67	6.4	4.289489	-0.550654	0.005583	0	0.005402	-0.212787	0.063346	2.941503E+9
7932.95	6.2	4.287293	-0.551524	0.005097	0	0.006234	-0.212787	0.063348	2.941504E+9
7814.63	6	4.286575	-0.550673	0.005803	0	0.00586	-0.212787	0.063339	2.941505E+9
7683.15	5.8	4.288755	-0.550225	0.006142	0	0.005871	-0.212787	0.063256	2.941506E+9
7538.96	5.6	4.288356	-0.551102	0.0061	0	0.005951	-0.212787	0.06337	2.941507E+9
7382.49	5.4	4.290279	-0.551186	0.006349	0	0.005688	-0.212787	0.063346	2.941508E+9
7214.18	5.2	4.288473	-0.550387	0.007063	0	0.005971	-0.212787	0.063524	2.941509E+9
7034.46	5	4.287696	-0.551852	0.00591	0	0.006461	-0.212787	0.063422	2.94151E+9
6843.76	4.8	4.288476	-0.54991	0.006382	0	0.006121	-0.212787	0.063383	2.941511E+9
6642.54	4.6	4.287768	-0.550965	0.005758	0	0.00635	-0.212787	0.0634	2.941512E+9
6431.22	4.4	4.288209	-0.550416	0.005862	0	0.005825	-0.212787	0.063395	2.941513E+9
6210.24	4.2	4.287063	-0.553457	0.006533	0	0.005688	-0.212787	0.063242	2.941514E+9
5980.04	4	4.286289	-0.551599	0.006445	0	0.005611	-0.212787	0.063428	2.941515E+9
5741.05	3.8	4.288177	-0.552515	0.005768	0	0.006361	-0.212787	0.063277	2.941516E+9
5493.71	3.6	4.288154	-0.550738	0.006149	0	0.006001	-0.212787	0.063334	2.941517E+9
5238.46	3.4	4.287959	-0.551333	0.006086	0	0.005261	-0.212787	0.063266	2.941518E+9
4975.74	3.2	4.288258	-0.552954	0.006026	0	0.005821	-0.212787	0.063384	2.941519E+9
4705.98	3	4.288362	-0.551875	0.006016	0	0.005487	-0.212787	0.063335	2.94152E+9
4429.62	2.8	4.285812	-0.551339	0.00567	0	0.004863	-0.212787	0.06327	2.941521E+9
4147.09	2.6	4.288882	-0.55092	0.006239	0	0.006027	-0.212787	0.063395	2.941522E+9
3858.83	2.4	4.288784	-0.550514	0.006002	0	0.005237	-0.212787	0.063393	2.941523E+9
3565.29	2.2	4.288797	-0.550894	0.005929	0	0.005419	-0.212787	0.063479	2.941524E+9
3266.89	2	4.287949	-0.551274	0.006136	0	0.005713	-0.212787	0.063427	2.941525E+9
2964.07	1.8	4.290087	-0.552314	0.006236	0	0.006019	-0.212787	0.063345	2.941526E+9
2657.27	1.6	4.287823	-0.551748	0.004229	0	0.004946	-0.212787	0.063379	2.941527E+9
2346.93	1.4	4.287254	-0.551372	0.004407	0	0.005529	-0.212787	0.063299	2.941528E+9
2033.48	1.2	4.289346	-0.551427	0.005238	0	0.00511	-0.212787	0.063285	2.941529E+9
1717.37	1	4.28756	-0.553217	0.004724	0	0.005345	-0.212787	0.06325	2.94153E+9
1399.02	0.8	4.287225	-0.552057	0.004943	0	0.00606	-0.212787	0.063321	2.941531E+9
1078.87	0.6	4.285753	-0.551086	0.005217	0	0.005965	-0.212787	0.063382	2.941532E+9
757.37	0.4	4.285968	-0.553158	0.004488	0	0.005322	-0.212787	0.063294	2.941533E+9
434.94	0.2	4.277404	-0.549578	0.005324	0	0.005792	-0.212787	0.063354	2.941534E+9
112.03	0	4.265708	-0.549708	0.00541	0	0.005176	-0.212787	0.063333	2.941535E+9
-210.93	-0.2	4.227668	-0.543461	0.005142	0	0.004829	-0.212787	0.063329	2.941536E+9
-533.51	-0.4	4.128631	-0.530368	0.00522	0	0.005586	-0.212787	0.063304	2.941537E+9
-855.25	-0.6	3.917269	-0.504735	0.005266	0	0.005253	-0.212787	0.063422	2.941538E+9
-1175.74	-0.8	3.571527	-0.458693	0.004538	0	0.004741	-0.212787	0.063375	2.941539E+9
-1494.53	-1	3.106992	-0.401241	0.003634	0	0.004764	-0.212787	0.063315	2.94154E+9
-1811.18	-1.2	2.59229	-0.333423	0.003222	0	0.003247	-0.212787	0.063399	2.941541E+9
-2125.26	-1.4	2.082081	-0.269538	0.002672	0	0.002698	-0.212787	0.063319	2.941542E+9
-2436.33	-1.6	1.599289	-0.209461	0.002176	0	0.002686	-0.212787	0.063384	2.941543E+9
-2743.95	-1.8	1.155353	-0.150038	0.002	0	0.001217	-0.212787	0.063413	2.941544E+9
-3047.69	-2	0.743379	-0.099272	0.000951	0	0.000902	-0.212787	0.063432	2.941545E+9
-3347.11	-2.2	0.350219	-0.048594	0.000616	0	0.000405	-0.212787	0.063442	2.941546E+9
-3641.77	-2.4	-0.032395	0.003225	2.4E-5	0	-4.8E-5	-0.212787	0.063451	2.941547E+9
-3931.24	-2.6	-0.408197	0.050163	-2.1E-5	0	-0.000194	-0.212787	0.063483	2.941548E+9
-4215.08	-2.8	-0.781861	0.097859	-0.000605	0	-0.000587	-0.212787	0.063417	2.941549E+9
-4492.85	-3	-1.151987	0.147176	-0.001151	0	-0.000949	-0.212787	0.063463	2.94155E+9
-4764.12	-3.2	-1.514845	0.193565	-0.001357	0	-0.001368	-0.212787	0.063421	2.941551E+9
-5028.44	-3.4	-1.855645	0.235416	-0.001176	0	-0.001993	-0.212787	0.063513	2.941552E+9
-5285.39	-3.6	-2.161126	0.274837	-0.002412	0	-0.002602	-0.212787	0.063448	2.941553E+9
-5534.53	-3.8	-2.41182	0.307835	-0.002207	0	-0.002439	-0.212787	0.063515	2.941554E+9
-5775.41	-4	-2.598389	0.329586	-0.002161	0	-0.002469	-0.212787	0.063515	2.941555E+9
-6007.6	-4.2	-2.735485	0.347536	-0.001896	0	-0.002601	-0.212787	0.063598	2.941556E+9
-6230.67	-4.4	-2.844505	0.362889	-0.002185	0	-0.002599	-0.212787	0.063527	2.941557E+9
-6444.17	-4.6	-2.945264	0.374319	-0.002065	0	-0.003298	-0.212787	0.063522	2.941558E+9
-6647.68	-4.8	-3.043482	0.387434	-0.003481	0	-0.003122	-0.212787	0.063459	2.941559E+9
-6840.75	-5	-3.143126	0.39823	-0.00326	0	-0.003149	-0.212787	0.063489	2.94156E+9
-7022.95	-5.2	-3.244872	0.411014	-0.003136	0	-0.004032	-0.212787	0.063518	2.941561E+9
-7193.84	-5.4	-3.343395	0.424561	-0.003856	0	-0.003594	-0.212787	0.06353	2.941562E+9
-7352.98	-5.6	-3.432	0.435942	-0.003506	0	-0.003462	-0.212787	0.063542	2.941563E+9
-7499.94	-5.8	-3.523317	0.4478	-0.003907	0	-0.004231	-0.212787	0.063592	2.941564E+9
-7634.28	-6	-3.604261	0.459054	-0.004324	0	-0.002898	-0.212787	0.063484	2.941565E+9
-7755.56	-6.2	-3.680423	0.468771	-0.003783	0	-0.004258	-0.212787	0.063561	2.941566E+9
-7863.34	-6.4	-3.751364	0.475948	-0.004802	0	-0.004154	-0.212787	0.063586	2.941567E+9
-7957.2	-6.6	-3.813416	0.48738	-0.004216	0	-0.003942	-0.212787	0.063517	2.941568E+9
-8036.69	-6.8	-3.868968	0.490138	-0.004224	0	-0.004166	-0.212787	0.063517	2.941569E+9
-8101.38	-7	-3.916845	0.499034	-0.004682	0	-0.004224	-0.212787	0.063527	2.94157E+9
-8036.69	-6.8	-3.923782	0.499592	-0.004907	0	-0.003807	-0.212787	0.063537	2.941571E+9
-7957.2	-6.6	-3.924181	0.49954	-0.003948	0	-0.004636	-0.212787	0.063491	2.941572E+9
-7863.34	-6.4	-3.924272	0.499134	-0.004361	0	-0.004189	-0.212787	0.063539	2.941573E+9
-7755.56	-6.2	-3.924188	0.499131	-0.00427	0	-0.003992	-0.212787	0.063526	2.941574E+9
-7634.28	-6	-3.922414	0.499537	-0.004198	0	-0.00457	-0.212787	0.063557	2.941575E+9
-7499.94	-5.8	-3.925877	0.498706	-0.003953	0	-0.003964	-0.212787	0.063651	2.941576E+9
-7352.98	-5.6	-3.926569	0.500034	-0.003656	0	-0.003736	-0.212787	0.063552	2.941577E+9
-7193.84	-5.4	-3.925335	0.498663	-0.003468	0	-0.004398	-0.212787	0.063607	2.941578E+9
-7022.95	-5.2	-3.925763	0.499216	-0.004466	0	-0.004191	-0.212787	0.063573	2.941579E+9
-6840.75	-5	-3.924932	0.497039	-0.00411	0	-0.004016	-0.212787	0.063538	2.94158E+9
-6647.68	-4.8	-3.925078	0.498572	-0.004358	0	-0.00436	-0.212787	0.063593	2.941581E+9
-6444.17	-4.6	-3.924344	0.498351	-0.004478	0	-0.004224	-0.212787	0.063511	2.941582E+9
-6230.67	-4.4	-3.92485	0.498394	-0.003897	0	-0.004033	-0.212787	0.063517	2.941583E+9
-6007.6	-4.2	-3.924282	0.499141	-0.004266	0	-0.004833	-0.212787	0.063521	2.941584E+9
-5775.41	-4	-3.92603	0.499225	-0.004806	0	-0.004459	-0.212787	0.063554	2.941585E+9
-5534.53	-3.8	-3.924886	0.4997	-0.004938	0	-0.004422	-0.212787	0.063596	2.941586E+9
-5285.39	-3.6	-3.920601	0.499245	-0.004224	0	-0.005072	-0.212787	0.063596	2.941587E+9
-5028.44	-3.4	-3.920273	0.500106	-0.004734	0	-0.004294	-0.212787	0.063594	2.941588E+9
-4764.12	-3.2	-3.922313	0.497988	-0.003629	0	-0.004915	-0.212787	0.063552	2.941589E+9
-4492.85	-3	-3.921858	0.498829	-0.004215	0	-0.004686	-0.212787	0.063518	2.94159E+9
-4215.08	-2.8	-3.92152	0.499375	-0.004802	0	-0.004623	-0.212787	0.063563	2.941591E+9
-3931.24	-2.6	-3.924496	0.497978	-0.004329	0	-0.004665	-0.212787	0.063532	2.941592E+9
-3641.77	-2.4	-3.923304	0.501051	-0.004589	0	-0.005483	-0.212787	0.063537	2.941593E+9
-3347.11	-2.2	-3.921049	0.49932	-0.005176	0	-0.004787	-0.212787	0.06365	2.941594E+9
-3047.69	-2	-3.92271	0.497107	-0.004478	0	-0.005012	-0.212787	0.063473	2.941595E+9
-2743.95	-1.8	-3.923467	0.498407	-0.005508	0	-0.004649	-0.212787	0.06347	2.941596E+9
-2436.33	-1.6	-3.922102	0.50097	-0.005349	0	-0.004333	-0.212787	0.063508	2.941597E+9
-2125.26	-1.4	-3.920949	0.500141	-0.005045	0	-0.0045	-0.212787	0.063504	2.941598E+9
-1811.18	-1.2	-3.918307	0.498254	-0.004761	0	-0.004836	-0.212787	0.063514	2.941599E+9
-1494.53	-1	-3.919552	0.499307	-0.005054	0	-0.004646	-0.212787	0.06354	2.9416E+9
-1175.74	-0.8	-3.91603	0.497526	-0.004917	0	-0.004172	-0.212787	0.063483	2.941601E+9
-855.25	-0.6	-3.911111	0.49698	-0.004589	0	-0.00432	-0.212787	0.063516	2.941602E+9
-533.51	-0.4	-3.892174	0.49649	-0.005391	0	-0.004273	-0.212787	0.063544	2.941603E+9
-210.93	-0.2	-3.840352	0.487647	-0.004399	0	-0.004291	-0.212787	0.063548	2.941604E+9
112.03	0	-3.713675	0.471575	-0.004022	0	-0.004436	-0.212787	0.063552	2.941605E+9
434.94	0.2	-3.46684	0.439454	-0.004562	0	-0.003655	-0.212787	0.063497	2.941606E+9
757.37	0.4	-3.094079	0.392428	-0.00389	0	-0.003196	-0.212787	0.063503	2.941607E+9
1078.87	0.6	-2.614282	0.331655	-0.003097	0	-0.00319	-0.212787	0.063438	2.941608E+9
1399.02	0.8	-2.101244	0.266462	-0.002444	0	-0.002178	-0.212787	0.063546	2.941609E+9
1717.37	1	-1.593193	0.201993	-0.001122	0	-0.001663	-0.212787	0.063494	2.94161E+9
2033.48	1.2	-1.121435	0.142582	-0.001053	0	-0.00107	-0.212787	0.063362	2.941611E+9
2346.93	1.4	-0.686453	0.084006	-0.000801	0	-0.000895	-0.212787	0.06337	2.941612E+9
2657.27	1.6	-0.279912	0.033139	-0.000718	0	0.00045	-0.212787	0.0634	2.941613E+9
2964.07	1.8	0.10833	-0.019498	0.000266	0	-0.000215	-0.212787	0.063376	2.941614E+9
3266.89	2	0.489885	-0.066924	0.000372	0	0.000921	-0.212787	0.063472	2.941615E+9
3565.29	2.2	0.867337	-0.116318	0.00128	0	0.002038	-0.212787	0.063373	2.941616E+9
3858.83	2.4	1.238646	-0.163124	0.00161	0	0.002223	-0.212787	0.063292	2.941617E+9
4147.09	2.6	1.607889	-0.210348	0.001843	0	0.002141	-0.212787	0.063517	2.941618E+9
4429.62	2.8	1.966105	-0.256033	0.002791	0	0.00312	-0.212787	0.063371	2.941619E+9
4705.98	3	2.301785	-0.296302	0.004281	0	0.003147	-0.212787	0.063389	2.94162E+9
4975.74	3.2	2.596666	-0.336363	0.0038	0	0.003812	-0.212787	0.063485	2.941621E+9
5238.46	3.4	2.831009	-0.365202	0.00429	0	0.00481	-0.212787	0.063438	2.941622E+9
5493.71	3.6	3.006146	-0.388012	0.004192	0	0.004531	-0.212787	0.063425	2.941623E+9
5741.05	3.8	3.130676	-0.403554	0.004493	0	0.004035	-0.212787	0.063431	2.941624E+9
5980.04	4	3.236152	-0.419396	0.005163	0	0.005315	-0.212787	0.06344	2.941625E+9
6210.24	4.2	3.334698	-0.430416	0.00505	0	0.004609	-0.212787	0.063362	2.941626E+9
6431.22	4.4	3.43381	-0.441393	0.004949	0	0.005128	-0.212787	0.063395	2.941627E+9
6642.54	4.6	3.533067	-0.453398	0.005137	0	0.005578	-0.212787	0.063418	2.941628E+9
6843.76	4.8	3.631802	-0.469541	0.005224	0	0.005089	-0.212787	0.063423	2.941629E+9
7034.46	5	3.729682	-0.479908	0.005726	0	0.005804	-0.212787	0.063409	2.94163E+9
7214.18	5.2	3.820188	-0.489609	0.006028	0	0.005523	-0.212787	0.063379	2.941631E+9
7382.49	5.4	3.906853	-0.50251	0.005535	0	0.004785	-0.212787	0.063395	2.941632E+9
7538.96	5.6	3.986826	-0.513364	0.005935	0	0.006327	-0.212787	0.063396	2.941633E+9
7683.15	5.8	4.064008	-0.523731	0.006448	0	0.005856	-0.212787	0.063383	2.941634E+9
7814.63	6	4.132617	-0.533328	0.006726	0	0.005911	-0.212787	0.06335	2.941635E+9
7932.95	6.2	4.190391	-0.541567	0.006877	0	0.006208	-0.212787	0.063475	2.941636E+9
8037.67	6.4	4.242482	-0.547856	0.007039	0	0.006354	-0.212787	0.063411	2.941637E+9
8128.37	6.6	4.278648	-0.551385	0.005496	0	0.006581	-0.212787	0.063427	2.941638E+9
8204.61	6.8	4.285194	-0.551433	0.006169	0	0.006971	-0.212787	0.063363	2.941639E+9
8265.94	7	4.285903	-0.551391	0.006451	0	0.006155	-0.212787	0.063439	2.94164E+9
